type,start,end,duration
RETRIEVE,1883573,1990375,106802
DELETE,2887194,3557932,670738
ADD,1268480,1816167,547687
ADD,3617905,4207125,589220
ADD,3645679,4321271,675592
DELETE,3677895,4094898,417003
RETRIEVE,2336860,2435010,98150
DELETE,4391545,4714986,323441
RETRIEVE,2136292,2212070,75778
DELETE,2343658,2832692,489034
RETRIEVE,2510689,2627097,116408
RETRIEVE,1316602,1414450,97848
DELETE,2125953,2373212,247259
ADD,1349264,2029998,680734
RETRIEVE,4055030,4150992,95962
DELETE,1397129,1948114,550985
RETRIEVE,2086160,2202268,116108
ADD,2269349,2626401,357052
RETRIEVE,192565,294099,101534
RETRIEVE,2983284,3081592,98308
ADD,362585,848145,485560
ADD,2054531,2486033,431502
ADD,3988215,4459600,471385
ADD,1570513,1888034,317521
DELETE,1395182,1998132,602950
DELETE,3668627,3864617,195990
DELETE,723752,1157329,433577
ADD,1101972,1645546,543574
DELETE,2766938,3059510,292572
DELETE,4001580,4321046,319466
RETRIEVE,4026080,4110654,84574
ADD,3752926,4317678,564752
ADD,2557244,3151170,593926
RETRIEVE,3660066,3774966,114900
ADD,3763060,4120678,357618
RETRIEVE,4777558,4862584,85026
RETRIEVE,178172,208430,30258
RETRIEVE,3098413,3134623,36210
RETRIEVE,1352262,1471716,119454
ADD,3419137,3625234,206097
DELETE,3129491,3583950,454459
ADD,1561010,1737489,176479
DELETE,1638873,2282512,643639
ADD,3420905,3961079,540174
RETRIEVE,2702088,2775310,73222
RETRIEVE,4706061,4795759,89698
ADD,2770387,3081210,310823
DELETE,1665303,2101363,436060
DELETE,1723833,2341115,617282
DELETE,3683598,4085500,401902
DELETE,3770697,4125628,354931
ADD,4155379,4749861,594482
RETRIEVE,3696022,3840122,144100
RETRIEVE,2558259,2682117,123858
DELETE,337421,661501,324080
RETRIEVE,3994409,4097587,103178
ADD,1685339,2256308,570969
DELETE,3017322,3586456,569134
DELETE,334940,757501,422561
RETRIEVE,4623030,4740144,117114
RETRIEVE,496826,594096,97270
ADD,990784,1331716,340932
RETRIEVE,4474974,4563388,88414
RETRIEVE,1442729,1506537,63808
ADD,2233581,2640143,406562
RETRIEVE,2185801,2312669,126868
ADD,2531608,2776811,245203
ADD,832752,1215347,382595
ADD,1712929,2041132,328203
RETRIEVE,3884058,3970718,86660
DELETE,40313,490149,449836
ADD,1012253,1449489,437236
ADD,2771973,3196943,424970
ADD,1681038,2125352,444314
DELETE,1951257,2358476,407219
RETRIEVE,3786704,3824056,37352
RETRIEVE,55030,156158,101128
RETRIEVE,957741,1060733,102992
RETRIEVE,4698766,4757302,58536
RETRIEVE,1978846,2099130,120284
RETRIEVE,2935283,3072255,136972
ADD,3232638,3817930,585292
DELETE,4233581,4574495,340914
RETRIEVE,725700,856020,130320
RETRIEVE,1784205,1864523,80318
ADD,495492,879912,384420
RETRIEVE,4211193,4282057,70864
ADD,1067585,1282094,214509
DELETE,1049450,1558782,509332
ADD,479190,1034882,555692
RETRIEVE,101469,178641,77172
RETRIEVE,1966538,2075040,108502
RETRIEVE,3232687,3322265,89578
RETRIEVE,2957618,3071496,113878
ADD,1836463,2078534,242071
RETRIEVE,3669572,3752870,83298
ADD,947266,1398084,450818
ADD,3688685,4191328,502643
ADD,2560340,2739357,179017
RETRIEVE,618139,705667,87528
RETRIEVE,3752995,3861273,108278
ADD,1088935,1325068,236133
ADD,2234315,2669893,435578
ADD,2094945,2549737,454792
ADD,3346194,3819525,473331
ADD,573673,1019562,445889
ADD,1727411,2114008,386597
ADD,1940969,2429327,488358
ADD,1996456,2228373,231917
DELETE,2108906,2636499,527593
ADD,2338607,2809344,470737
RETRIEVE,4454119,4572661,118542
DELETE,726259,1128012,401753
RETRIEVE,1537440,1671950,134510
RETRIEVE,4558562,4659622,101060
RETRIEVE,4442729,4536549,93820
DELETE,1553128,1824521,271393
DELETE,3685339,4091567,406228
RETRIEVE,2946010,3072756,126746
RETRIEVE,4660218,4752116,91898
ADD,1872757,2292307,419550
RETRIEVE,2338846,2436166,97320
RETRIEVE,2555980,2646016,90036
ADD,2650880,3101930,451050
DELETE,1824686,2465555,640869
RETRIEVE,4040388,4101878,61490
ADD,3747742,4117820,370078
DELETE,1938195,2279748,341553
RETRIEVE,2409581,2488951,79370
RETRIEVE,4302389,4402961,100572
ADD,4249406,4515546,266140
RETRIEVE,1273584,1441750,168166
ADD,294055,700089,406034
ADD,1409780,1834417,424637
DELETE,3628943,4047206,418263
RETRIEVE,1216080,1319224,103144
RETRIEVE,647270,737600,90330
DELETE,3152856,3539295,386439
RETRIEVE,2988997,3105441,116444
DELETE,371455,789088,417633
RETRIEVE,931422,993290,61868
DELETE,682992,1132772,449780
RETRIEVE,2059781,2187017,127236
ADD,3559448,4018335,458887
ADD,4151922,4491159,339237
DELETE,2782698,3100061,317363
RETRIEVE,1237473,1316803,79330
ADD,2840508,3462746,622238
RETRIEVE,685030,742556,57526
DELETE,1348739,2082660,733921
RETRIEVE,3718147,3821297,103150
RETRIEVE,2080527,2129549,49022
RETRIEVE,4526961,4631121,104160
RETRIEVE,3091070,3187672,96602
RETRIEVE,1354806,1493038,138232
ADD,2800560,3289844,489284
DELETE,669212,1079924,410712
ADD,1789195,2218362,429167
DELETE,30530,570129,539599
RETRIEVE,2757136,2846316,89180
ADD,1449796,1655032,205236
ADD,1766938,2228299,461361
ADD,640580,1202970,562390
ADD,3917240,4473478,556238
RETRIEVE,4582433,4670777,88344
RETRIEVE,1224445,1295839,71394
DELETE,3453519,3912379,458860
ADD,2679816,3081616,401800
RETRIEVE,2090372,2180118,89746
ADD,3338906,3719240,380334
RETRIEVE,4244809,4355109,110300
DELETE,453612,957923,504311
RETRIEVE,3366355,3473651,107296
RETRIEVE,3454491,3496647,42156
DELETE,1292584,1581848,289264
RETRIEVE,3220884,3292234,71350
RETRIEVE,3723752,3791870,68118
RETRIEVE,4735916,4818348,82432
ADD,1175517,1695670,520153
DELETE,992015,1469700,477685
RETRIEVE,4608580,4643750,35170
ADD,628943,750270,121327
ADD,2235124,2592269,357145
RETRIEVE,4158453,4246823,88370
ADD,3478968,4051493,572525
RETRIEVE,927586,1006374,78788
RETRIEVE,3426551,3505641,79090
RETRIEVE,3668402,3790620,122218
ADD,3213881,3628540,414659
DELETE,1130114,1665563,535449
ADD,3770725,3978805,208080
ADD,2743449,2998083,254634
DELETE,1336860,1877089,540229
ADD,2205650,2559117,353467
DELETE,1326982,1599348,272366
RETRIEVE,2560385,2651869,91484
ADD,3793600,4043490,249890
DELETE,1574515,2060418,485903
DELETE,3173432,3521896,348464
DELETE,4557319,4869494,312175
RETRIEVE,785459,869251,83792
DELETE,1497774,1825782,328008
RETRIEVE,1871527,1968205,96678
DELETE,2669212,3037030,367818
DELETE,3726028,4056204,330176
DELETE,1306138,1801407,495269
DELETE,1559448,1871429,311981
RETRIEVE,555980,649688,93708
DELETE,1051597,1575614,524017
DELETE,2040496,2672842,632346
RETRIEVE,4479190,4564282,85092
ADD,3230873,3625891,395018
DELETE,652752,1053857,401105
ADD,2792880,3102850,309970
RETRIEVE,2406064,2495342,89278
RETRIEVE,4780596,4876016,95420
RETRIEVE,1785459,1908757,123298
DELETE,2219557,2667216,447659
ADD,3771852,4232175,460323
ADD,2726259,3165589,439330
RETRIEVE,1814131,1886923,72792
DELETE,2939255,3448208,508953
RETRIEVE,3639538,3749998,110460
ADD,4239967,4713529,473562
RETRIEVE,3345800,3447442,101642
RETRIEVE,4028023,4111157,83134
ADD,3392900,3812219,419319
ADD,2569727,2856342,286615
RETRIEVE,3489436,3489436,0
DELETE,2190823,2758549,567726
DELETE,2454119,2852834,398715
RETRIEVE,4608099,4724099,116000
ADD,2591064,2895346,304282
ADD,2710256,3106534,396278
ADD,4474746,4844963,370217
ADD,2179608,2510007,330399
ADD,1202026,1654428,452402
RETRIEVE,2828526,2890252,61726
RETRIEVE,3344067,3424159,80092
ADD,4240322,4698005,457683
ADD,3822670,4230547,407877
DELETE,3622353,4251382,629029
ADD,442729,997707,554978
RETRIEVE,3069220,3168754,99534
RETRIEVE,2669572,2709572,40000
ADD,3893950,4461083,567133
ADD,4181921,4631155,449234
DELETE,2596907,3187952,591045
RETRIEVE,642499,741321,98822
RETRIEVE,3971824,4102634,130810
ADD,3480389,3914744,434355
DELETE,1155206,1368150,212944
ADD,85239,443449,358210
ADD,1023468,1329705,306237
ADD,3632788,3995844,363056
RETRIEVE,1286197,1368781,82584
RETRIEVE,4326982,4357564,30582
ADD,3151922,3370498,218576
DELETE,115351,622451,507100
RETRIEVE,4497055,4595077,98022
ADD,4184335,4544926,360591
ADD,3073972,3528449,454477
DELETE,1055030,1392090,337060
ADD,1082318,1495522,413204
ADD,3528691,3924460,395769
RETRIEVE,2700040,2773652,73612
DELETE,1887281,2356554,469273
DELETE,69761,486940,417179
RETRIEVE,1865608,1924192,58584
RETRIEVE,684130,741596,57466
RETRIEVE,1623030,1718468,95438
RETRIEVE,69220,165146,95926
ADD,3789846,4284828,494982
RETRIEVE,823781,938101,114320
RETRIEVE,3481414,3584880,103466
RETRIEVE,4343889,4397959,54070
DELETE,146314,501560,355246
RETRIEVE,1842891,1911891,69000
DELETE,3986829,4562412,575583
ADD,2117384,2445077,327693
RETRIEVE,59781,169359,109578
DELETE,4231730,4572023,340293
ADD,4338607,4841519,502912
ADD,956928,1357848,400920
RETRIEVE,1888816,1983646,94830
ADD,2240322,2383124,142802
ADD,3557244,4230400,673156
ADD,3445431,4234495,789064
RETRIEVE,3935283,4026341,91058
RETRIEVE,90969,198683,107714
RETRIEVE,3246413,3371825,125412
ADD,4290342,4753417,463075
ADD,4433245,4841400,408155
DELETE,4536563,4890206,353643
RETRIEVE,3752398,3830262,77864
RETRIEVE,2608099,2739939,131840
ADD,2718147,3296277,578130
ADD,2332770,2559823,227053
RETRIEVE,3440478,3479554,39076
ADD,1696796,2318608,621812
DELETE,852696,1067113,214417
ADD,1452454,1938088,485634
RETRIEVE,4324152,4453898,129746
DELETE,4187450,4528568,341118
DELETE,4115351,4586291,470940
DELETE,2391430,2696953,305523
RETRIEVE,3653848,3743396,89548
ADD,3558562,3870070,311508
DELETE,1062288,1577003,514715
RETRIEVE,3368838,3468722,99884
RETRIEVE,3050246,3145626,95380
ADD,3466783,4061682,594899
ADD,4172560,4497909,325349
ADD,4209,459344,455135
ADD,218645,612802,394157
ADD,1125953,1429883,303930
ADD,2612426,3099292,486866
DELETE,1353707,1655034,301327
RETRIEVE,1662506,1758956,96450
DELETE,2867824,3296315,428491
ADD,4368883,4719033,350150
DELETE,2420905,2858595,437690
ADD,245040,426179,181139
RETRIEVE,3537509,3592751,55242
DELETE,91070,608991,517921
ADD,3992832,4595198,602366
ADD,4179608,4628082,448474
DELETE,3248581,3922052,673471
RETRIEVE,4171355,4262747,91392
DELETE,4029366,4562471,533105
RETRIEVE,2044447,2139155,94708
RETRIEVE,1294154,1414894,120740
RETRIEVE,1929131,2022345,93214
DELETE,2065825,2234244,168419
ADD,2850346,3213420,363074
RETRIEVE,2294154,2432026,137872
ADD,618971,1131185,512214
RETRIEVE,1294055,1381121,87066
DELETE,3193572,3666217,472645
ADD,3324152,3812760,488608
ADD,1418772,1915579,496807
DELETE,1338607,2064357,725750
ADD,4048947,4610475,561528
RETRIEVE,2786704,2855520,68816
ADD,2693559,3260859,567300
DELETE,2372638,2835111,462473
DELETE,2876977,3187105,310128
DELETE,3287708,3826900,539192
DELETE,852480,1464694,612214
RETRIEVE,3623561,3677861,54300
RETRIEVE,2380026,2476654,96628
ADD,2455987,2779697,323710
DELETE,2603866,3190974,587108
DELETE,3647330,4036919,389589
DELETE,2073972,2492939,418967
RETRIEVE,2401250,2502916,101666
RETRIEVE,2820435,2914431,93996
DELETE,4192565,4586305,393740
DELETE,1069292,1299792,230500
RETRIEVE,822639,909573,86934
ADD,3785893,4114865,328972
RETRIEVE,530606,661656,131050
RETRIEVE,2476365,2664023,187658
ADD,3957741,4325661,367920
DELETE,4232165,4670087,437922
RETRIEVE,4453612,4524988,71376
ADD,1935283,2287333,352050
DELETE,135287,606070,470783
DELETE,1387488,1558399,170911
DELETE,2474974,3071587,596613
DELETE,1823781,2265890,442109
RETRIEVE,4553128,4616142,63014
RETRIEVE,874783,945019,70236
RETRIEVE,182425,244275,61850
DELETE,4530606,4806455,275849
DELETE,2537509,3074264,536755
ADD,40496,690352,649856
ADD,1287708,1731281,443573
RETRIEVE,44447,164161,119714
DELETE,4090303,4538647,448344
RETRIEVE,3234438,3304378,69940
DELETE,835347,1414135,578788
DELETE,2668627,2951128,282501
ADD,2123538,2666463,542925
ADD,800560,1112911,312351
ADD,4210721,4684867,474146
ADD,1539203,1920028,380825
RETRIEVE,1332698,1401266,68568
DELETE,2937063,3341420,404357
ADD,4349264,4792513,443249
ADD,2582433,3082770,500337
ADD,2218645,2714581,495936
ADD,2225113,2616416,391303
RETRIEVE,2030542,2102236,71694
RETRIEVE,2216080,2280108,64028
RETRIEVE,1479190,1591198,112008
DELETE,2348739,2830334,481595
RETRIEVE,2004403,2088741,84338
RETRIEVE,2457312,2547674,90362
RETRIEVE,23468,113308,89840
ADD,3119847,3559807,439960
DELETE,2872757,3345569,472812
RETRIEVE,354806,481888,127082
RETRIEVE,2230873,2323677,92804
ADD,1750642,2128123,377481
DELETE,220884,562233,341349
RETRIEVE,889131,1000011,110880
ADD,3069292,3610476,541184
RETRIEVE,4557544,4658580,101036
RETRIEVE,2216750,2300188,83438
ADD,2088332,2554038,465706
ADD,246413,793044,546631
DELETE,3652241,4057496,405255
RETRIEVE,2192272,2241676,49404
DELETE,1974865,2361156,386291
ADD,4608160,4862692,254532
RETRIEVE,2255133,2367669,112536
ADD,1377612,1884600,506988
RETRIEVE,1905563,2038711,133148
RETRIEVE,3090303,3195559,105256
RETRIEVE,4368767,4486317,117550
ADD,1668627,2318223,649596
RETRIEVE,4394254,4475012,80758
DELETE,181921,685806,503885
ADD,2885032,3412569,527537
ADD,2785893,3295031,509138
RETRIEVE,4194170,4272540,78370
RETRIEVE,3770181,3895193,125012
RETRIEVE,2091070,2207830,116760
ADD,1789846,2249373,459527
ADD,3575725,4060822,485097
ADD,2553128,2895116,341988
RETRIEVE,3956235,4049137,92902
RETRIEVE,1695260,1790112,94852
DELETE,302152,756296,454144
RETRIEVE,4305930,4412338,106408
ADD,3463367,3921837,458470
RETRIEVE,2866274,2963922,97648
RETRIEVE,2871200,2961698,90498
RETRIEVE,1558786,1681598,122812
RETRIEVE,4453519,4547005,93486
DELETE,1158453,1716313,557860
ADD,701390,1042304,340914
RETRIEVE,3250930,3341654,90724
DELETE,4111496,4596759,485263
RETRIEVE,3508940,3618604,109664
DELETE,520926,884297,363371
DELETE,3487338,3862845,375507
ADD,4071912,4429946,358034
RETRIEVE,4662506,4751994,89488
ADD,1766685,2509973,743288
RETRIEVE,2095066,2195224,100158
ADD,647330,1347936,700606
ADD,2419781,2861937,442156
DELETE,4438780,4812166,373386
RETRIEVE,4418165,4519435,101270
DELETE,1419781,1745510,325729
ADD,674059,1123015,448956
DELETE,558259,1222762,664503
DELETE,3202689,3603720,401031
RETRIEVE,4201761,4304189,102428
ADD,2447104,2687285,240181
DELETE,217713,594388,376675
DELETE,3418772,3804035,385263
ADD,2356360,2806882,450522
DELETE,534819,932033,397214
ADD,4318801,4748079,429278
DELETE,4085239,4656439,571200
ADD,2001580,2324094,322514
ADD,2326982,2542270,215288
RETRIEVE,225113,311831,86718
DELETE,3736338,4104906,368568
RETRIEVE,3181921,3253947,72026
RETRIEVE,497774,608268,110494
ADD,951257,1588087,636830
RETRIEVE,2314363,2379985,65622
RETRIEVE,3321705,3486187,164482
DELETE,3857388,4260207,402819
RETRIEVE,1557544,1628582,71038
RETRIEVE,815108,903376,88268
RETRIEVE,3151573,3211091,59518
ADD,1012345,1257094,244749
DELETE,2194170,2752002,557832
DELETE,2049450,2594756,545306
ADD,3569967,4092724,522757
ADD,2178172,2720495,542323
RETRIEVE,957618,1055074,97456
RETRIEVE,1426551,1537753,111202
RETRIEVE,3423714,3515636,91922
RETRIEVE,4054014,4164866,110852
RETRIEVE,3194299,3285427,91128
RETRIEVE,3544894,3654402,109508
ADD,4592261,4719518,127257
ADD,656856,961277,304421
ADD,2472067,2866048,393981
DELETE,2176751,2380412,203661
DELETE,963467,1346228,382761
DELETE,3326982,3487350,160368
RETRIEVE,523972,659432,135460
ADD,1852696,2116752,264056
DELETE,4062288,4554694,492406
DELETE,986829,1597070,610241
ADD,2033379,2518179,484800
ADD,3222510,3595636,373126
DELETE,3785459,4070601,285142
ADD,3674059,4278343,604284
ADD,807396,1295402,488006
RETRIEVE,2915029,2974099,59070
RETRIEVE,1972704,2085504,112800
RETRIEVE,2528691,2612219,83528
ADD,855768,1271168,415400
ADD,3984232,4198130,213898
RETRIEVE,1083468,1168182,84714
RETRIEVE,3983284,4048240,64956
ADD,729694,1157582,427888
DELETE,2140994,2428943,287949
DELETE,2639916,3138326,498410
DELETE,531608,965574,433966
DELETE,612426,1010835,398409
ADD,1537509,1866342,328833
DELETE,726028,1136184,410156
DELETE,4152856,4442611,289755
DELETE,3913967,4456448,542481
RETRIEVE,2778770,2882004,103234
ADD,1983810,2500239,516429
ADD,3144877,3302095,157218
RETRIEVE,2991418,3059736,68318
DELETE,3716356,4122214,405858
ADD,4371455,4695248,323793
ADD,328661,768603,439942
RETRIEVE,4338846,4470564,131718
ADD,2734114,3265051,530937
ADD,4409581,4668337,258756
ADD,1847911,2270704,422793
RETRIEVE,2155379,2286203,130824
RETRIEVE,3098653,3241051,142398
RETRIEVE,1184335,1248815,64480
ADD,2137258,2402750,265492
RETRIEVE,3085239,3182273,97034
RETRIEVE,1234315,1336203,101888
ADD,1290342,1906253,615911
DELETE,245407,765838,520431
DELETE,463945,878817,414872
RETRIEVE,209322,290888,81566
DELETE,923652,1472386,548734
RETRIEVE,940064,1012582,72518
DELETE,3254258,3674772,420514
ADD,865406,1169040,303634
RETRIEVE,2608160,2696710,88550
RETRIEVE,3352262,3484554,132292
RETRIEVE,2653848,2766074,112226
DELETE,2947078,3422623,475545
DELETE,2892509,3194364,301855
RETRIEVE,685108,746276,61168
ADD,2232165,2274040,41875
RETRIEVE,3467272,3571378,104106
RETRIEVE,521008,651034,130026
ADD,3998362,4380623,382261
ADD,3317878,3697702,379824
DELETE,1481414,2019892,538478
DELETE,885254,1323991,438737
RETRIEVE,3338846,3446262,107416
DELETE,581104,1218295,637191
DELETE,1440478,1879206,438728
RETRIEVE,4040313,4149797,109484
DELETE,1239967,1457728,217761
RETRIEVE,2812565,2901453,88888
ADD,1091070,1605155,514085
DELETE,1940663,2465930,525267
ADD,3771973,4196813,424840
ADD,3850275,4380869,530594
RETRIEVE,3807396,3918594,111198
RETRIEVE,1752926,1869698,116772
ADD,1724203,2348100,623897
RETRIEVE,3348739,3453493,104754
ADD,1457312,1681808,224496
RETRIEVE,1676621,1789667,113046
RETRIEVE,4192272,4288932,96660
RETRIEVE,1004403,1101507,97104
RETRIEVE,1572706,1691332,118626
RETRIEVE,92225,202977,110752
DELETE,899897,1276201,376304
DELETE,1372638,1958106,585468
RETRIEVE,3419838,3494712,74874
DELETE,3612426,4054146,441720
ADD,2238339,2508333,269994
ADD,3511933,3803236,291303
DELETE,1292197,1684482,392285
DELETE,327392,727228,399836
RETRIEVE,2337421,2430009,92588
RETRIEVE,1511480,1581706,70226
ADD,3026080,3469171,443091
ADD,765420,1136981,371561
DELETE,1534467,1894827,360360
ADD,4338906,4818963,480057
RETRIEVE,1211193,1299469,88276
ADD,1640580,1993223,352643
ADD,1958454,2202878,244424
RETRIEVE,2957741,3043585,85844
ADD,3337421,3622035,284614
RETRIEVE,2089776,2177314,87538
RETRIEVE,2645909,2720013,74104
RETRIEVE,2348464,2448516,100052
ADD,2430458,3147287,716829
DELETE,3685030,4209528,524498
ADD,332146,717807,385661
ADD,1507148,1863700,356552
ADD,2786418,3264529,478111
RETRIEVE,497882,604068,106186
ADD,287837,680539,392702
DELETE,2453612,2860174,406562
ADD,1453612,1968800,515188
DELETE,2231730,2678286,446556
ADD,2989124,3448363,459239
RETRIEVE,1979265,2085129,105864
ADD,3852696,4374647,521951
RETRIEVE,2520362,2576100,55738
RETRIEVE,4403856,4533864,130008
RETRIEVE,1053446,1146650,93204
RETRIEVE,1979461,2114249,134788
ADD,173432,592121,418689
RETRIEVE,855776,914900,59124
ADD,210771,753168,542397
ADD,1931422,2439745,508323
RETRIEVE,3684746,3785466,100720
DELETE,3608580,4176464,567884
ADD,1502047,1849946,347899
RETRIEVE,1014863,1121663,106800
RETRIEVE,2247188,2421668,174480
DELETE,4325970,4661251,335281
RETRIEVE,880313,953251,72938
DELETE,2331155,2770707,439552
RETRIEVE,608580,693610,85030
RETRIEVE,218034,289294,71260
DELETE,2075535,2481013,405478
RETRIEVE,2618347,2713661,95314
RETRIEVE,1098653,1168487,69834
ADD,4497882,4886962,389080
RETRIEVE,3974725,4096619,121894
RETRIEVE,4742657,4819569,76912
ADD,3885032,4429440,544408
ADD,3203874,3648763,444889
DELETE,4144877,4762511,617634
RETRIEVE,4442717,4549577,106860
DELETE,4254258,4636695,382437
ADD,343658,905474,561816
RETRIEVE,4292584,4374362,81778
RETRIEVE,1164799,1187411,22612
ADD,1834660,2573631,738971
ADD,239967,485596,245629
ADD,917240,1352688,435448
DELETE,364293,777488,413195
DELETE,2111496,2541145,429649
RETRIEVE,1792880,1850330,57450
RETRIEVE,1657407,1738545,81138
DELETE,375291,777739,402448
DELETE,2155206,2526646,371440
DELETE,1260841,1542499,281658
ADD,2317878,2684584,366706
RETRIEVE,3418165,3504811,86646
RETRIEVE,1958715,2051983,93268
RETRIEVE,2394635,2483781,89146
DELETE,1306506,1816746,510240
RETRIEVE,4647270,4734430,87160
ADD,3238339,3711040,472701
DELETE,453519,886642,433123
RETRIEVE,2574515,2682731,108216
DELETE,1213881,1752118,538237
DELETE,4232638,4741489,508851
ADD,1571501,1915611,344110
ADD,628629,1108815,480186
RETRIEVE,3422546,3500052,77506
RETRIEVE,305930,361864,55934
ADD,2708621,3275171,566550
RETRIEVE,292584,332642,40058
ADD,809699,1290200,480501
DELETE,2790905,3431246,640341
DELETE,3859382,4360145,500763
DELETE,640637,1045049,404412
DELETE,1685108,1967266,282158
RETRIEVE,1593556,1666796,73240
ADD,1174069,1640248,466179
RETRIEVE,2632788,2710660,77872
RETRIEVE,2132085,2191971,59886
DELETE,3567514,3778772,211258
RETRIEVE,174069,270353,96284
ADD,3125953,3536063,410110
DELETE,3065825,3915524,849699
ADD,1983284,2482009,498725
ADD,2693962,3069247,375285
RETRIEVE,2438780,2519052,80272
RETRIEVE,3972704,4073074,100370
DELETE,1408733,1743931,335198
ADD,1741049,2196870,455821
RETRIEVE,1368883,1457869,88986
RETRIEVE,4372638,4498014,125376
ADD,3712803,4219958,507155
DELETE,4137485,4715411,577926
RETRIEVE,683598,803788,120190
ADD,2618305,3003382,385077
RETRIEVE,1613996,1693596,79600
RETRIEVE,2432720,2497076,64356
DELETE,243200,653236,410036
DELETE,98413,642682,544269
DELETE,1419838,1581985,162147
RETRIEVE,3457312,3546500,89188
ADD,4387998,4894366,506368
ADD,4094840,4436059,341219
ADD,360715,910468,549753
DELETE,2300968,2766646,465678
ADD,3853326,4397854,544528
DELETE,3520362,4055431,535069
RETRIEVE,4085490,4181690,96200
RETRIEVE,4135422,4233404,97982
DELETE,4088305,4537076,448771
DELETE,2095175,2653516,558341
ADD,1190823,1795524,604701
ADD,3066760,3439386,372626
RETRIEVE,1917240,2061950,144710
RETRIEVE,2668402,2722402,54000
ADD,3667312,3846885,179573
ADD,3217713,3980679,762966
ADD,3364293,3594821,230528
ADD,4041964,4424484,382520
RETRIEVE,2265417,2339905,74488
RETRIEVE,2478322,2526814,48492
RETRIEVE,3840508,3938070,97562
DELETE,3974865,4120326,145461
RETRIEVE,230873,264029,33156
DELETE,2497882,2960420,462538
ADD,1401771,1824935,423164
ADD,4294154,4783994,489840
ADD,693962,1126075,432113
DELETE,2494646,2806219,311573
ADD,3401771,4029040,627269
DELETE,750642,977631,226989
ADD,3498305,3860462,362157
DELETE,4353707,4770080,416373
RETRIEVE,171537,196033,24496
DELETE,2979265,3389060,409795
DELETE,1222510,1445570,223060
RETRIEVE,2349264,2456014,106750
ADD,3047992,3140303,92311
RETRIEVE,3596907,3698025,101118
RETRIEVE,2665991,2769657,103666
RETRIEVE,921629,985119,63490
RETRIEVE,2278083,2375279,97196
RETRIEVE,2426551,2515265,88714
DELETE,4075492,4509745,434253
RETRIEVE,3233426,3296252,62826
RETRIEVE,2479208,2512376,33168
DELETE,4239056,4615063,376007
RETRIEVE,316602,398376,81774
DELETE,3711280,4250453,539173
ADD,3463945,3884737,420792
RETRIEVE,1966310,2067378,101068
ADD,2511480,2645129,133649
DELETE,479208,849055,369847
RETRIEVE,1558562,1645974,87412
RETRIEVE,4710071,4789267,79196
RETRIEVE,4205168,4311820,106652
RETRIEVE,2090303,2202673,112370
RETRIEVE,1818101,1877193,59092
RETRIEVE,557627,671685,114058
RETRIEVE,696796,834086,137290
DELETE,1367359,2149919,782560
DELETE,4123538,4498258,374720
RETRIEVE,2193572,2266776,73204
ADD,786418,1032223,245805
ADD,3572970,3929967,356997
ADD,3190823,3709272,518449
DELETE,1656856,2112593,455737
ADD,2129491,2598440,468949
DELETE,4094945,4497634,402689
ADD,2624441,3106082,481641
DELETE,3593556,3815875,222319
RETRIEVE,1688909,1738019,49110
ADD,1684130,2101096,416966
DELETE,1521008,1914451,393443
RETRIEVE,2951257,3044045,92788
RETRIEVE,2121552,2217560,96008
ADD,1591064,1965209,374145
RETRIEVE,867776,992934,125158
RETRIEVE,2423714,2508480,84766
ADD,3140994,3243209,102215
RETRIEVE,927827,1054769,126942
ADD,2306506,2657601,351095
DELETE,3754973,4101362,346389
DELETE,238523,304708,66185
RETRIEVE,1520926,1547704,26778
RETRIEVE,1647330,1724482,77152
RETRIEVE,239056,311028,71972
RETRIEVE,892509,955871,63362
DELETE,1121175,1643163,521988
ADD,2841241,3080755,239514
RETRIEVE,4343810,4393872,50062
DELETE,2859382,3407699,548317
RETRIEVE,502047,594425,92378
RETRIEVE,2558310,2640588,82278
RETRIEVE,4478968,4568084,89116
RETRIEVE,3188298,3319426,131128
RETRIEVE,4509005,4565243,56238
ADD,2239967,2852997,613030
ADD,4086160,4809539,723379
DELETE,2696765,3185993,489228
DELETE,992832,1749211,756379
ADD,2668387,2946330,277943
RETRIEVE,3337065,3420709,83644
RETRIEVE,2632401,2741315,108914
RETRIEVE,3334256,3390236,55980
RETRIEVE,3950506,4034596,84090
RETRIEVE,1028023,1104115,76092
RETRIEVE,1267984,1296898,28914
DELETE,1799295,2306580,507285
DELETE,2789846,3239645,449799
RETRIEVE,645909,742389,96480
RETRIEVE,3290271,3410829,120558
DELETE,3210771,3675578,464807
RETRIEVE,2518828,2603766,84938
ADD,4089776,4512449,422673
DELETE,639916,1090484,450568
ADD,778770,1167600,388830
DELETE,3988997,4268524,279527
DELETE,1782698,2248478,465780
DELETE,2772246,3318998,546752
DELETE,4025947,4538559,512612
DELETE,2211193,2547854,336661
RETRIEVE,2754973,2807921,52948
RETRIEVE,789195,900845,111650
ADD,978846,1291976,313130
RETRIEVE,4677690,4766636,88946
ADD,2171355,2772915,601560
RETRIEVE,2855776,2960828,105052
DELETE,699473,1061713,362240
ADD,1427080,1988608,561528
RETRIEVE,3511480,3591418,79938
RETRIEVE,3231730,3260742,29012
RETRIEVE,1992864,2050688,57824
ADD,25947,495683,469736
RETRIEVE,28023,47573,19550
ADD,1479208,1987355,508147
DELETE,1117384,1582729,465345
RETRIEVE,4314363,4391245,76882
ADD,3786418,4216039,429621
ADD,935283,1339566,404283
ADD,2332146,2587595,255449
RETRIEVE,2495492,2611118,115626
RETRIEVE,4004209,4135435,131226
RETRIEVE,3815108,3865450,50342
RETRIEVE,1297786,1429976,132190
DELETE,814131,1117802,303671
RETRIEVE,4173432,4258276,84844
RETRIEVE,531837,610271,78434
DELETE,317878,897064,579186
RETRIEVE,1887836,2011122,123286
DELETE,2763060,3197925,434865
RETRIEVE,3824686,3976298,151612
DELETE,1059997,1397983,337986
ADD,3558310,3752854,194544
RETRIEVE,4455987,4516995,61008
ADD,1476740,1828984,352244
ADD,3702088,4171889,469801
DELETE,3265417,3612482,347065
DELETE,3307284,3705767,398483
RETRIEVE,889091,963331,74240
ADD,1305930,1863058,557128
DELETE,4330227,4767510,437283
DELETE,3208361,3789984,581623
DELETE,3582433,4121717,539284
RETRIEVE,4618971,4721745,102774
DELETE,537231,1091098,553867
ADD,1733298,2272091,538793
ADD,1113180,1462422,349242
RETRIEVE,2376799,2448067,71268
RETRIEVE,1665023,1757673,92650
RETRIEVE,2959787,3038595,78808
DELETE,359822,873657,513835
DELETE,4276085,4698137,422052
RETRIEVE,1014179,1124743,110564
RETRIEVE,3638997,3727755,88758
RETRIEVE,4511933,4577879,65946
DELETE,3188138,3482285,294147
RETRIEVE,1497882,1601714,103832
RETRIEVE,3979265,4078363,99098
ADD,3151893,3564486,412593
RETRIEVE,1660066,1777022,116956
RETRIEVE,4770725,4849301,78576
ADD,3835347,4432794,597447
RETRIEVE,1017322,1077052,59730
RETRIEVE,1155379,1271883,116504
DELETE,3108906,3755769,646863
RETRIEVE,4743449,4842097,98648
DELETE,4154229,4537166,382937
RETRIEVE,2711280,2810656,99376
ADD,231730,770069,538339
ADD,713694,1402118,688424
DELETE,3509005,3750326,241321
DELETE,1529036,1934023,404987
DELETE,2912016,3405080,493064
RETRIEVE,833100,934276,101176
RETRIEVE,1484488,1589332,104844
ADD,294842,592296,297454
ADD,2151922,2535480,383558
ADD,1726028,2162718,436690
RETRIEVE,2463149,2600565,137416
ADD,3872757,4397663,524906
ADD,3225100,3545243,320143
ADD,1423714,2012971,589257
RETRIEVE,1947385,2073865,126480
DELETE,1581104,2288205,707101
ADD,4297786,4606450,308664
DELETE,4192811,4725897,533086
DELETE,3497336,3920592,423256
ADD,3606602,3955048,348446
ADD,2382928,2631688,248760
RETRIEVE,4537509,4647597,110088
RETRIEVE,827223,898061,70838
RETRIEVE,1841241,1895599,54358
DELETE,732710,1308978,576268
ADD,336860,806883,470023
DELETE,1923652,2406886,483234
RETRIEVE,2420691,2490809,70118
RETRIEVE,3220705,3342603,121898
DELETE,1820435,2325654,505219
RETRIEVE,4571501,4656605,85104
DELETE,3146314,3474924,328610
ADD,1067442,1380257,312815
DELETE,1928646,2397391,468745
ADD,1035638,1575803,540165
RETRIEVE,264427,331549,67122
ADD,3845394,4157782,312388
RETRIEVE,1793656,1892302,98646
RETRIEVE,4557244,4703324,146080
RETRIEVE,972704,1064226,91522
ADD,3023468,3401736,378268
DELETE,4334256,4702083,367827
RETRIEVE,983284,1113700,130416
DELETE,2194299,2525911,331612
ADD,3581828,3983832,402004
DELETE,936712,1356364,419652
RETRIEVE,3476459,3512027,35568
RETRIEVE,2893950,3006298,112348
RETRIEVE,1947266,2033888,86622
RETRIEVE,667312,732618,65306
ADD,1992914,2235411,242497
RETRIEVE,1263378,1323206,59828
DELETE,4080782,4539632,458850
DELETE,1414571,1846221,431650
RETRIEVE,3931886,4054506,122620
DELETE,2623030,2824532,201502
RETRIEVE,3666804,3763694,96890
RETRIEVE,3526505,3602495,75990
RETRIEVE,294154,402152,107998
RETRIEVE,2880594,2991396,110802
DELETE,390379,836407,446028
DELETE,2808868,3258000,449132
ADD,2213881,2533950,320069
DELETE,1742657,2162800,420143
ADD,3276085,3612246,336161
DELETE,673610,917099,243489
DELETE,974725,1526322,551597
DELETE,3090372,3354956,264584
ADD,1915029,2249643,334614
DELETE,2175517,2559019,383502
ADD,3085490,3385631,300141
RETRIEVE,2949514,3047548,98034
DELETE,1080782,1413274,332492
DELETE,1475922,2033189,557267
ADD,2030530,2487426,456896
ADD,2673610,2906593,232983
ADD,2034567,2462808,428241
DELETE,2453755,2846281,392526
RETRIEVE,281639,377763,96124
DELETE,1334940,1770018,435078
RETRIEVE,2232687,2402637,169950
RETRIEVE,144877,234329,89452
RETRIEVE,1770697,1877083,106386
ADD,2085239,2440763,355524
RETRIEVE,1639916,1733932,94016
RETRIEVE,4137258,4169438,32180
ADD,2613996,2962646,348650
RETRIEVE,2701414,2786208,84794
RETRIEVE,1770387,1858057,87670
ADD,3261066,4135233,874167
RETRIEVE,403856,504168,100312
ADD,1669212,2064388,395176
RETRIEVE,59144,137654,78510
RETRIEVE,3830607,3919465,88858
ADD,4366355,4809669,443314
DELETE,1264427,1609417,344990
ADD,2366355,2895337,528982
DELETE,4176751,4584369,407618
DELETE,2681062,2994127,313065
RETRIEVE,4659908,4749566,89658
DELETE,4022059,4478621,456562
ADD,4209951,4609537,399586
RETRIEVE,377612,482910,105298
DELETE,4432720,4749064,316344
DELETE,1363551,1798175,434624
DELETE,3419781,4026557,606776
RETRIEVE,1098413,1209311,110898
DELETE,2151573,2459172,307599
RETRIEVE,1706061,1810875,104814
RETRIEVE,3646944,3747712,100768
DELETE,633008,1081575,448567
DELETE,2855768,3280247,424479
ADD,952643,1414060,461417
ADD,3708621,4297906,589285
ADD,2497774,2965351,467577
ADD,2793600,3102375,308775
RETRIEVE,1980104,2035238,55134
RETRIEVE,2735916,2828074,92158
DELETE,1558310,1913676,355366
RETRIEVE,871200,935558,64358
RETRIEVE,1245407,1346321,100914
ADD,979461,1388737,409276
DELETE,4264427,4727817,463390
DELETE,3688909,4113388,424479
ADD,987386,1516090,528704
ADD,1913967,2605809,691842
DELETE,991418,1427941,436523
RETRIEVE,2100097,2198171,98074
DELETE,2478600,3001051,522451
DELETE,2771967,3386525,614558
RETRIEVE,3817254,3932072,114818
RETRIEVE,3867824,3943174,75350
DELETE,3628214,3996523,368309
ADD,1593714,1807853,214139
RETRIEVE,1140994,1220160,79166
DELETE,2505569,2848641,343072
RETRIEVE,2729694,2871200,141506
ADD,4038953,4549944,510991
RETRIEVE,67585,140493,72908
RETRIEVE,2387488,2416350,28862
ADD,3570513,3899337,328824
ADD,2940663,3377167,436504
ADD,4281639,4758203,476564
ADD,1547293,1984798,437505
RETRIEVE,1056048,1145502,89454
ADD,2937249,3099637,162388
ADD,1624441,2163281,538840
ADD,516715,1046791,530076
ADD,1597461,2265364,667903
RETRIEVE,3871200,3963710,92510
RETRIEVE,3391430,3494866,103436
ADD,3406527,3998767,592240
DELETE,3665023,4116851,451828
DELETE,1993065,2433201,440136
RETRIEVE,4808868,4871174,62306
DELETE,1667641,2142899,475258
ADD,192272,487493,295221
DELETE,292197,773949,481752
DELETE,3618139,4050484,432345
ADD,4080926,4113565,32639
RETRIEVE,2041964,2124608,82644
DELETE,3475300,3858024,382724
RETRIEVE,2344067,2434915,90848
DELETE,4101972,4683160,581188
RETRIEVE,91812,184498,92686
DELETE,2709086,3192348,483262
RETRIEVE,2865406,2975678,110272
RETRIEVE,1420583,1503389,82806
RETRIEVE,248475,328153,79678
ADD,2885254,3352322,467068
RETRIEVE,1480389,1615711,135322
DELETE,2478968,2788299,309331
ADD,3260841,3648151,387310
ADD,3659908,4089742,429834
DELETE,2879213,3326779,447566
DELETE,1596907,2065096,468189
RETRIEVE,4733298,4841628,108330
RETRIEVE,827935,961675,133740
ADD,1913835,2477828,563993
DELETE,4091812,4267818,176006
RETRIEVE,2029366,2121614,92248
DELETE,1069761,1457507,387746
DELETE,4129491,4628401,498910
ADD,803388,1223911,420523
RETRIEVE,2012253,2079359,67106
DELETE,4069292,4574770,505478
ADD,1233072,1636150,403078
DELETE,696765,1175191,478426
ADD,1858771,2268696,409925
RETRIEVE,2958715,3061581,102866
ADD,2640637,3130403,489766
DELETE,1371455,1869401,497946
RETRIEVE,3620339,3749467,129128
DELETE,2248581,2792071,543490
RETRIEVE,55050,226732,171682
RETRIEVE,2974725,3129759,155034
ADD,346194,724212,378018
RETRIEVE,921018,1008702,87684
RETRIEVE,3495492,3595944,100452
ADD,1681454,2086709,405255
ADD,2080782,2394254,313472
DELETE,1532779,1799883,267104
ADD,88935,636113,547178
ADD,1618971,2066065,447094
DELETE,3793656,4230012,436356
ADD,2277539,2702982,425443
ADD,4559448,4776588,217140
RETRIEVE,106893,220489,113596
ADD,1442717,1904828,462111
ADD,1830607,2218019,387412
ADD,449796,955756,505960
RETRIEVE,4059446,4132486,73040
RETRIEVE,2401771,2498807,97036
DELETE,54531,537599,483068
RETRIEVE,1248475,1328827,80352
RETRIEVE,784087,850751,66664
RETRIEVE,4234315,4330663,96348
RETRIEVE,1905304,2019708,114404
DELETE,4097897,4450743,352846
RETRIEVE,1132085,1214541,82456
RETRIEVE,3822639,3919491,96852
RETRIEVE,313105,395629,82524
RETRIEVE,2677690,2772904,95214
RETRIEVE,1463367,1558095,94728
RETRIEVE,2543750,2674626,130876
RETRIEVE,2988215,3099115,110900
ADD,250930,687008,436078
DELETE,1827935,2426697,598762
DELETE,1276085,1626504,350419
RETRIEVE,1653848,1731286,77438
RETRIEVE,3049450,3150268,100818
ADD,1494646,1991212,496566
RETRIEVE,2005934,2094836,88902
RETRIEVE,3240322,3314370,74048
DELETE,3883573,4338718,455145
RETRIEVE,3192811,3292261,99450
DELETE,543750,1006102,462352
ADD,82515,589235,506720
RETRIEVE,3387488,3457350,69862
ADD,530951,919781,388830
RETRIEVE,44241,110633,66392
RETRIEVE,4826758,4853906,27148
ADD,638934,1018388,379454
RETRIEVE,928646,1043600,114954
ADD,2040388,2408780,368392
RETRIEVE,4033379,4129621,96242
RETRIEVE,3382928,3382928,0
RETRIEVE,2467956,2573394,105438
ADD,3218034,3731026,512992
RETRIEVE,1628943,1705669,76726
RETRIEVE,1754973,1836177,81204
RETRIEVE,3135422,3232412,96990
DELETE,4387178,4746213,359035
DELETE,3510689,3997972,487283
ADD,3406064,3706242,300178
DELETE,2302389,2740746,438357
RETRIEVE,2575725,2635003,59278
DELETE,1380026,1602345,222319
ADD,3575523,4079491,503968
RETRIEVE,175133,254913,79780
DELETE,1354113,1768494,414381
ADD,756911,1174219,417308
ADD,4638934,4846810,207876
RETRIEVE,1409581,1506749,97168
DELETE,3283119,3671689,388570
DELETE,1345800,1881101,535301
ADD,2927827,3429136,501309
ADD,4082318,4563894,481576
ADD,441810,1078575,636765
RETRIEVE,535083,626633,91550
ADD,3367359,3690800,323441
ADD,1757136,2305453,548317
ADD,4035079,4452369,417290
ADD,205650,691784,486134
DELETE,2267072,2772977,505905
RETRIEVE,1039678,1159866,120188
ADD,3673610,3981941,308331
RETRIEVE,2645679,2748771,103092
RETRIEVE,4799295,4896217,96922
DELETE,2889131,3251909,362778
ADD,1299459,1867028,567569
DELETE,3664908,3746750,81842
ADD,983810,1477022,493212
DELETE,1111496,1497361,385865
ADD,1853326,2285476,432150
DELETE,3628429,4079405,450976
RETRIEVE,2530951,2556965,26014
ADD,1234438,1563113,328675
RETRIEVE,2622727,2746047,123320
DELETE,2674594,3272356,597762
RETRIEVE,275578,361162,85584
ADD,547293,910951,363658
RETRIEVE,1420691,1510205,89514
ADD,2949750,3380325,430575
ADD,763060,1193552,430492
DELETE,4175517,4650812,475295
RETRIEVE,3421718,3523298,101580
DELETE,283119,703550,420431
DELETE,3231610,3747427,515817
RETRIEVE,1800560,1941024,140464
DELETE,544894,855893,310999
DELETE,497055,1128539,631484
DELETE,17220,562897,545677
RETRIEVE,2338906,2413516,74610
RETRIEVE,2452454,2560730,108276
RETRIEVE,41543,154597,113054
RETRIEVE,4187552,4327634,140082
ADD,650880,969411,318531
ADD,2445431,3022978,577547
DELETE,2537161,3197847,660686
ADD,2188138,2700055,511917
DELETE,3122345,3793333,670988
DELETE,3403487,3704434,300947
RETRIEVE,35638,126456,90818
DELETE,1959787,2382534,422747
RETRIEVE,133358,257102,123744
ADD,2146314,2419208,272894
ADD,1108906,1408232,299326
DELETE,1478583,1840277,361694
ADD,54014,619128,565114
RETRIEVE,1175256,1236736,61480
DELETE,2294842,2815912,521070
RETRIEVE,1192811,1257169,64358
DELETE,2290342,3134381,844039
RETRIEVE,2571196,2664972,93776
ADD,3343658,3886037,542379
DELETE,1394635,1723023,328388
ADD,2197135,2721772,524637
RETRIEVE,2427080,2534920,107840
DELETE,2332698,2745569,412871
RETRIEVE,3651126,3744716,93590
RETRIEVE,3088332,3213266,124934
DELETE,3056428,3567595,511167
ADD,4359822,4774018,414196
DELETE,499537,943231,443694
DELETE,857388,1253703,396315
DELETE,476459,1015150,538691
RETRIEVE,1758764,1817714,58950
DELETE,3803388,4409358,605970
DELETE,1567514,2007122,439608
DELETE,692556,1148683,456127
ADD,3818101,4079720,261619
DELETE,3059997,3557489,497492
ADD,3406660,3829796,423136
ADD,305699,1089371,783672
DELETE,4752398,4897952,145554
RETRIEVE,1519729,1583683,63954
DELETE,1848537,2234022,385485
DELETE,1674059,2347521,673462
RETRIEVE,409581,524671,115090
DELETE,913835,1371861,458026
ADD,1302822,1638557,335735
DELETE,982500,1448336,465836
DELETE,3782698,4127030,344332
DELETE,3179608,3496934,317326
DELETE,3612978,3841847,228869
RETRIEVE,2257338,2349670,92332
DELETE,3268180,3509538,241358
RETRIEVE,3233072,3302596,69524
ADD,1025947,1538114,512167
DELETE,2181389,2728381,546992
ADD,3280987,3693700,412713
DELETE,263333,685246,421913
DELETE,3255715,3641673,385958
RETRIEVE,4082442,4173238,90796
DELETE,508940,1041582,532642
RETRIEVE,1337569,1425393,87824
RETRIEVE,4652752,4729220,76468
ADD,290342,851491,561149
ADD,1208361,1556557,348196
DELETE,1337421,1740481,403060
RETRIEVE,1640637,1723845,83208
ADD,3474862,3999147,524285
RETRIEVE,3305699,3392993,87294
DELETE,1606602,1863682,257080
RETRIEVE,2807396,2900922,93526
ADD,2674059,3304626,630567
DELETE,395182,718438,323256
RETRIEVE,820435,881905,61470
ADD,1002345,1353329,350984
ADD,1940064,2428227,488163
RETRIEVE,14179,58591,44412
RETRIEVE,606602,668770,62168
RETRIEVE,398856,535112,136256
ADD,3409949,3992563,582614
RETRIEVE,2442717,2545933,103216
RETRIEVE,3949514,4006142,56628
ADD,257338,752561,495223
RETRIEVE,3032711,3129345,96634
ADD,3536292,4212440,676148
DELETE,1277539,1737047,459508
RETRIEVE,2202026,2337506,135480
ADD,3019887,3558402,538515
ADD,1292039,1819094,527055
DELETE,2502047,2948325,446278
DELETE,2050246,2467202,416956
DELETE,1956235,2400068,443833
ADD,729330,1216882,487552
DELETE,596907,1140027,543120
ADD,2509371,3019009,509638
ADD,2012344,2550183,537839
RETRIEVE,409949,507299,97350
DELETE,9874,487698,477824
RETRIEVE,569727,649167,79440
DELETE,937063,1430590,493527
RETRIEVE,4555980,4621962,65982
ADD,4463945,4854674,390729
DELETE,391430,843174,451744
RETRIEVE,2255715,2342885,87170
RETRIEVE,2905304,3019924,114620
RETRIEVE,1209322,1296934,87612
ADD,1313105,1780821,467716
DELETE,1770725,2045629,274904
DELETE,1321705,1480174,158469
DELETE,1192565,1760421,567856
ADD,4014863,4586360,571497
ADD,2723833,3228718,504885
ADD,3088935,3858756,769821
ADD,90303,462169,371866
ADD,664519,1119154,454635
DELETE,850275,1264591,414316
ADD,1940340,2404851,464511
ADD,4220884,4445825,224941
DELETE,4012877,4428490,415613
RETRIEVE,1531608,1609046,77438
DELETE,338906,688297,349391
ADD,558943,1039055,480112
DELETE,1433245,1979181,545936
RETRIEVE,1974925,2030759,55834
DELETE,1726259,2102683,376424
RETRIEVE,1608160,1716072,107912
RETRIEVE,1696022,1799378,103356
ADD,1693559,2123625,430066
RETRIEVE,3777612,3893746,116134
RETRIEVE,4336860,4438116,101256
ADD,63717,335110,271393
DELETE,1557319,1902985,345666
DELETE,1392900,1661004,268104
ADD,1776142,2083731,307589
RETRIEVE,4441810,4553100,111290
RETRIEVE,2608580,2649162,40582
DELETE,10562,462306,451744
DELETE,2268480,2703632,435152
ADD,4391430,4788153,396723
ADD,3121175,3948084,826909
ADD,387488,699876,312388
ADD,2652752,2999984,347232
RETRIEVE,2508940,2613880,104940
ADD,2353707,2824675,470968
RETRIEVE,4354113,4472217,118104
RETRIEVE,4224296,4296892,72596
ADD,3053446,3434290,380844
RETRIEVE,3122232,3223526,101294
ADD,213881,571295,357414
DELETE,2250930,2676975,426045
RETRIEVE,2108455,2225447,116992
ADD,2836291,3179308,343017
RETRIEVE,4307284,4391972,84688
DELETE,3171537,3777905,606368
RETRIEVE,3709086,3821558,112472
RETRIEVE,949072,1056738,107666
DELETE,623030,984372,361342
DELETE,3555980,3942530,386550
DELETE,237473,494895,257422
ADD,1459222,1964006,504784
ADD,3892509,4129744,237235
ADD,4135287,4598075,462788
DELETE,192811,644444,451633
RETRIEVE,1650880,1719366,68486
RETRIEVE,1026080,1129216,103136
RETRIEVE,629706,728220,98514
ADD,1152668,1663344,510676
RETRIEVE,1125255,1206189,80934
DELETE,1900859,2231693,330834
RETRIEVE,884058,987580,103522
ADD,2899897,3452161,552264
RETRIEVE,3622815,3651763,28948
ADD,2650740,2880619,229879
ADD,3608099,3873739,265640
DELETE,2403487,2727271,323784
DELETE,332698,883785,551087
ADD,2474746,2930048,455302
RETRIEVE,3197135,3307737,110602
RETRIEVE,847911,977801,129890
RETRIEVE,959787,1034985,75198
RETRIEVE,255133,332419,77286
RETRIEVE,836463,896889,60426
ADD,4136292,4447411,311119
DELETE,1090969,1692761,601792
ADD,1660228,1852706,192478
RETRIEVE,3952547,4048897,96350
RETRIEVE,4665991,4750369,84378
RETRIEVE,4520773,4592477,71704
DELETE,387998,927505,539507
DELETE,663709,1283918,620209
ADD,2947385,3123502,176117
DELETE,3713694,4222628,508934
DELETE,3789195,4249528,460333
DELETE,621395,783282,161887
ADD,3325970,3804850,478880
RETRIEVE,4059997,4161249,101252
ADD,4059144,4690174,631030
DELETE,1193572,1536218,342646
ADD,2273584,3012193,738609
RETRIEVE,406660,509470,102810
RETRIEVE,1082442,1141944,59502
RETRIEVE,337569,446347,108778
ADD,3921018,4301630,380612
RETRIEVE,3286197,3348257,62060
ADD,822893,1217865,394972
RETRIEVE,3889131,3976219,87088
ADD,4004836,4331797,326961
ADD,2088305,2478635,390330
RETRIEVE,3940969,4056231,115262
RETRIEVE,4030530,4079422,48892
RETRIEVE,2266573,2344569,77996
RETRIEVE,4352262,4424778,72516
DELETE,1528118,1887783,359665
RETRIEVE,2408733,2493209,84476
ADD,4368838,4726372,357534
RETRIEVE,4353827,4393341,39514
ADD,2887836,3215140,327304
ADD,2968330,3278078,309748
ADD,2818101,3099435,281334
RETRIEVE,4701390,4777064,75674
DELETE,2469104,2996604,527500
RETRIEVE,4263378,4339156,75778
ADD,1575725,2018464,442739
RETRIEVE,3668387,3744461,76074
RETRIEVE,4494646,4574490,79844
RETRIEVE,2902750,2949454,46704
RETRIEVE,3441699,3561783,120084
RETRIEVE,4782698,4883244,100546
ADD,1487338,1664975,177637
ADD,559448,790735,231287
ADD,3216080,3477681,261601
RETRIEVE,791047,887359,96312
RETRIEVE,2337065,2389419,52354
DELETE,2655627,3154972,499345
DELETE,4375291,4739199,363908
ADD,3696765,4059774,363009
RETRIEVE,2353827,2428977,75150
DELETE,667641,1126779,459138
RETRIEVE,2616523,2691991,75468
DELETE,71912,421599,349687
ADD,3993185,4381070,387885
DELETE,4181793,4612767,430974
ADD,3478322,3758331,280009
ADD,216080,686974,470894
DELETE,858771,1299028,440257
DELETE,4151573,4442255,290682
RETRIEVE,3632401,3752461,120060
ADD,1390379,1831942,441563
RETRIEVE,2629706,2695198,65492
DELETE,735111,1260777,525666
ADD,822670,1194166,371496
RETRIEVE,2681038,2791722,110684
RETRIEVE,3338607,3468765,130158
RETRIEVE,1784087,1866669,82582
DELETE,3374850,3887128,512278
RETRIEVE,2066760,2100078,33318
DELETE,4260841,4774287,513446
RETRIEVE,1677690,1776462,98772
ADD,2867776,3296897,429121
RETRIEVE,1963467,2076107,112640
ADD,4175133,4564898,389765
DELETE,3137610,3523605,385995
RETRIEVE,2557319,2676653,119334
RETRIEVE,2931422,2988654,57232
DELETE,2992864,3295034,302170
RETRIEVE,4773516,4845504,71988
RETRIEVE,2983810,3126800,142990
RETRIEVE,1708621,1800663,92042
ADD,4344067,4850249,506182
ADD,2172560,2540878,368318
ADD,2493852,2966404,472552
RETRIEVE,2345,120151,117806
ADD,4302152,4531207,229055
ADD,4497336,4859854,362518
ADD,833995,1222028,388033
DELETE,722150,1069373,347223
ADD,1912016,2236708,324692
ADD,2638997,3085127,446130
ADD,3302389,3620781,318392
DELETE,2083468,2460921,377453
ADD,4017694,4575674,557980
RETRIEVE,681454,783734,102280
DELETE,455987,984302,528315
DELETE,1879213,2437721,558508
ADD,2887283,3385174,497891
DELETE,1161877,1682920,521043
ADD,2787903,3366580,578677
ADD,2088935,2331581,242646
ADD,4225100,4505211,280111
RETRIEVE,777558,869770,92212
RETRIEVE,3082515,3104943,22428
RETRIEVE,4366014,4399952,33938
RETRIEVE,3957618,4056068,98450
RETRIEVE,1560340,1638410,78070
RETRIEVE,1423665,1521121,97456
DELETE,2558562,3033338,474776
RETRIEVE,3310715,3365115,54400
RETRIEVE,1231730,1303292,71562
DELETE,2511933,2882595,370662
ADD,1073663,1373628,299965
RETRIEVE,101972,220026,118054
ADD,1832752,2360159,527407
ADD,1255715,1481555,225840
RETRIEVE,1902750,2052094,149344
RETRIEVE,4593556,4700860,107304
RETRIEVE,2665303,2743121,77818
ADD,3432720,3618334,185614
RETRIEVE,3604031,3686499,82468
ADD,4023468,4413002,389534
RETRIEVE,3176154,3226218,50064
DELETE,1274588,1757118,482530
DELETE,799295,1270439,471144
ADD,3953635,4319970,366335
ADD,958715,1460321,501606
ADD,3300968,3845376,544408
RETRIEVE,4394635,4412067,17432
RETRIEVE,1102562,1174666,72104
DELETE,2684746,3204297,519551
DELETE,1536292,1972417,436125
DELETE,2294055,2666088,372033
RETRIEVE,3478600,3561146,82546
DELETE,40388,582618,542230
RETRIEVE,2292197,2369385,77188
ADD,599925,654002,54077
ADD,2981288,3483357,502069
ADD,1086160,1665180,579020
RETRIEVE,102519,197953,95434
ADD,1622815,2001667,378852
ADD,474974,709124,234150
RETRIEVE,528439,629671,101232
DELETE,4238523,4238523,0
DELETE,3941547,4349304,407757
RETRIEVE,998362,1109298,110936
RETRIEVE,2963467,3034035,70568
DELETE,338846,841962,503116
DELETE,617905,994867,376962
ADD,4185801,4584386,398585
DELETE,232687,691139,458452
DELETE,3336860,3935289,598429
ADD,4529036,4857304,328268
RETRIEVE,2589675,2677655,87980
RETRIEVE,4012253,4111477,99224
DELETE,3067442,3488558,421116
ADD,3560340,3795046,234706
DELETE,2017322,2512795,495473
ADD,2055030,2614483,559453
DELETE,1841965,2316852,474887
DELETE,2318801,2901397,582596
DELETE,2990723,3208549,217826
ADD,3243006,3717013,474007
RETRIEVE,518828,644280,125452
ADD,1016741,1316919,300178
ADD,1136292,1523574,387282
RETRIEVE,95175,185349,90174
DELETE,2302822,2510142,207320
RETRIEVE,3531837,3612385,80548
RETRIEVE,3546883,3641143,94260
DELETE,2201761,2441423,239662
RETRIEVE,4119847,4235383,115536
RETRIEVE,1557627,1668511,110884
RETRIEVE,3535083,3649343,114260
DELETE,3394635,3862805,468170
ADD,1693962,2172258,478296
RETRIEVE,2144980,2189052,44072
ADD,2784205,3107655,323450
RETRIEVE,1535083,1684509,149426
RETRIEVE,431934,521098,89164
RETRIEVE,4209322,4304404,95082
RETRIEVE,326982,382892,55910
ADD,4331155,4885744,554589
ADD,1364293,1824552,460259
DELETE,132699,559040,426341
DELETE,1067990,1677981,609991
ADD,3423665,4114127,690462
ADD,3035638,3290262,254624
DELETE,2309998,2772869,462871
ADD,137258,412700,275442
RETRIEVE,487338,612866,125528
RETRIEVE,2286197,2342531,56334
DELETE,3755954,3846662,90708
RETRIEVE,4224445,4314599,90154
RETRIEVE,2729330,2803508,74178
DELETE,931886,1582353,650467
DELETE,2535083,3069429,534346
ADD,420905,774131,353226
DELETE,137485,558675,421190
ADD,332770,696836,364066
ADD,953635,1347282,393647
RETRIEVE,3750642,3838838,88196
RETRIEVE,268480,399246,130766
RETRIEVE,12344,107148,94804
ADD,3836291,4321527,485236
RETRIEVE,1732710,1833372,100662
ADD,3294842,3728734,433892
ADD,1546780,1986490,439710
DELETE,1953635,2393929,440294
ADD,1135422,1593355,457933
RETRIEVE,3164799,3249089,84290
ADD,2741049,3176747,435698
RETRIEVE,3230632,3350312,119680
RETRIEVE,4531837,4586155,54318
RETRIEVE,4618305,4676167,57862
ADD,2695260,3246079,550819
DELETE,4090372,4480823,390451
RETRIEVE,1044241,1124087,79846
ADD,701414,1159532,458118
ADD,2827935,3399098,571163
DELETE,512870,869644,356774
RETRIEVE,1982500,2087590,105090
ADD,4327392,4718565,391173
DELETE,1697729,2212917,515188
ADD,733298,1311299,578001
RETRIEVE,4362585,4416203,53618
RETRIEVE,2482903,2577021,94118
ADD,3493852,3906232,412380
DELETE,4560340,4893712,333372
RETRIEVE,1330227,1436707,106480
ADD,2394254,2606123,211869
ADD,575523,1067234,491711
DELETE,747742,1081077,333335
ADD,2900859,3438837,537978
DELETE,1642499,2140955,498456
DELETE,1984232,2401568,417336
RETRIEVE,3253780,3358656,104876
RETRIEVE,2747813,2821815,74002
ADD,2435737,2901184,465447
DELETE,4525518,4831366,305848
RETRIEVE,2040313,2111891,71578
RETRIEVE,2009874,2059012,49138
RETRIEVE,3071666,3164028,92362
DELETE,708621,1320150,611529
RETRIEVE,4017220,4152654,135434
RETRIEVE,3248459,3336975,88516
ADD,3294055,3606592,312537
RETRIEVE,3802422,3880146,77724
ADD,2327392,2869947,542555
ADD,3219575,3632520,412945
DELETE,2992015,3441064,449049
RETRIEVE,4337065,4429413,92348
DELETE,343889,869990,526101
DELETE,638873,968178,329305
DELETE,2239056,2694571,455515
DELETE,3174069,3640294,466225
RETRIEVE,4752926,4851712,98786
RETRIEVE,1558943,1658207,99264
DELETE,2519561,3083934,564373
RETRIEVE,3309998,3388102,78104
RETRIEVE,2982500,3057966,75466
DELETE,4041543,4322580,281037
DELETE,474746,848725,373979
ADD,952547,1523025,570478
DELETE,3628629,4204508,575879
RETRIEVE,747813,830135,82322
DELETE,136292,462438,326146
DELETE,422716,715844,293128
DELETE,3550130,4070218,520088
RETRIEVE,3664519,3749965,85446
DELETE,1181921,1549785,367864
DELETE,2475300,3061907,586607
RETRIEVE,1478525,1576847,98322
DELETE,2532779,2983727,450948
ADD,1122232,1743572,621340
RETRIEVE,3871527,3940087,68560
DELETE,4452454,4774524,322070
RETRIEVE,1523972,1613124,89152
DELETE,940340,1428651,488311
ADD,2852480,3399056,546576
DELETE,3172560,3684171,511611
RETRIEVE,509005,585601,76596
DELETE,1525518,1965385,439867
DELETE,3983783,4416637,432854
RETRIEVE,1346194,1394748,48554
RETRIEVE,1622353,1723095,100742
RETRIEVE,2354539,2417835,63296
RETRIEVE,4287708,4390516,102808
ADD,845394,1127515,282121
RETRIEVE,529036,609170,80134
ADD,571196,1014065,442869
DELETE,966310,1363755,397445
DELETE,1887283,2321184,433901
ADD,1366014,1751805,385791
DELETE,1758123,2217900,459777
RETRIEVE,571501,652515,81014
ADD,172560,604997,432437
RETRIEVE,2823781,2909067,85286
DELETE,1817254,2298784,481530
RETRIEVE,3723833,3823923,100090
RETRIEVE,1176751,1279885,103134
RETRIEVE,1294842,1403054,108212
ADD,1176154,1404504,228350
RETRIEVE,4030542,4078038,47496
ADD,4423665,4725334,301669
ADD,1991418,2188964,197546
ADD,2664519,3018894,354375
RETRIEVE,1949072,2045542,96470
ADD,2646944,3140703,493759
RETRIEVE,3254666,3429054,174388
RETRIEVE,4632788,4692694,59906
RETRIEVE,2377612,2482542,104930
ADD,2091891,2613897,522006
DELETE,2688909,3037929,349020
ADD,1300968,1678235,377267
DELETE,3724203,4237714,513511
DELETE,3332698,3735035,402337
RETRIEVE,2710071,2798273,88202
ADD,3181793,3446053,264260
RETRIEVE,618347,718145,99798
DELETE,785893,1244530,458637
ADD,94840,376850,282010
RETRIEVE,3558943,3677645,118702
ADD,3531608,4078573,546965
DELETE,2899725,3461485,561760
RETRIEVE,570513,630003,59490
DELETE,2497055,3056869,559814
RETRIEVE,2927586,2950298,22712
RETRIEVE,4684746,4788608,103862
DELETE,1629706,2095505,465799
DELETE,1555980,1904796,348816
RETRIEVE,3640580,3728970,88390
RETRIEVE,4255133,4316631,61498
RETRIEVE,4558310,4586740,28430
ADD,1893950,2571080,677130
RETRIEVE,381709,508571,126862
ADD,1152247,1344392,192145
DELETE,2802422,3295708,493286
RETRIEVE,1261066,1375412,114346
ADD,840508,1414330,573822
ADD,3354806,4003457,648651
ADD,926010,1332461,406451
DELETE,2984232,3409702,425470
RETRIEVE,4287516,4371644,84128
ADD,4050246,4421362,371116
ADD,232638,829659,597021
ADD,1887194,2347425,460231
DELETE,2409949,2770670,360721
RETRIEVE,1030542,1108962,78420
RETRIEVE,1516715,1619617,102902
RETRIEVE,4484488,4654098,169610
RETRIEVE,3929131,4003403,74272
ADD,2834660,3634637,799977
DELETE,179608,645499,465891
DELETE,1638997,1876454,237457
DELETE,3082442,3470475,388033
RETRIEVE,4509371,4612121,102750
RETRIEVE,280987,357381,76394
DELETE,3431934,3523170,91236
RETRIEVE,775572,874936,99364
RETRIEVE,3518828,3645814,126986
ADD,3161877,3430213,268336
RETRIEVE,998733,1080223,81490
RETRIEVE,4685108,4733776,48668
RETRIEVE,1508940,1556186,47246
DELETE,3650740,4255070,604330
RETRIEVE,528118,593726,65608
ADD,2056048,2468965,412917
DELETE,828526,1380873,552347
RETRIEVE,2463945,2557867,93922
RETRIEVE,2026080,2101420,75340
RETRIEVE,4245407,4384519,139112
ADD,1085490,1746750,661260
DELETE,2662827,3040530,377703
DELETE,3075535,3611169,535634
RETRIEVE,420691,525165,104474
ADD,560340,688143,127803
DELETE,414571,755698,341127
ADD,3699473,4122655,423182
ADD,4292197,4679442,387245
RETRIEVE,2343810,2469032,125222
ADD,3902750,4307755,405005
RETRIEVE,4397129,4500253,103124
RETRIEVE,1812737,1890195,77458
RETRIEVE,550130,550130,0
ADD,234438,639388,404950
RETRIEVE,776142,872006,95864
RETRIEVE,3874783,3962211,87428
ADD,3665991,4133013,467022
RETRIEVE,261066,423116,162050
ADD,4480389,4828094,347705
RETRIEVE,3602460,3685662,83202
RETRIEVE,3318801,3426265,107464
RETRIEVE,1287516,1373794,86278
RETRIEVE,3836463,3969813,133350
RETRIEVE,4696796,4840078,143282
RETRIEVE,146205,252907,106702
ADD,3915029,4395151,480122
ADD,2765420,3132793,367373
ADD,1942984,2372170,429186
ADD,1889091,2266368,377277
ADD,3012345,3531711,519366
RETRIEVE,940969,940969,0
RETRIEVE,1469104,1578534,109430
RETRIEVE,338607,435423,96816
ADD,1652241,1976896,324655
RETRIEVE,1381709,1515369,133660
ADD,3182425,3493183,310758
RETRIEVE,1710256,1824210,113954
RETRIEVE,2547293,2629003,81710
DELETE,2363130,2807000,443870
RETRIEVE,4051597,4158815,107218
ADD,983600,1481055,497455
RETRIEVE,482903,558697,75794
RETRIEVE,2824686,2916994,92308
RETRIEVE,1660218,1769448,109230
DELETE,2422546,2909653,487107
RETRIEVE,3983600,4094242,110642
DELETE,3855776,4169193,313417
DELETE,3409581,3856388,446807
ADD,729036,1095177,366141
DELETE,1677895,1923060,245165
DELETE,771973,1215342,443369
RETRIEVE,3275578,3412422,136844
RETRIEVE,836291,913473,77182
ADD,4090969,4478307,387338
RETRIEVE,4476740,4568564,91824
ADD,2313105,2910718,597613
RETRIEVE,3561010,3598960,37950
RETRIEVE,1230873,1318069,87196
ADD,698880,1343566,644686
RETRIEVE,1711280,1810180,98900
DELETE,2913967,3406299,492332
DELETE,1056428,1647973,591545
DELETE,3990784,4525538,534754
RETRIEVE,2421718,2489978,68260
RETRIEVE,2845453,2928145,82692
ADD,2567514,3018175,450661
ADD,1729694,2204970,475276
RETRIEVE,2994409,3135355,140946
DELETE,2339671,2856443,516772
ADD,1557244,2073441,516197
RETRIEVE,2059997,2136643,76646
RETRIEVE,1734114,1802318,68204
RETRIEVE,1101557,1154685,53128
ADD,1855776,2288538,432762
RETRIEVE,1144877,1258087,113210
ADD,3014863,3484136,469273
DELETE,2926010,3347914,421904
DELETE,557319,1131308,573989
DELETE,2053446,2312693,259247
ADD,59446,283989,224543
RETRIEVE,4822639,4897523,74884
RETRIEVE,4558259,4640643,82384
DELETE,695260,1174149,478889
RETRIEVE,1418165,1490217,72052
RETRIEVE,1974725,2107053,132328
RETRIEVE,1899897,1985589,85692
RETRIEVE,3025947,3136919,110972
RETRIEVE,2633008,2714116,81108
ADD,2657545,3194819,537274
DELETE,1219557,1683151,463594
RETRIEVE,3041547,3133913,92366
DELETE,3966310,4173686,207376
ADD,86160,798078,711918
RETRIEVE,2381709,2514745,133036
ADD,3101469,3562793,461324
RETRIEVE,426551,480853,54302
RETRIEVE,2203874,2306930,103056
RETRIEVE,3243200,3350406,107206
RETRIEVE,3899725,3972061,72336
RETRIEVE,3422716,3501394,78678
RETRIEVE,3530951,3582617,51666
ADD,1756722,2301593,544871
RETRIEVE,447104,539952,92848
DELETE,4032711,4560878,528167
ADD,1647270,2050978,403708
RETRIEVE,1751831,1847325,95494
ADD,1812565,1987932,175367
ADD,2733491,3243268,509777
DELETE,2622353,3361120,738767
RETRIEVE,710256,792786,82530
DELETE,1133358,1729702,596344
RETRIEVE,2459222,2526516,67294
RETRIEVE,476740,564962,88222
ADD,3806865,4291989,485124
ADD,780596,1513443,732847
DELETE,2004836,2055235,50399
DELETE,2696022,3251186,555164
RETRIEVE,983783,1105035,121252
ADD,1972228,2137117,164889
RETRIEVE,603866,713570,109704
ADD,353707,829761,476054
RETRIEVE,1736338,1858632,122294
RETRIEVE,3342738,3455472,112734
RETRIEVE,3249406,3334614,85208
DELETE,4246413,4841886,595473
ADD,2602460,3106641,504181
RETRIEVE,4683598,4775412,91814
ADD,679816,1240297,560481
RETRIEVE,1085239,1165355,80116
ADD,3040388,3384183,343795
ADD,4337569,4676000,338431
RETRIEVE,1409949,1520283,110334
RETRIEVE,3692556,3761692,69136
RETRIEVE,2113180,2188638,75458
DELETE,4528691,4730795,202104
DELETE,1172560,1696160,523600
RETRIEVE,1656726,1733758,77032
ADD,3363551,3797406,433855
DELETE,3855768,4302028,446260
RETRIEVE,3237473,3367409,129936
DELETE,4337421,4476323,138902
RETRIEVE,467956,581438,113482
RETRIEVE,526505,634903,108398
RETRIEVE,2537440,2617480,80040
DELETE,1175133,1506004,330871
ADD,3056048,3412109,356061
DELETE,3998733,4276824,278091
ADD,1474746,1793990,319244
RETRIEVE,1620940,1684064,63124
ADD,4233072,4699955,466883
RETRIEVE,2753918,2820586,66668
DELETE,1575523,1953189,377666
RETRIEVE,3302822,3396100,93278
RETRIEVE,52829,117111,64282
RETRIEVE,1822639,1904889,82250
DELETE,35470,470418,434948
ADD,2660066,3036991,376925
DELETE,3968330,4225539,257209
RETRIEVE,3650880,3713304,62424
RETRIEVE,2002345,2065607,63262
DELETE,51651,410075,358424
DELETE,102562,639975,537413
ADD,834660,1396068,561408
RETRIEVE,3812737,3933289,120552
RETRIEVE,452454,551784,99330
DELETE,1115351,1555728,440377
RETRIEVE,1558259,1693387,135128
RETRIEVE,1394254,1468606,74352
ADD,1770181,2157704,387523
ADD,1135287,1388855,253568
RETRIEVE,537161,628211,91050
RETRIEVE,2651126,2734016,82890
ADD,4302822,4630580,327758
ADD,67990,550909,482919
DELETE,608160,1028831,420671
RETRIEVE,244809,412017,167208
ADD,2230632,2832266,601634
RETRIEVE,4575523,4645219,69696
ADD,2592261,3180443,588182
RETRIEVE,2307284,2401832,94548
DELETE,1454491,1743135,288644
DELETE,3408733,3899972,491239
RETRIEVE,2047992,2113830,65838
RETRIEVE,2953635,3048057,94422
ADD,3747813,4233289,485476
DELETE,3181389,3655729,474340
DELETE,1790905,2415321,624416
RETRIEVE,2062288,2174224,111936
DELETE,3946010,4405759,459749
RETRIEVE,1360715,1438243,77528
RETRIEVE,2667799,2756789,88990
DELETE,3826758,4105748,278990
RETRIEVE,2135422,2235774,100352
ADD,4294055,4697726,403671
RETRIEVE,1946010,1998774,52764
DELETE,4092225,4470428,378203
RETRIEVE,3092225,3171131,78906
RETRIEVE,4071666,4122112,50446
RETRIEVE,1926010,2022636,96626
ADD,430458,887622,457164
ADD,2403856,2862197,458341
ADD,2617905,3015980,398075
RETRIEVE,3572706,3694338,121632
RETRIEVE,2051597,2157433,105836
RETRIEVE,2832752,2894022,61270
DELETE,3794161,4333853,539692
DELETE,900859,1324995,424136
DELETE,3662827,4040280,377453
RETRIEVE,1406527,1538453,131926
ADD,494646,740210,245564
ADD,2974925,3316876,341951
ADD,1401250,1981669,580419
ADD,3010562,3728011,717449
RETRIEVE,1550130,1656040,105910
DELETE,3009874,3439365,429491
ADD,3841965,4370503,528538
RETRIEVE,1536563,1600143,63580
RETRIEVE,3530606,3666800,136194
DELETE,955854,1352493,396639
RETRIEVE,1827223,1890607,63384
ADD,1033050,1555686,522636
ADD,88332,408215,319883
RETRIEVE,887281,986581,99300
RETRIEVE,711280,806064,94784
ADD,792880,1236518,443638
DELETE,1426722,1926308,499586
ADD,3938680,4415262,476582
RETRIEVE,1035079,1137037,101958
DELETE,981288,1507491,526203
DELETE,2478583,2981477,502894
DELETE,459222,830653,371431
DELETE,1608580,2013076,404496
RETRIEVE,657407,708409,51002
DELETE,4132699,4610180,477481
RETRIEVE,509371,612257,102886
RETRIEVE,2305930,2373984,68054
DELETE,2630485,2928356,297871
DELETE,3939255,4325481,386226
DELETE,3983810,4571279,587469
RETRIEVE,49450,161000,111550
ADD,3094945,3485905,390960
RETRIEVE,4035638,4147196,111558
DELETE,71666,391012,319346
DELETE,622815,894097,271282
RETRIEVE,440478,568182,127704
DELETE,266573,723570,456997
DELETE,1659908,2089742,429834
ADD,3080782,3759728,678946
RETRIEVE,3681062,3761614,80552
DELETE,419781,724221,304440
DELETE,3499537,3992620,493083
DELETE,3958454,4323103,364649
RETRIEVE,1012344,1172582,160238
RETRIEVE,1582433,1685597,103164
RETRIEVE,2748056,2834688,86632
DELETE,3571501,3751463,179962
RETRIEVE,4125953,4224999,99046
ADD,4628943,4891906,262963
RETRIEVE,878772,982872,104100
RETRIEVE,3394254,3469880,75626
DELETE,3106893,3518893,412000
ADD,2823567,3559758,736191
RETRIEVE,2685047,2740847,55800
DELETE,3773516,4201432,427916
RETRIEVE,4208361,4315131,106770
RETRIEVE,90372,170850,80478
ADD,1718147,2212564,494417
ADD,846038,1166709,320671
ADD,569967,1326281,756314
ADD,593714,907863,314149
ADD,823567,1264694,441127
RETRIEVE,3560641,3620717,60076
DELETE,2896783,3316519,419736
DELETE,392900,1069243,676343
DELETE,1489436,2178165,688729
RETRIEVE,4155206,4197980,42774
RETRIEVE,2004209,2096849,92640
RETRIEVE,4733491,4839051,105560
ADD,616523,1026253,409730
RETRIEVE,3812565,3917075,104510
ADD,2996456,3329412,332956
RETRIEVE,1476365,1614937,138572
ADD,993065,1354657,361592
DELETE,1822893,2279381,456488
ADD,3155379,3718223,562844
RETRIEVE,4009874,4106318,96444
RETRIEVE,3542006,3687974,145968
RETRIEVE,3247188,3355078,107890
RETRIEVE,1687328,1783592,96264
RETRIEVE,267984,355420,87436
DELETE,1339671,1667948,328277
RETRIEVE,751831,850509,98678
RETRIEVE,3952643,4059925,107282
DELETE,130114,577198,447084
ADD,2233781,2650923,417142
DELETE,1665991,2129140,463149
RETRIEVE,2620235,2704337,84102
ADD,406064,804742,398678
ADD,557544,1022861,465317
RETRIEVE,1684746,1795238,110492
ADD,3981288,4509585,528297
ADD,4403487,4836462,432975
DELETE,1188298,1626229,437931
ADD,3809699,4550448,740749
ADD,3154229,3507863,353634
RETRIEVE,546883,632515,85632
RETRIEVE,2102519,2225279,122760
RETRIEVE,1512870,1606020,93150
ADD,73663,299392,225729
ADD,3430458,4073875,643417
ADD,3239967,3564112,324145
DELETE,1520773,1928465,407692
DELETE,2368838,2927374,558536
DELETE,1327392,1531043,203651
ADD,4040496,4553479,512983
ADD,2958454,3403204,444750
RETRIEVE,1073972,1156536,82564
ADD,2803388,3287651,484263
RETRIEVE,4398856,4506394,107538
ADD,1927586,2270964,343378
ADD,929131,1339324,410193
ADD,1701414,2172456,471042
DELETE,108906,556407,447501
RETRIEVE,850346,928916,78570
RETRIEVE,685047,782743,97696
RETRIEVE,3327392,3412418,85026
ADD,3912016,4285652,373636
RETRIEVE,2612978,2621412,8434
RETRIEVE,2736338,2817620,81282
RETRIEVE,727411,781227,53816
RETRIEVE,992914,1118930,126016
DELETE,368838,758585,389747
DELETE,1682992,2207203,524211
DELETE,2572706,3079870,507164
ADD,80782,613109,532327
DELETE,2733298,3391362,658064
DELETE,184335,766468,582133
DELETE,3363130,3840611,477481
ADD,1151893,1427437,275544
ADD,887283,1399645,512362
RETRIEVE,4067990,4214034,146044
ADD,824686,1317676,492990
RETRIEVE,56428,132184,75756
DELETE,2101469,2579098,477629
ADD,1146314,1386551,240237
RETRIEVE,2990784,3114714,123930
DELETE,3201761,3519754,317993
DELETE,3645909,4078013,432104
RETRIEVE,3409780,3488840,79060
RETRIEVE,2983662,3074800,91138
DELETE,3949072,4251520,302448
ADD,423714,892162,468448
DELETE,4125255,4732429,607174
RETRIEVE,122232,217080,94848
DELETE,2555759,3003557,447798
DELETE,1771852,2209098,437246
ADD,2441810,2678498,236688
DELETE,299459,548812,249353
ADD,1482903,1798404,315501
RETRIEVE,2529036,2638312,109276
DELETE,2890859,3302562,411703
RETRIEVE,4812737,4886369,73632
RETRIEVE,872085,958903,86818
DELETE,3339671,3954887,615216
RETRIEVE,3742198,3802356,60158
RETRIEVE,1668402,1734482,66080
ADD,318801,726799,407998
DELETE,2822893,3396613,573720
DELETE,2330227,2522502,192275
ADD,3700040,4174751,474711
RETRIEVE,1050246,1108316,58070
RETRIEVE,1537161,1699057,161896
RETRIEVE,2467272,2568282,101010
ADD,209951,736821,526870
RETRIEVE,3332146,3349302,17156
ADD,1943630,2524058,580428
DELETE,2972228,3269441,297213
RETRIEVE,872574,991732,119158
ADD,1009874,1632687,622813
RETRIEVE,3787903,3883227,95324
RETRIEVE,1146205,1230003,83798
DELETE,1097897,1644389,546492
RETRIEVE,4660240,4816104,155864
RETRIEVE,3414571,3572349,157778
DELETE,3608160,3803983,195823
RETRIEVE,902750,1016768,114018
RETRIEVE,3267984,3358154,90170
DELETE,1034567,1563985,529418
ADD,1645909,1955296,309387
RETRIEVE,1893021,1996893,103872
RETRIEVE,2287708,2396740,109032
RETRIEVE,2735111,2858027,122916
ADD,883573,1544324,660751
RETRIEVE,3571196,3666464,95268
ADD,2102562,2427902,325340
DELETE,3913835,4379893,466058
RETRIEVE,3328661,3422509,93848
DELETE,2913835,3425409,511574
DELETE,1699473,1865159,165686
RETRIEVE,2889091,2985095,96004
DELETE,4063717,4559338,495621
RETRIEVE,1497336,1565316,67980
DELETE,247188,774975,527787
DELETE,2387998,3179896,791898
DELETE,3982500,4497688,515188
ADD,175256,612103,436847
RETRIEVE,2044241,2098159,53918
RETRIEVE,3263378,3350072,86694
ADD,481414,891904,410490
RETRIEVE,1220705,1350701,129996
ADD,1202433,1518305,315872
RETRIEVE,26046,152958,126912
DELETE,3872085,4576268,704183
ADD,2292584,2576141,283557
ADD,2581828,3338883,757055
RETRIEVE,4724203,4887113,162910
ADD,4668387,4836065,167678
ADD,4620235,4730010,109775
RETRIEVE,176154,239140,62986
RETRIEVE,3015884,3126216,110332
RETRIEVE,4222024,4288656,66632
DELETE,1497055,1955461,458406
ADD,2199600,2520836,321236
DELETE,1683598,2090364,406766
ADD,1743449,2123153,379704
RETRIEVE,2170722,2265390,94668
ADD,205168,671838,466670
RETRIEVE,1623561,1697491,73930
RETRIEVE,880594,937116,56522
ADD,612978,923810,310832
ADD,467272,951878,484606
DELETE,3463149,3893687,430538
DELETE,770725,1171228,400503
RETRIEVE,3073663,3128191,54528
RETRIEVE,3751831,3841139,89308
RETRIEVE,234315,328635,94320
RETRIEVE,830607,915421,84814
RETRIEVE,3505569,3607667,102098
RETRIEVE,4729330,4829342,100012
DELETE,3137485,3715310,577825
RETRIEVE,1988997,1988997,0
DELETE,3496826,3931070,434244
RETRIEVE,1005934,1127318,121384
DELETE,3447104,3950822,503718
ADD,3620940,4017894,396954
ADD,808868,1244150,435282
RETRIEVE,4618139,4656269,38130
DELETE,187450,452163,264713
RETRIEVE,2893021,2974319,81298
RETRIEVE,1823567,1947983,124416
ADD,2815108,3160821,345713
RETRIEVE,1855768,1958454,102686
ADD,4220705,4803588,582883
ADD,3968061,4435398,467337
RETRIEVE,4406660,4564248,157588
RETRIEVE,2071912,2158680,86768
RETRIEVE,1431934,1522592,90658
RETRIEVE,4363130,4469768,106638
RETRIEVE,35079,110535,75456
RETRIEVE,2516715,2640625,123910
ADD,1983662,2447951,464289
RETRIEVE,3706061,3803181,97120
RETRIEVE,4248779,4333843,85064
DELETE,735916,1236438,500522
DELETE,3420583,3871651,451068
RETRIEVE,1004836,1090996,86160
DELETE,3823781,4364575,540794
DELETE,1038953,1249442,210489
ADD,3287516,3763821,476305
RETRIEVE,3353707,3460191,106484
DELETE,3663709,4145776,482067
RETRIEVE,697729,796603,98874
DELETE,4202689,4589703,387014
RETRIEVE,4356360,4440792,84432
DELETE,931566,1202765,271199
RETRIEVE,368767,466857,98090
RETRIEVE,2205168,2313246,108078
DELETE,3142993,3463127,320134
DELETE,2917240,3525109,607869
RETRIEVE,3017220,3124824,107604
RETRIEVE,4422546,4514916,92370
ADD,680498,1142174,461676
ADD,4575725,4753983,178258
DELETE,2217713,2768022,550309
DELETE,4836,318809,313973
ADD,1846038,2269665,423627
RETRIEVE,1493852,1595856,102004
DELETE,1495492,2040465,544973
ADD,2799295,3307377,508082
RETRIEVE,268180,347698,79518
ADD,3677690,3831082,153392
RETRIEVE,1222024,1274718,52694
ADD,3574515,4025944,451429
ADD,82442,339095,256653
ADD,1422716,1781047,358331
RETRIEVE,2931886,3077720,145834
ADD,2209322,2947079,737757
RETRIEVE,1232165,1392127,159962
ADD,2835347,3344642,509295
RETRIEVE,3546593,3673081,126488
ADD,2137610,2541791,404181
DELETE,3067990,3580037,512047
DELETE,1376799,1809857,433058
RETRIEVE,142993,227051,84058
ADD,3108455,3606475,498020
RETRIEVE,2665023,2731587,66564
DELETE,181793,565166,383373
ADD,2622815,3070668,447853
RETRIEVE,2977644,3072588,94944
ADD,905304,1280524,375220
DELETE,2368883,2732976,364093
RETRIEVE,2874783,2953551,78768
RETRIEVE,3733491,3828807,95316
ADD,3355879,3912099,556220
ADD,4408733,4750203,341470
DELETE,1618347,1759584,141237
RETRIEVE,2041543,2155839,114296
RETRIEVE,2325970,2428170,102200
DELETE,3054531,3322533,268002
ADD,3516715,3926491,409776
ADD,4026046,4591734,565688
RETRIEVE,3676621,3755087,78466
DELETE,1197135,1614870,417735
ADD,1650740,2097241,446501
RETRIEVE,1983783,2127625,143842
ADD,17694,623229,605535
RETRIEVE,1786418,1861720,75302
DELETE,1059781,1719670,659889
RETRIEVE,3553735,3619745,66010
ADD,1182324,1760621,578297
ADD,3713105,4082285,369180
DELETE,520773,1002618,481845
RETRIEVE,4789846,4886144,96298
DELETE,1612426,2028567,416141
RETRIEVE,3083468,3162258,78790
RETRIEVE,4747742,4841472,93730
ADD,2887281,3287246,399965
DELETE,1655627,1998023,342396
RETRIEVE,2523972,2578250,54278
DELETE,3613996,3958328,344332
RETRIEVE,1716356,1810424,94068
ADD,1518828,2120082,601254
RETRIEVE,478525,590161,111636
RETRIEVE,3034567,3102763,68196
DELETE,307284,634820,327536
ADD,2773516,3061205,287689
RETRIEVE,1181389,1285183,103794
RETRIEVE,4467956,4545660,77704
ADD,542006,992138,450132
ADD,758764,1062814,304050
DELETE,2152856,2745142,592286
RETRIEVE,3656726,3774118,117392
ADD,2363551,2828562,465011
ADD,628214,1199943,571729
ADD,121552,484645,363093
RETRIEVE,1124349,1124349,0
RETRIEVE,1784938,1873518,88580
ADD,989124,1467142,478018
DELETE,2069220,2519825,450605
RETRIEVE,3308882,3408364,99482
DELETE,838943,1290400,451457
RETRIEVE,1209951,1296213,86262
RETRIEVE,3123538,3240086,116548
ADD,3820435,4012163,191728
ADD,1667312,2315250,647938
ADD,2620665,3003769,383104
ADD,3729694,4053543,323849
ADD,4248459,4453574,205115
DELETE,3597461,4202004,604543
RETRIEVE,3005934,3057168,51234
DELETE,3362585,3718739,356154
DELETE,4035470,4518704,483234
RETRIEVE,1137258,1247224,109966
DELETE,1534819,1934599,399780
DELETE,3555231,4121586,566355
ADD,941547,1424309,482762
DELETE,2374850,2844744,469894
DELETE,1248459,1534907,286448
RETRIEVE,525518,618448,92930
DELETE,4420905,4886676,465771
ADD,2793656,3280216,486560
RETRIEVE,4449796,4530180,80384
ADD,1836291,2161464,325173
DELETE,3775572,4241324,465752
DELETE,1809699,2330992,521293
DELETE,1889131,2123300,234169
DELETE,4591064,4807334,216270
RETRIEVE,4712803,4809105,96302
RETRIEVE,3001580,3101608,100028
ADD,1355879,1811125,455246
ADD,3553128,3927801,374673
ADD,3955854,4458785,502931
ADD,812565,1201098,388533
ADD,2723752,3013109,289357
DELETE,4392900,4875301,482401
RETRIEVE,67442,153340,85898
RETRIEVE,4718147,4840361,122214
RETRIEVE,1106893,1225699,118806
ADD,2192811,2601911,409100
DELETE,202433,273010,70577
RETRIEVE,3090969,3153017,62048
ADD,2826758,3173814,347056
DELETE,3211193,3577806,366613
ADD,3290342,3727986,437644
DELETE,3082318,3679200,596882
DELETE,3993065,4445041,451976
DELETE,1612978,2109479,496501
RETRIEVE,4630485,4705249,74764
ADD,391545,724278,332733
ADD,696022,1161571,465549
DELETE,938680,1553016,614336
ADD,1469818,1990166,520348
RETRIEVE,232165,336389,104224
RETRIEVE,3667799,3810309,142510
ADD,1374850,1886045,511195
RETRIEVE,1866957,1957189,90232
ADD,1225113,1612284,387171
RETRIEVE,1722150,1818432,96282
RETRIEVE,1773516,1856422,82906
DELETE,1867776,2432464,564688
RETRIEVE,3685047,3782411,97364
ADD,2571501,2954003,382502
ADD,2883573,3471746,588173
ADD,1332770,1886025,553255
ADD,4012344,4754603,742259
ADD,3734114,4115180,381066
RETRIEVE,4354539,4431617,77078
RETRIEVE,2476740,2550366,73626
ADD,977644,1455542,477898
RETRIEVE,4537440,4608538,71098
ADD,3791047,4086194,295147
DELETE,1328661,1808227,479566
RETRIEVE,3599925,3663057,63132
ADD,2398856,2802212,403356
ADD,3158453,3609706,451253
DELETE,1980703,2514660,533957
RETRIEVE,208599,285955,77356
RETRIEVE,2346194,2440254,94060
DELETE,553735,893018,339283
DELETE,3097897,3487922,390025
RETRIEVE,799274,886586,87312
DELETE,537440,969998,432558
RETRIEVE,2220884,2312030,91146
RETRIEVE,4269349,4341937,72588
DELETE,2777612,3342012,564400
DELETE,3904193,4379191,474998
ADD,4197135,4496118,298983
DELETE,802422,1276753,474331
DELETE,3992864,4278700,285836
DELETE,793600,864371,70771
ADD,2192565,2815415,622850
ADD,520362,933742,413380
RETRIEVE,3080527,3188603,108076
RETRIEVE,1956928,2071244,114316
DELETE,1560385,1797111,236726
ADD,3725700,4357685,631985
RETRIEVE,4664908,4756020,91112
RETRIEVE,1838943,1947755,108812
RETRIEVE,135422,212302,76880
ADD,1080926,1361482,280556
ADD,994409,1479607,485198
DELETE,1353827,1675999,322172
RETRIEVE,1988215,2050675,62460
