type,start,end,duration
RETRIEVE,703011,746235,43224
RETRIEVE,1796257,1852607,56350
RETRIEVE,2166630,2211990,45360
RETRIEVE,745160,822530,77370
DELETE,582518,878758,296240
ADD,3654568,3868105,213537
DELETE,4129160,4257769,128609
DELETE,2653505,2855026,201521
DELETE,2928138,3160583,232445
RETRIEVE,2804912,2878932,74020
RETRIEVE,385852,408708,22856
RETRIEVE,3669072,3714996,45924
RETRIEVE,296471,343421,46950
ADD,1872543,2031530,158987
DELETE,3518053,3845051,326998
DELETE,469955,680592,210637
RETRIEVE,1281077,1325017,43940
ADD,1469955,1739430,269475
DELETE,3628782,3889475,260693
DELETE,1986771,2177165,190394
DELETE,2737666,2996923,259257
ADD,4291746,4439384,147638
RETRIEVE,2336335,2377491,41156
RETRIEVE,4167683,4228495,60812
RETRIEVE,2976591,3030493,53902
ADD,3422386,3612817,190431
RETRIEVE,3924714,3962676,37962
RETRIEVE,4845317,4882885,37568
DELETE,1811574,2012659,201085
RETRIEVE,1129160,1165010,35850
RETRIEVE,396632,432650,36018
ADD,1381285,1583667,202382
DELETE,4451370,4591328,139958
RETRIEVE,3092361,3149499,57138
DELETE,305234,543155,237921
RETRIEVE,2119338,2163412,44074
RETRIEVE,87735,133443,45708
RETRIEVE,2617313,2680961,63648
DELETE,2984361,3125561,141200
DELETE,693673,985670,291997
RETRIEVE,2087735,2119663,31928
DELETE,1742569,1942830,200261
RETRIEVE,4782543,4845415,62872
RETRIEVE,3366637,3423191,56554
ADD,3251152,3586933,335781
RETRIEVE,3641981,3698265,56284
ADD,3180033,3332924,152891
ADD,4032423,4330461,298038
RETRIEVE,3790100,3838032,47932
DELETE,353966,380490,26524
DELETE,371190,592342,221152
DELETE,2759072,2954358,195286
ADD,345708,485175,139467
ADD,4321891,4532463,210572
DELETE,3577633,3817508,239875
DELETE,1349052,1596246,247194
ADD,1944512,2193726,249214
ADD,751926,904836,152910
ADD,3877046,4143761,266715
RETRIEVE,183538,227342,43804
DELETE,1929678,2175196,245518
ADD,4314261,4570340,256079
DELETE,4054803,4252618,197815
DELETE,55239,238055,182816
RETRIEVE,3087735,3139535,51800
ADD,2216539,2495121,278582
RETRIEVE,3206043,3249387,43344
RETRIEVE,4195468,4248574,53106
DELETE,1851409,2051457,200048
RETRIEVE,177942,236796,58854
DELETE,3966870,4180138,213268
ADD,4180033,4383379,203346
DELETE,784589,923713,139124
DELETE,4087735,4360564,272829
RETRIEVE,3905102,3941328,36226
ADD,3236719,3402173,165454
DELETE,4604912,4820153,215241
ADD,3477761,3668275,190514
ADD,1063143,1275614,212471
DELETE,3582714,3777592,194878
ADD,4396452,4650613,254161
ADD,1554803,1893326,338523
RETRIEVE,3958533,4005207,46674
ADD,4652316,4861267,208951
ADD,506058,775255,269197
DELETE,3827118,4092878,265760
DELETE,3233419,3460908,227489
DELETE,3840828,4062795,221967
RETRIEVE,742569,790789,48220
ADD,657602,850627,193025
ADD,1924714,2157771,233057
ADD,640504,851104,210600
RETRIEVE,1559922,1602070,42148
ADD,1969006,2190130,221124
RETRIEVE,2236719,2270741,34022
RETRIEVE,1129442,1172884,43442
RETRIEVE,635708,693564,57856
ADD,3563084,3794825,231741
DELETE,3329899,3497845,167946
RETRIEVE,2118742,2163758,45016
DELETE,223752,531610,307858
RETRIEVE,956589,1010753,54164
ADD,1481295,1673375,192080
ADD,371319,552013,180694
RETRIEVE,216766,294300,77534
DELETE,3739330,3981244,241914
ADD,1534371,1761508,227137
RETRIEVE,4378117,4432103,53986
DELETE,3965485,4112549,147064
ADD,1979496,2177959,198463
RETRIEVE,1140430,1182090,41660
ADD,10448,132581,122133
RETRIEVE,2184151,2229081,44930
RETRIEVE,2272868,2312520,39652
RETRIEVE,4216519,4262871,46352
DELETE,4594646,4829602,234956
ADD,1146464,1354544,208080
ADD,1250995,1586924,335929
RETRIEVE,2961478,3018846,57368
DELETE,1838635,2071460,232825
ADD,216617,437528,220911
DELETE,332472,483242,150770
RETRIEVE,4599682,4635864,36182
ADD,2852504,3006628,154124
ADD,1655259,1889631,234372
ADD,938264,1165178,226914
RETRIEVE,41759,90769,49010
DELETE,654568,882038,227470
DELETE,3535815,3751186,215371
ADD,3691445,3861420,169975
ADD,1372623,1456355,83732
ADD,4577633,4753862,176229
DELETE,423710,549772,126062
ADD,115420,294650,179230
DELETE,321641,461803,140162
RETRIEVE,2216459,2270223,53764
DELETE,3502030,3706562,204532
ADD,1916890,2023190,106300
RETRIEVE,645016,672892,27876
RETRIEVE,113685,171821,58136
ADD,808637,1065939,257302
ADD,2296471,2474414,177943
DELETE,3371147,3565766,194619
RETRIEVE,1498970,1553388,54418
ADD,2488800,2746510,257710
ADD,3518054,3721761,203707
RETRIEVE,1631979,1659773,27794
DELETE,2748675,3007172,258497
DELETE,4567216,4808907,241691
DELETE,2481489,2671383,189894
DELETE,195461,365510,170049
DELETE,1807406,1853293,45887
RETRIEVE,3033220,3082598,49378
ADD,22900,310237,287337
ADD,4451008,4680063,229055
DELETE,4664677,4885644,220967
DELETE,1603590,1828355,224765
RETRIEVE,3034318,3076726,42408
ADD,4275691,4549159,273468
DELETE,3931236,4098589,167353
RETRIEVE,907071,961499,54428
ADD,4309336,4445561,136225
RETRIEVE,2355847,2410873,55026
DELETE,3038888,3210892,172004
DELETE,3616910,3849114,232204
RETRIEVE,1496027,1548679,52652
RETRIEVE,283502,363332,79830
ADD,1003476,1250939,247463
DELETE,3046510,3282161,235651
RETRIEVE,2529818,2581776,51958
DELETE,4675971,4885969,209998
ADD,3448118,3696897,248779
ADD,105648,429182,323534
ADD,2905102,3149184,244082
RETRIEVE,2544414,2579884,35470
RETRIEVE,212117,243655,31538
RETRIEVE,2792872,2809928,17056
RETRIEVE,1076270,1121946,45676
DELETE,4321587,4672729,351142
RETRIEVE,4144981,4190785,45804
ADD,2115420,2231772,116352
ADD,4110304,4323340,213036
ADD,3283735,3501005,217270
DELETE,2808637,3228039,419402
ADD,1072611,1365924,293313
RETRIEVE,233419,300881,67462
DELETE,1105648,1343726,238078
RETRIEVE,2009924,2077936,68012
ADD,1324076,1405909,81833
RETRIEVE,266699,303529,36830
RETRIEVE,2321641,2357801,36160
ADD,3403322,3706891,303569
DELETE,2054851,2243874,189023
RETRIEVE,3707660,3751218,43558
ADD,4579875,4778320,198445
DELETE,1403322,1634165,230843
DELETE,3275159,3510819,235660
RETRIEVE,1858345,1895231,36886
RETRIEVE,649606,693558,43952
DELETE,1861283,2082472,221189
DELETE,2879002,3170953,291951
ADD,879386,1092571,213185
DELETE,1285759,1456512,170753
RETRIEVE,2983931,3003415,19484
RETRIEVE,3850275,3899795,49520
ADD,1734016,1948646,214630
RETRIEVE,3398863,3458925,60062
ADD,4292637,4561816,269179
DELETE,3327696,3594105,266409
DELETE,54851,166868,112017
DELETE,1959727,2166352,206625
DELETE,1520323,1774410,254087
RETRIEVE,2424893,2475919,51026
RETRIEVE,581201,613815,32614
ADD,481489,651825,170336
DELETE,4354307,4554994,200687
RETRIEVE,3233786,3259752,25966
DELETE,2973354,3195414,222060
RETRIEVE,38888,85498,46610
DELETE,3308192,3424730,116538
RETRIEVE,3778346,3883422,105076
DELETE,226676,499561,272885
RETRIEVE,3830164,3880002,49838
ADD,2451008,2684658,233650
RETRIEVE,2318740,2379646,60906
DELETE,640026,1028402,388376
RETRIEVE,1541183,1597699,56516
DELETE,746869,889764,142895
DELETE,3475434,3721906,246472
DELETE,3283502,3516985,233483
ADD,342241,650145,307904
DELETE,3828940,4011394,182454
RETRIEVE,4703145,4771857,68712
DELETE,4583157,4883103,299946
RETRIEVE,677751,712487,34736
ADD,564203,826721,262518
DELETE,1285786,1522122,236336
RETRIEVE,302342,361164,58822
DELETE,1514796,1712564,197768
DELETE,3356377,3594205,237828
DELETE,3911217,4062747,151530
DELETE,3824038,4168963,344925
ADD,2258573,2501765,243192
RETRIEVE,1238585,1266861,28276
ADD,3090512,3223865,133353
ADD,285759,514730,228971
RETRIEVE,2319608,2365528,45920
RETRIEVE,4722735,4782913,60178
RETRIEVE,1986945,2044687,57742
RETRIEVE,2866184,2937654,71470
RETRIEVE,3558232,3618524,60292
ADD,898370,1167864,269494
RETRIEVE,3642135,3683585,41450
RETRIEVE,2233419,2275541,42122
RETRIEVE,2493020,2533996,40976
DELETE,3854383,4053819,199436
ADD,2907711,3127325,219614
DELETE,3491630,3784693,293063
DELETE,1439632,1872931,433299
ADD,1650179,1786228,136049
ADD,1265672,1501351,235679
DELETE,1480070,1666434,186364
DELETE,66025,360996,294971
ADD,405364,616649,211285
RETRIEVE,3301585,3331689,30104
RETRIEVE,930943,971257,40314
RETRIEVE,2088934,2149078,60144
DELETE,694769,1011039,316270
RETRIEVE,1573532,1622754,49222
ADD,3737666,3999980,262314
RETRIEVE,613810,676218,62408
RETRIEVE,2489016,2530116,41100
RETRIEVE,575372,617466,42094
ADD,3093934,3253941,160007
RETRIEVE,3481890,3517656,35766
DELETE,2393675,2619052,225377
ADD,1018154,1190065,171911
ADD,1405798,1535084,129286
RETRIEVE,2150087,2209947,59860
RETRIEVE,4638585,4687187,48602
DELETE,911337,1070399,159062
ADD,3897095,4020183,123088
RETRIEVE,2426040,2446556,20516
RETRIEVE,2389312,2467286,77974
RETRIEVE,3912496,3961772,49276
RETRIEVE,3961478,4030156,68678
RETRIEVE,891286,929238,37952
DELETE,2796257,3043034,246777
DELETE,3287662,3503376,215714
ADD,2326780,2587649,260869
RETRIEVE,4537682,4584074,46392
DELETE,4275117,4417614,142497
DELETE,2602636,2757890,155254
RETRIEVE,4844532,4895796,51264
ADD,3714787,3919717,204930
ADD,2327875,2571252,243377
ADD,4245992,4443325,197333
RETRIEVE,1792872,1835606,42734
DELETE,3635533,3850913,215380
RETRIEVE,1364874,1419424,54550
ADD,1685565,2031463,345898
RETRIEVE,1537275,1574359,37084
ADD,2739330,2978946,239616
ADD,4331590,4688272,356682
DELETE,700644,954648,254004
ADD,1065716,1198624,132908
RETRIEVE,1309759,1359011,49252
RETRIEVE,4281900,4332960,51060
ADD,4601916,4732045,130129
ADD,1142276,1216855,74579
RETRIEVE,2605135,2665083,59948
DELETE,3555687,3783083,227396
DELETE,2092956,2250739,157783
ADD,664415,809181,144766
RETRIEVE,3458569,3503363,44794
ADD,3002600,3146644,144044
ADD,916890,1142980,226090
ADD,516354,691471,175117
ADD,3414903,3661403,246500
RETRIEVE,3637419,3681407,43988
ADD,2238247,2422045,183798
RETRIEVE,4386252,4448012,61760
DELETE,1556326,1746266,189940
RETRIEVE,197019,256043,59024
ADD,4354818,4535151,180333
DELETE,4414903,4605538,190635
RETRIEVE,2662541,2757607,95066
DELETE,3652507,3846116,193609
RETRIEVE,3273743,3320929,47186
RETRIEVE,2389029,2412853,23824
RETRIEVE,3372661,3416791,44130
RETRIEVE,1354818,1378894,24076
ADD,1599029,1771237,172208
DELETE,258573,550524,291951
RETRIEVE,1143985,1186217,42232
RETRIEVE,4126460,4165862,39402
DELETE,4011043,4216770,205727
ADD,2390183,2549041,158858
ADD,580958,854612,273654
RETRIEVE,857119,917853,60734
RETRIEVE,2784051,2843689,59638
ADD,674960,1054451,379491
ADD,2015505,2281812,266307
RETRIEVE,3423710,3467100,43390
ADD,1715067,1887340,172273
RETRIEVE,3266699,3310099,43400
RETRIEVE,2876206,2932082,55876
ADD,2725067,2970084,245017
ADD,3342241,3704120,361879
ADD,2473659,2726903,253244
DELETE,3675120,3874667,199547
DELETE,1634982,1909840,274858
RETRIEVE,2470501,2516095,45594
RETRIEVE,309336,342820,33484
DELETE,2373726,2523097,149371
RETRIEVE,2599682,2648940,49258
ADD,3380662,3672279,291617
ADD,227125,393246,166121
RETRIEVE,4840828,4873870,33042
DELETE,347981,586022,238041
RETRIEVE,4436466,4507606,71140
ADD,946842,1106524,159682
ADD,579875,777764,197889
ADD,1247679,1452368,204689
ADD,14018,255218,241200
RETRIEVE,1153143,1208991,55848
DELETE,2060409,2368712,308303
RETRIEVE,4830819,4888435,57616
ADD,345912,547182,201270
ADD,1539676,1689834,150158
ADD,1820774,2096744,275970
ADD,636221,803093,166872
DELETE,529818,704194,174376
RETRIEVE,759794,802910,43116
ADD,2291746,2478360,186614
DELETE,4143985,4368435,224450
ADD,4356377,4621192,264815
ADD,2455788,2671743,215955
RETRIEVE,3601916,3657004,55088
DELETE,4271354,4497324,225970
DELETE,1480224,1728632,248408
RETRIEVE,1602636,1636314,33678
RETRIEVE,1554014,1643362,89348
RETRIEVE,1768276,1813758,45482
ADD,1156970,1344057,187087
ADD,2268405,2491762,223357
ADD,3792872,3992808,199936
DELETE,635752,809822,174070
RETRIEVE,126318,155076,28758
DELETE,1192651,1490865,298214
DELETE,1319838,1558945,239107
RETRIEVE,4390183,4434757,44574
ADD,3604084,3798740,194656
RETRIEVE,301889,347201,45312
RETRIEVE,1171823,1241827,70004
RETRIEVE,4481890,4519300,37410
RETRIEVE,3471114,3511498,40384
RETRIEVE,1952811,2009141,56330
RETRIEVE,3578647,3633011,54364
RETRIEVE,1189097,1239269,50172
DELETE,3781373,4064523,283150
DELETE,1774444,2097941,323497
ADD,2332472,2462397,129925
ADD,2478977,2601972,122995
RETRIEVE,3396632,3458256,61624
ADD,2618690,2910771,292081
DELETE,265007,416685,151678
RETRIEVE,3844532,3932260,87728
RETRIEVE,4153642,4211946,58304
DELETE,4338335,4533055,194720
RETRIEVE,2790100,2830292,40192
RETRIEVE,1958533,1998321,39788
RETRIEVE,434943,452173,17230
DELETE,2579365,2832711,253346
ADD,805233,983213,177980
RETRIEVE,3505836,3577810,71974
ADD,2813446,3015995,202549
RETRIEVE,3655259,3686873,31614
ADD,3805087,4105710,300623
RETRIEVE,4466204,4508016,41812
RETRIEVE,3858247,3913421,55174
RETRIEVE,3879002,3930600,51598
RETRIEVE,2550022,2618084,68062
RETRIEVE,2177942,2243156,65214
ADD,3216766,3504474,287708
DELETE,3263034,3448555,185521
ADD,811574,1038627,227053
DELETE,3587488,3828577,241089
ADD,331590,654410,322820
RETRIEVE,2309759,2354097,44338
DELETE,3861283,4139300,278017
ADD,686785,984990,298205
ADD,3782906,3977525,194619
RETRIEVE,798186,841048,42862
ADD,4653505,4809611,156106
RETRIEVE,655259,711415,56156
DELETE,4598812,4858152,259340
DELETE,3364113,3668729,304616
RETRIEVE,145766,189726,43960
RETRIEVE,1542313,1569251,26938
ADD,1814129,2095843,281714
RETRIEVE,3319239,3380883,61644
RETRIEVE,1389312,1402630,13318
RETRIEVE,4108711,4158875,50164
ADD,3301889,3442700,140811
ADD,4396169,4554045,157876
DELETE,1266699,1458974,192275
ADD,3291746,3517178,225432
ADD,653505,891704,238199
DELETE,3006702,3108833,102131
RETRIEVE,2592608,2627198,34590
RETRIEVE,4298512,4350890,52378
ADD,261335,517377,256042
DELETE,1724138,1989343,265205
ADD,4569485,4792740,223255
DELETE,3673529,3882869,209340
DELETE,3094907,3153968,59061
DELETE,870712,1039668,168956
RETRIEVE,4434943,4472025,37082
RETRIEVE,959727,1011115,51388
DELETE,2667706,2832326,164620
RETRIEVE,2108841,2139505,30664
RETRIEVE,3426040,3454740,28700
RETRIEVE,765458,823296,57838
DELETE,2319239,2545107,225868
RETRIEVE,4581201,4629409,48208
ADD,2627274,2835270,207996
ADD,582714,852319,269605
ADD,3129160,3255083,125923
DELETE,572811,791137,218326
RETRIEVE,3699,72765,69066
RETRIEVE,2598334,2659146,60812
RETRIEVE,180033,231629,51596
RETRIEVE,3559922,3607580,47658
RETRIEVE,811866,849554,37688
RETRIEVE,628782,695164,66382
ADD,1665779,1912140,246361
RETRIEVE,3656245,3700291,44046
RETRIEVE,4285759,4333955,48196
ADD,1858247,2109184,250937
RETRIEVE,3928138,3985078,56940
ADD,1976341,2126407,150066
ADD,2036274,2316144,279870
RETRIEVE,4863329,4899421,36092
RETRIEVE,782344,829912,47568
RETRIEVE,2631979,2684317,52338
ADD,4491219,4690720,199501
ADD,1834163,1938768,104605
RETRIEVE,4398863,4481981,83118
DELETE,2378117,2581120,203003
RETRIEVE,3664026,3705394,41368
RETRIEVE,3503941,3567579,63638
ADD,4026362,4236387,210025
DELETE,2302342,2565138,262796
DELETE,3979496,4163618,184122
DELETE,3976830,4297770,320940
RETRIEVE,444304,496816,52512
RETRIEVE,1447279,1498139,50860
DELETE,3440215,3598332,158117
DELETE,510901,588278,77377
DELETE,2275159,2534684,259525
DELETE,3757356,4008942,251586
RETRIEVE,477761,524043,46282
ADD,4349569,4647431,297862
RETRIEVE,2604912,2661898,56986
RETRIEVE,2261335,2303605,42270
RETRIEVE,4169361,4212653,43292
DELETE,1632467,1766635,134168
ADD,658543,948345,289802
RETRIEVE,2180587,2218313,37726
RETRIEVE,475335,541571,66236
ADD,1275370,1510595,235225
DELETE,1234952,1504511,269559
RETRIEVE,1715388,1760876,45488
RETRIEVE,696939,716715,19776
RETRIEVE,2855271,2911061,55790
RETRIEVE,3792549,3832231,39682
ADD,4336335,4480935,144600
RETRIEVE,2545483,2623437,77954
RETRIEVE,3938264,3983072,44808
DELETE,768276,1040688,272412
RETRIEVE,1469059,1519411,50352
ADD,108711,311649,202938
ADD,4565598,4832081,266483
RETRIEVE,902421,954781,52360
RETRIEVE,3940859,3969207,28348
RETRIEVE,2422386,2468734,46348
ADD,200969,406899,205930
ADD,4262984,4431310,168326
ADD,2792549,2916943,124394
RETRIEVE,1812904,1872826,59922
ADD,3192091,3415161,223070
ADD,1678797,1925000,246203
DELETE,812904,1095266,282362
ADD,162636,427664,265028
DELETE,3506058,3742811,236753
DELETE,909375,1179564,270189
DELETE,3057272,3330361,273089
DELETE,1691445,1917100,225655
RETRIEVE,4056738,4119878,63140
DELETE,2019909,2200946,181037
DELETE,2830819,3038760,207941
RETRIEVE,2756795,2804733,47938
DELETE,666696,898650,231954
ADD,3897146,4110034,212888
DELETE,2622092,2892781,270689
DELETE,3811574,4033708,222134
RETRIEVE,3397498,3447026,49528
DELETE,3290212,3444780,154568
RETRIEVE,4631900,4688908,57008
DELETE,1022935,1244902,221967
ADD,318826,596954,278128
DELETE,156970,452840,295870
DELETE,1435683,1606788,171105
DELETE,1990970,2269488,278518
ADD,2287662,2487219,199557
DELETE,4454628,4725502,270874
DELETE,3451370,3618844,167474
RETRIEVE,3631979,3672557,40578
RETRIEVE,3393675,3439115,45440
ADD,3774444,4139343,364899
RETRIEVE,510445,565481,55036
DELETE,2940629,3058232,117603
RETRIEVE,4675120,4716466,41346
DELETE,3090204,3388649,298445
RETRIEVE,4319239,4380119,60880
RETRIEVE,2057272,2100666,43394
RETRIEVE,1804178,1874292,70114
DELETE,1544414,1704078,159664
DELETE,1664677,1881299,216622
RETRIEVE,4365716,4419278,53562
ADD,3354818,3518818,164000
RETRIEVE,1316412,1378398,61986
ADD,3545483,3971565,426082
ADD,64695,343833,279138
RETRIEVE,1721042,1747108,26066
RETRIEVE,965486,1027366,61880
RETRIEVE,1136790,1183534,46744
DELETE,1579875,1760365,180490
DELETE,4288915,4513291,224376
DELETE,3603590,3603590,0
ADD,1658391,1908142,249751
ADD,4829566,4898447,68881
DELETE,1153634,1305210,151576
DELETE,828940,1071261,242321
RETRIEVE,4448118,4481776,33658
RETRIEVE,3117844,3139872,22028
ADD,2322130,2601111,278981
ADD,4301312,4558568,257256
DELETE,4652507,4808817,156310
RETRIEVE,3426360,3456926,30566
RETRIEVE,2594646,2632932,38286
DELETE,2782906,3024986,242080
DELETE,1421935,1589316,167381
DELETE,2167683,2401796,234113
RETRIEVE,3605135,3635695,30560
ADD,2033220,2243190,209970
RETRIEVE,3481295,3530669,49374
ADD,605135,939026,333891
RETRIEVE,1172472,1219528,47056
RETRIEVE,1940859,1993563,52704
DELETE,2472122,2718538,246416
ADD,3002532,3300227,297695
RETRIEVE,3661933,3693307,31374
RETRIEVE,1790100,1815036,24936
RETRIEVE,3939629,4035463,95834
RETRIEVE,4721042,4752374,31332
ADD,3534371,3766214,231843
ADD,4314945,4531048,216103
ADD,2631900,2825676,193776
ADD,834163,1126744,292581
RETRIEVE,1900195,1954573,54378
DELETE,3173467,3317844,144377
ADD,1703145,2040677,337532
ADD,9924,239859,229935
ADD,597030,846272,249242
ADD,3201291,3451997,250706
RETRIEVE,4074176,4136132,61956
ADD,558307,949416,391109
RETRIEVE,4784051,4844877,60826
DELETE,351514,498087,146573
DELETE,3651564,3817472,165908
DELETE,3378117,3576654,198537
DELETE,2063049,2228605,165556
RETRIEVE,3738793,3779389,40596
RETRIEVE,3188766,3242584,53818
RETRIEVE,2435683,2494841,59158
DELETE,2329899,2537201,207302
RETRIEVE,1470851,1494193,23342
DELETE,614440,972363,357923
ADD,2664677,2801615,136938
RETRIEVE,1331461,1370407,38946
DELETE,1623150,1862664,239514
ADD,3133208,3426790,293582
RETRIEVE,983425,1018713,35288
RETRIEVE,2207987,2252015,44028
RETRIEVE,944512,1002124,57612
ADD,4136790,4363251,226461
ADD,1444663,1577988,133325
RETRIEVE,550466,595122,44656
RETRIEVE,1351647,1410693,59046
ADD,2054861,2314127,259266
ADD,414903,648052,233149
RETRIEVE,2376697,2427541,50844
RETRIEVE,2392981,2439351,46370
RETRIEVE,3376588,3410600,34012
ADD,2386746,2503163,116417
ADD,4275370,4439842,164472
RETRIEVE,4512550,4567270,54720
RETRIEVE,3469955,3536309,66354
ADD,135956,309730,173774
ADD,3311566,3513717,202151
DELETE,3496110,3899049,402939
ADD,3244477,3436196,191719
RETRIEVE,2378266,2436474,58208
DELETE,2871884,3135773,263889
RETRIEVE,3940629,3988459,47830
RETRIEVE,535178,584270,49092
RETRIEVE,4632834,4707076,74242
ADD,269522,525147,255625
DELETE,1132700,1414460,281760
DELETE,2265007,2506142,241135
ADD,233251,426397,193146
RETRIEVE,389312,421212,31900
RETRIEVE,3544670,3582288,37618
RETRIEVE,966011,1013285,47274
ADD,4532576,4790619,258043
RETRIEVE,1200357,1255625,55268
ADD,1863329,2092189,228860
ADD,488800,661730,172930
ADD,3480224,3643343,163119
ADD,1669072,1916341,247269
RETRIEVE,2945538,2988992,43454
DELETE,1364591,1739329,374738
ADD,103992,295683,191691
RETRIEVE,4730340,4761948,31608
RETRIEVE,2714787,2775573,60786
DELETE,3175759,3477206,301447
RETRIEVE,2050235,2107145,56910
RETRIEVE,960845,1040215,79370
RETRIEVE,1961478,2021250,59772
ADD,4499750,4629314,129564
DELETE,2464312,2696730,232418
DELETE,1697495,1884443,186948
DELETE,2774904,3034559,259655
RETRIEVE,2328795,2371001,42206
ADD,1714787,1934707,219920
RETRIEVE,4319608,4366008,46400
RETRIEVE,1999231,2030017,30786
RETRIEVE,1089921,1155259,65338
RETRIEVE,2471114,2488402,17288
RETRIEVE,1466204,1525676,59472
RETRIEVE,4166630,4202678,36048
ADD,1730105,1908659,178554
RETRIEVE,2056371,2102363,45992
RETRIEVE,4261674,4321710,60036
DELETE,4617781,4817236,199455
ADD,2901347,3102080,200733
DELETE,3696309,3952518,256209
ADD,491630,716080,224450
DELETE,2178267,2499475,321208
DELETE,722735,1026489,303754
RETRIEVE,872543,915063,42520
DELETE,1854829,2047326,192497
ADD,3110304,3405108,294804
ADD,2921397,3211301,289904
DELETE,976341,1159101,182760
DELETE,3037553,3462894,425341
ADD,2192091,2416652,224561
ADD,1209846,1513720,303874
ADD,3017168,3226174,209006
RETRIEVE,1971304,2011948,40644
ADD,569485,757294,187809
RETRIEVE,3916890,3958658,41768
ADD,2531860,2811350,279490
DELETE,2760494,2973095,212601
RETRIEVE,850275,909927,59652
ADD,3886842,4031914,145072
DELETE,1336335,1525506,189171
RETRIEVE,3617313,3658733,41420
DELETE,1115228,1335731,220503
DELETE,4046676,4276564,229888
RETRIEVE,740141,795383,55242
ADD,2275691,2525359,249668
RETRIEVE,3981434,4047070,65636
RETRIEVE,1315876,1342684,26808
DELETE,1216617,1385712,169095
ADD,4211341,4465104,253763
DELETE,4045234,4284693,239459
DELETE,1305234,1410923,105689
RETRIEVE,2807128,2859772,52644
ADD,4060409,4224334,163925
ADD,1636891,1781926,145035
ADD,3853051,3979835,126784
ADD,2752911,2913158,160247
RETRIEVE,1765458,1808448,42990
RETRIEVE,2973081,3029705,56624
ADD,2960845,3132923,172078
ADD,3216617,3394346,177729
ADD,2258582,2358045,99463
RETRIEVE,3690696,3759790,69094
DELETE,1230576,1450172,219596
DELETE,2578647,2902347,323700
ADD,4134501,4344906,210405
RETRIEVE,4505986,4546742,40756
ADD,1323530,1518343,194813
ADD,2814350,2977164,162814
DELETE,3467984,3682577,214593
RETRIEVE,2087249,2134555,47306
RETRIEVE,3392981,3435761,42780
RETRIEVE,1261911,1296423,34512
DELETE,3044322,3303838,259516
DELETE,4627122,4785340,158218
DELETE,1675120,1867561,192441
DELETE,4585263,4751606,166343
ADD,1506058,1855013,348955
DELETE,945538,1132393,186855
ADD,601916,801176,199260
DELETE,1376741,1655518,278777
RETRIEVE,2412025,2458829,46804
RETRIEVE,604912,626922,22010
RETRIEVE,4664415,4706167,41752
ADD,2364874,2659753,294879
DELETE,3537682,3779327,241645
DELETE,478977,642949,163972
ADD,2745160,3025290,280130
DELETE,1581201,1785529,204328
DELETE,1351514,1547393,195879
ADD,4439632,4778860,339228
RETRIEVE,358411,412739,54328
ADD,830509,1040108,209599
DELETE,2931947,3244298,312351
ADD,1314261,1507823,193562
ADD,441250,728597,287347
DELETE,3544414,3753133,208719
DELETE,2863329,3055057,191728
ADD,866779,1067382,200603
RETRIEVE,2931236,2966434,35198
ADD,1853235,2127454,274219
RETRIEVE,3423732,3483616,59884
DELETE,412641,669248,256607
ADD,72611,432637,360026
DELETE,4135084,4566104,431020
ADD,271354,500427,229073
RETRIEVE,1783915,1826599,42684
RETRIEVE,2390322,2447446,57124
RETRIEVE,1981434,2033782,52348
RETRIEVE,1434088,1484780,50692
DELETE,2944512,3140594,196082
ADD,3784277,4042598,258321
DELETE,3678275,4038153,359878
DELETE,3022935,3230987,208052
DELETE,3349569,3637481,287912
RETRIEVE,3986771,4029909,43138
RETRIEVE,3938297,3995483,57186
RETRIEVE,3150087,3209843,59756
RETRIEVE,2469955,2526557,56602
ADD,1645016,1775071,130055
ADD,773362,983276,209914
RETRIEVE,1587488,1652616,65128
ADD,1108711,1333847,225136
ADD,2056738,2341592,284854
DELETE,3371319,3587783,216464
DELETE,1887838,2132086,244248
RETRIEVE,4560355,4605937,45582
DELETE,2244477,2466352,221875
RETRIEVE,725067,774423,49356
DELETE,322130,598739,276609
DELETE,1195707,1403926,208219
RETRIEVE,4393675,4447537,53862
RETRIEVE,4423710,4473172,49462
DELETE,266134,494966,228832
DELETE,3986945,4234241,247296
DELETE,4309759,4449523,139764
ADD,3365716,3535061,169345
DELETE,3434943,3594736,159793
ADD,4389029,4425920,36891
ADD,575326,816851,241525
DELETE,928138,1148104,219966
DELETE,1570055,1856355,286300
DELETE,1221366,1373090,151724
RETRIEVE,3064695,3143189,78494
RETRIEVE,4302342,4368132,65790
RETRIEVE,2643385,2693297,49912
ADD,4364113,4685553,321440
DELETE,1911337,2075985,164648
ADD,3315810,3532376,216566
RETRIEVE,99190,154010,54820
RETRIEVE,3088853,3147527,58674
RETRIEVE,351510,396494,44984
RETRIEVE,4326780,4388438,61658
RETRIEVE,4784589,4847449,62860
ADD,129442,300103,170661
RETRIEVE,3180587,3225869,45282
ADD,3400338,3605277,204939
RETRIEVE,26362,87558,61196
RETRIEVE,1277286,1325694,48408
RETRIEVE,1892709,1943207,50498
DELETE,3309759,3489601,179842
RETRIEVE,3066025,3124279,58254
RETRIEVE,2251152,2306010,54858
ADD,509,225784,225275
DELETE,860654,1178981,318327
RETRIEVE,2602438,2633026,30588
DELETE,3537275,3733033,195758
ADD,1002532,1269738,267206
RETRIEVE,2974663,3023915,49252
DELETE,2827118,2990200,163082
ADD,1760494,1923975,163481
RETRIEVE,2110304,2171466,61162
DELETE,207987,455052,247065
RETRIEVE,3744104,3798740,54636
DELETE,2330401,2570036,239635
RETRIEVE,26273,71485,45212
RETRIEVE,275370,336304,60934
DELETE,1728798,1824278,95480
ADD,749209,960235,211026
ADD,23918,314211,290293
RETRIEVE,627122,647716,20594
RETRIEVE,4426360,4465878,39518
DELETE,3466204,3645453,179249
ADD,1866184,2137262,271078
ADD,3332472,3415889,83417
DELETE,1784051,2116089,332038
ADD,2652507,2901990,249483
RETRIEVE,466204,513034,46830
DELETE,1464312,1691653,227341
ADD,4146464,4336145,189681
RETRIEVE,2404880,2436134,31254
RETRIEVE,4811866,4866452,54586
DELETE,1468281,1688034,219753
ADD,3487311,3737924,250613
RETRIEVE,937962,1011614,73652
DELETE,2635708,2772053,136345
ADD,4358411,4594775,236364
RETRIEVE,92342,160880,68538
DELETE,4421935,4576735,154800
RETRIEVE,3089921,3147701,57780
RETRIEVE,301312,336450,35138
ADD,1208287,1392761,184474
DELETE,4263034,4454466,191432
RETRIEVE,3296471,3344707,48236
RETRIEVE,4627940,4705178,77238
RETRIEVE,1773916,1813384,39468
ADD,4571625,4819588,247963
RETRIEVE,967029,1013839,46810
RETRIEVE,1572811,1630313,57502
ADD,3171823,3428588,256765
DELETE,3597030,3909604,312574
DELETE,4185989,4407845,221856
ADD,4339163,4548503,209340
DELETE,1811866,2133343,321477
RETRIEVE,1990486,2045462,54976
DELETE,3135084,3410433,275349
DELETE,3216539,3395556,179017
RETRIEVE,1302342,1363092,60750
RETRIEVE,4796858,4856690,59832
ADD,3751926,3922420,170494
RETRIEVE,2140517,2211501,70984
RETRIEVE,2351647,2404985,53338
DELETE,1662541,1815164,152623
RETRIEVE,1957588,2003280,45692
ADD,2697495,2909281,211786
RETRIEVE,1616910,1666702,49792
RETRIEVE,3230823,3266245,35422
DELETE,702732,1003605,300873
RETRIEVE,2212820,2272012,59192
DELETE,378117,723404,345287
DELETE,1518053,1799711,281658
RETRIEVE,2343115,2397233,54118
RETRIEVE,2738793,2783693,44900
ADD,4602438,4813964,211526
DELETE,641981,883191,241210
DELETE,3191486,3447574,256088
RETRIEVE,4714787,4768107,53320
DELETE,3440173,3678353,238180
ADD,4118742,4405246,286504
RETRIEVE,1778346,1857284,78938
ADD,1622092,1829440,207348
ADD,3484380,3765260,280880
ADD,1617559,1842408,224849
RETRIEVE,1758566,1808530,49964
RETRIEVE,1565598,1620380,54782
RETRIEVE,3897442,3939726,42284
DELETE,2890811,3146621,255810
ADD,2351510,2531027,179517
DELETE,2565598,2913692,348094
DELETE,3195461,3451225,255764
ADD,773916,955879,181963
RETRIEVE,3703145,3757969,54824
ADD,721604,865212,143608
RETRIEVE,4315876,4359146,43270
DELETE,2595479,2786948,191469
RETRIEVE,2851409,2901191,49782
ADD,1658543,2016809,358266
RETRIEVE,598334,651224,52890
DELETE,3435683,3685073,249390
DELETE,2941994,3265138,323144
ADD,3854531,3943071,88540
ADD,2396169,2590445,194276
ADD,4599029,4785680,186651
DELETE,3960969,4211128,250159
RETRIEVE,3455788,3479890,24102
ADD,3909375,4089133,179758
ADD,710975,798246,87271
ADD,1261674,1575480,313806
RETRIEVE,804178,864504,60326
ADD,1484239,1713868,229629
ADD,853051,1013632,160581
ADD,2909375,3191710,282335
RETRIEVE,4450036,4502674,52638
DELETE,2583157,2758607,175450
RETRIEVE,3275691,3326727,51036
ADD,2885671,3148745,263074
DELETE,4180878,4480250,299372
DELETE,1283502,1658148,374646
ADD,2924057,3213192,289135
DELETE,3489016,3713688,224672
RETRIEVE,4129442,4185070,55628
ADD,3370439,3651847,281408
RETRIEVE,3331590,3397724,66134
ADD,2280738,2517343,236605
ADD,3551908,3706217,154309
ADD,2880036,3129565,249529
RETRIEVE,3003699,3051619,47920
ADD,3362131,3636943,274812
RETRIEVE,4140517,4180543,40026
ADD,400668,574580,173912
ADD,1956589,2114409,157820
RETRIEVE,916605,960243,43638
RETRIEVE,327875,386927,59052
ADD,2132700,2300646,167946
DELETE,4104838,4249762,144924
ADD,1745160,2071427,326267
RETRIEVE,499750,533496,33746
ADD,118140,369198,251058
ADD,1541338,1764871,223533
DELETE,1355847,1694343,338496
DELETE,3659354,3764496,105142
RETRIEVE,3829566,3868472,38906
ADD,979496,1275014,295518
DELETE,1284208,1381809,97601
ADD,1635752,1771708,135956
ADD,4473659,4683555,209896
ADD,4177942,4365445,187503
RETRIEVE,786680,837240,50560
ADD,424893,649992,225099
DELETE,899283,1163385,264102
ADD,3205918,3418602,212684
RETRIEVE,1308192,1367638,59446
RETRIEVE,1238247,1295927,57680
RETRIEVE,3740141,3802173,62032
ADD,2468281,2715596,247315
ADD,4379034,4623699,244665
DELETE,675120,919026,243906
RETRIEVE,1585263,1660643,75380
DELETE,2261911,2335425,73514
DELETE,1535815,1754605,218790
ADD,4715388,4868493,153105
DELETE,960969,1184548,223579
DELETE,451370,663925,212555
RETRIEVE,4172437,4200375,27938
DELETE,1054851,1208020,153169
RETRIEVE,3876206,3938238,62032
RETRIEVE,3439632,3510424,70792
RETRIEVE,1610598,1662790,52192
RETRIEVE,359270,413096,53826
ADD,1903203,2147368,244165
ADD,2252526,2532424,279898
DELETE,2420144,2663021,242877
RETRIEVE,531860,591548,59688
ADD,3982419,4227594,245175
DELETE,257078,316482,59404
RETRIEVE,2003476,2046386,42910
ADD,3875773,4098389,222616
ADD,1804912,1934290,129378
RETRIEVE,425611,463337,37726
DELETE,1337229,1530282,193053
RETRIEVE,4737666,4790754,53088
ADD,3564203,3844101,279898
ADD,2640504,2898853,258349
DELETE,2376741,2688666,311925
DELETE,1712123,1973668,261545
DELETE,1272868,1486238,213370
DELETE,2773362,3051944,278582
ADD,314261,605526,291265
ADD,1876206,2190836,314630
ADD,3301312,3419869,118557
RETRIEVE,281900,323902,42002
RETRIEVE,621381,701081,79700
RETRIEVE,1308188,1372472,64284
DELETE,4113685,4300790,187105
RETRIEVE,1119338,1183340,64002
RETRIEVE,4216766,4283486,66720
RETRIEVE,2649606,2688046,38440
DELETE,2458569,2729147,270578
DELETE,4617559,4793232,175673
DELETE,2331590,2669798,338208
DELETE,3090246,3449994,359748
RETRIEVE,2621381,2703845,82464
DELETE,1197019,1424128,227109
DELETE,3175483,3445672,270189
DELETE,2472632,2644599,171967
RETRIEVE,3153634,3202508,48874
RETRIEVE,2038888,2089394,50506
DELETE,284208,365809,81601
RETRIEVE,703145,756917,53772
DELETE,897442,1106532,209090
RETRIEVE,3753216,3754512,1296
DELETE,349052,525160,176108
RETRIEVE,1006702,1052808,46106
ADD,3967029,4262677,295648
RETRIEVE,2140430,2191124,50694
ADD,3481489,3567732,86243
ADD,2943269,3121036,177767
RETRIEVE,1037553,1109203,71650
RETRIEVE,261674,330436,68762
ADD,3889686,4085379,195693
RETRIEVE,2357096,2414258,57162
RETRIEVE,662541,726789,64248
ADD,2808890,3072279,263389
RETRIEVE,3956589,4015737,59148
ADD,3168744,3319894,151150
RETRIEVE,2022900,2071200,48300
DELETE,2491630,2718758,227128
RETRIEVE,4545547,4605333,59786
ADD,2072942,2344419,271477
RETRIEVE,2567969,2627059,59090
RETRIEVE,3172472,3220078,47606
RETRIEVE,2532576,2567576,35000
DELETE,941574,1242410,300836
DELETE,2628782,2956781,327999
RETRIEVE,3606905,3639061,32156
RETRIEVE,1188766,1249758,60992
RETRIEVE,3571625,3617575,45950
RETRIEVE,4434088,4491518,57430
DELETE,3858345,4036658,178313
ADD,6451,246753,240302
ADD,418775,615654,196879
DELETE,4022900,4369446,346546
RETRIEVE,1146309,1190959,44650
RETRIEVE,1694769,1753163,58394
RETRIEVE,945860,983290,37430
RETRIEVE,1434365,1498323,63958
ADD,4221366,4493324,271958
DELETE,1852504,2080456,227952
DELETE,1412641,1625650,213009
RETRIEVE,594646,639698,45052
DELETE,3730340,3934816,204476
DELETE,1436466,1699290,262824
ADD,175483,357048,181565
DELETE,2627300,2839873,212573
DELETE,2965485,3088776,123291
RETRIEVE,4404880,4446214,41334
RETRIEVE,4623150,4679250,56100
RETRIEVE,4661393,4697387,35994
RETRIEVE,3216519,3280387,63868
DELETE,3872543,4101922,229379
ADD,1488861,1659114,170253
DELETE,3824591,4030855,206264
RETRIEVE,4637419,4690387,52968
DELETE,2847472,3076341,228869
RETRIEVE,3209846,3251922,42076
DELETE,3412025,3621087,209062
RETRIEVE,4827118,4868518,41400
DELETE,1489016,1677696,188680
RETRIEVE,4765458,4826210,60752
RETRIEVE,4814350,4838918,24568
DELETE,321587,585671,264084
DELETE,2084919,2299725,214806
RETRIEVE,1967098,2009762,42664
DELETE,2900195,3105245,205050
RETRIEVE,4612552,4678690,66138
ADD,1517220,1713775,196555
DELETE,2294822,2548316,253494
ADD,1592608,1811231,218623
RETRIEVE,3056738,3105830,49092
RETRIEVE,355847,425529,69682
ADD,1092361,1305666,213305
ADD,3718420,3907971,189551
RETRIEVE,4645016,4671422,26406
RETRIEVE,1263039,1312463,49424
RETRIEVE,480070,542536,62466
RETRIEVE,1145766,1163754,17988
RETRIEVE,2696540,2751906,55366
ADD,4092361,4339926,247565
ADD,2499750,2695314,195564
RETRIEVE,550022,606564,56542
DELETE,830164,1018649,188485
RETRIEVE,3328110,3370836,42726
ADD,678797,1012364,333567
ADD,3698661,3912086,213425
RETRIEVE,2920015,2965609,45594
ADD,1152745,1376611,223866
ADD,2759794,3003301,243507
RETRIEVE,3351510,3383146,31636
RETRIEVE,3075880,3142294,66414
DELETE,1966870,2188207,221337
RETRIEVE,536012,591438,55426
ADD,2088853,2315360,226507
DELETE,532576,770719,238143
RETRIEVE,3723615,3765665,42050
ADD,2347981,2526146,178165
RETRIEVE,906239,944359,38120
RETRIEVE,336335,385469,49134
ADD,3353966,3488078,134112
RETRIEVE,493230,539024,45794
RETRIEVE,2796858,2848304,51446
DELETE,3493230,3723887,230657
RETRIEVE,4657602,4711742,54140
DELETE,3108841,3391611,282770
DELETE,2782344,3094871,312527
ADD,1746869,1938319,191450
RETRIEVE,4107457,4152777,45320
RETRIEVE,2688432,2745370,56938
RETRIEVE,4331501,4388393,56892
DELETE,373726,539801,166075
RETRIEVE,2538198,2579788,41590
DELETE,2136790,2381539,244749
DELETE,242199,496629,254430
DELETE,3635708,3961799,326091
ADD,990486,1160137,169651
RETRIEVE,4135956,4195518,59562
DELETE,2444663,2659311,214648
ADD,678275,904541,226266
DELETE,3258573,3474917,216344
DELETE,2927875,3141801,213926
ADD,1911217,2113090,201873
RETRIEVE,1544231,1578859,34628
DELETE,1714579,1863505,148926
RETRIEVE,1845317,1898801,53484
DELETE,888155,1103239,215084
ADD,56371,104908,48537
DELETE,2875773,3023486,147713
DELETE,3595479,3716769,121290
ADD,534371,846018,311647
DELETE,2037804,2278893,241089
RETRIEVE,1930943,1979387,48444
DELETE,3129089,3286112,157023
DELETE,4309475,4564711,255236
ADD,1555687,1790124,234437
ADD,4261335,4414912,153577
RETRIEVE,378266,425824,47558
RETRIEVE,1398863,1477345,78482
RETRIEVE,4099190,4155210,56020
RETRIEVE,1454628,1520638,66010
DELETE,2239395,2391971,152576
DELETE,1522423,1742908,220485
RETRIEVE,4265007,4286103,21096
RETRIEVE,1167182,1212238,45056
ADD,4042078,4246044,203966
DELETE,2544231,2734282,190051
RETRIEVE,3807128,3867384,60256
RETRIEVE,1287662,1335798,48136
ADD,2493714,2724445,230731
RETRIEVE,3605866,3644066,38200
ADD,4026273,4289013,262740
ADD,4512379,4761102,248723
ADD,4172472,4519713,347241
DELETE,1580958,1760392,179434
ADD,3812904,4057866,244962
RETRIEVE,180587,232729,52142
DELETE,3420144,3520043,99899
RETRIEVE,4363912,4408266,44354
RETRIEVE,489016,532900,43884
RETRIEVE,1595479,1652691,57212
RETRIEVE,907711,952093,44382
RETRIEVE,3331461,3368263,36802
DELETE,60409,261855,201446
DELETE,509491,764736,255245
RETRIEVE,2327179,2360795,33616
ADD,1216519,1434225,217706
RETRIEVE,211341,249555,38214
RETRIEVE,2552485,2606169,53684
RETRIEVE,2403322,2458414,55092
DELETE,4658391,4894005,235614
RETRIEVE,637435,694399,56964
DELETE,1026273,1257227,230954
ADD,2480224,2646252,166028
ADD,2432004,2785619,353615
ADD,4140430,4363852,223422
RETRIEVE,2948662,2986938,38276
RETRIEVE,2451370,2502950,51580
RETRIEVE,2517679,2549693,32014
RETRIEVE,1677751,1737319,59568
DELETE,2501540,2679557,178017
DELETE,90246,315261,225015
ADD,3223752,3439688,215936
RETRIEVE,541338,593112,51774
ADD,327696,620323,292627
RETRIEVE,554014,605712,51698
RETRIEVE,1901347,1947629,46282
DELETE,4115420,4338175,222755
ADD,618690,963189,344499
RETRIEVE,2582714,2625800,43086
ADD,4710975,4857733,146758
RETRIEVE,3358411,3417715,59304
ADD,664677,791470,126793
RETRIEVE,3390183,3433825,43642
DELETE,1093934,1266883,172949
DELETE,3921564,4199276,277712
RETRIEVE,4415970,4456710,40740
ADD,4444304,4668949,224645
ADD,2323530,2591690,268160
ADD,3054851,3240696,185845
DELETE,460297,782237,321940
DELETE,1538571,1790064,251493
DELETE,1242199,1308208,66009
DELETE,2674960,2989183,314223
DELETE,3556326,3776098,219772
ADD,393675,609305,215630
ADD,2906239,3079151,172912
DELETE,201291,484682,283391
ADD,653645,866589,212944
DELETE,3610598,3919892,309294
RETRIEVE,434365,493667,59302
ADD,1759072,1889479,130407
ADD,3415970,3667824,251854
RETRIEVE,1931947,1967463,35516
RETRIEVE,1265007,1322249,57242
RETRIEVE,3351700,3415926,64226
ADD,4146309,4336156,189847
ADD,3604912,3748947,144035
ADD,1939656,2194707,255051
RETRIEVE,688205,732953,44748
DELETE,4148368,4366713,218345
ADD,3221366,3397743,176377
ADD,1984361,2204883,220522
DELETE,2954611,3203167,248556
RETRIEVE,730947,755953,25006
ADD,3598334,3861120,262786
RETRIEVE,4188766,4238328,49562
ADD,2579875,2893125,313250
DELETE,2967029,3213297,246268
ADD,1441250,1749201,307951
RETRIEVE,1056122,1124550,68428
DELETE,3942470,4105932,163462
ADD,840828,1076831,236003
RETRIEVE,4002600,4028954,26354
RETRIEVE,2770656,2803874,33218
DELETE,4378266,4588477,210211
RETRIEVE,4575628,4618358,42730
RETRIEVE,642135,689249,47114
DELETE,3678004,3900963,222959
DELETE,2323407,2499265,175858
ADD,4376697,4638140,261443
RETRIEVE,4783236,4830444,47208
ADD,4056122,4350065,293943
RETRIEVE,2596220,2636370,40150
DELETE,942470,1078713,136243
RETRIEVE,1202500,1246238,43738
ADD,1569485,1771135,201650
ADD,1650454,2002504,352050
ADD,961478,1270494,309016
RETRIEVE,2665304,2689252,23948
ADD,4247679,4412373,164694
ADD,638585,874903,236318
DELETE,691445,846365,154920
RETRIEVE,2263039,2313269,50230
RETRIEVE,2560355,2611521,51166
ADD,3710975,3909355,198380
RETRIEVE,2480070,2540640,60570
RETRIEVE,2503170,2538306,35136
RETRIEVE,3302127,3343295,41168
DELETE,1393675,1635422,241747
RETRIEVE,2751926,2787736,35810
RETRIEVE,3748675,3796211,47536
RETRIEVE,2208287,2261539,53252
RETRIEVE,1656245,1714215,57970
RETRIEVE,4345708,4371872,26164
DELETE,3939656,4203906,264250
RETRIEVE,4280738,4322034,41296
ADD,678004,1004465,326461
ADD,635533,743603,108070
RETRIEVE,799013,842473,43460
RETRIEVE,2976341,3005515,29174
RETRIEVE,1032247,1084167,51920
RETRIEVE,765997,793349,27352
RETRIEVE,328110,330760,2650
RETRIEVE,3321891,3363929,42038
DELETE,4242199,4513259,271060
DELETE,1519330,1750580,231250
RETRIEVE,230228,262216,31988
ADD,4149906,4276959,127053
ADD,2967098,3276522,309424
ADD,3871884,4075767,203883
DELETE,124555,280476,155921
DELETE,827530,1005630,178100
ADD,1829566,2010177,180611
DELETE,1941574,2182867,241293
DELETE,4006451,4258213,251762
DELETE,670920,863037,192117
DELETE,1737666,1981692,244026
DELETE,4087249,4328690,241441
RETRIEVE,126460,197146,70686
RETRIEVE,1314945,1366269,51324
ADD,4650701,4779922,129221
RETRIEVE,1157748,1205088,47340
RETRIEVE,3000509,3067655,67146
RETRIEVE,1665304,1702706,37402
RETRIEVE,2079397,2133485,54088
RETRIEVE,4285786,4335194,49408
DELETE,2366206,2593843,227637
ADD,3345912,3699055,353143
RETRIEVE,2405506,2457258,51752
RETRIEVE,602438,671214,68776
RETRIEVE,1675971,1722297,46326
RETRIEVE,2901670,2943432,41762
DELETE,2010448,2010448,0
ADD,4541203,4775483,234280
RETRIEVE,2857119,2898525,41406
DELETE,2952811,3215255,262444
DELETE,1625248,1901366,276118
DELETE,1045234,1280718,235484
ADD,2211341,2472358,261017
ADD,1102222,1304715,202493
ADD,2090512,2401650,311138
DELETE,3319608,3577003,257395
RETRIEVE,6702,70530,63828
DELETE,3710636,3928610,217974
ADD,1582714,1923479,340765
RETRIEVE,3146464,3207822,61358
ADD,2969756,3217932,248176
RETRIEVE,4556326,4608480,52154
ADD,405506,642565,237059
RETRIEVE,1578647,1622331,43684
ADD,2612552,2816574,204022
ADD,1678275,1889384,211109
RETRIEVE,1092342,1141094,48752
DELETE,1831386,2145025,313639
DELETE,1899283,2166868,267585
ADD,829566,988201,158635
DELETE,2290873,2482999,192126
ADD,4178267,4474230,295963
ADD,2202500,2565815,363315
DELETE,2976830,3296324,319494
RETRIEVE,4257078,4305892,48814
ADD,2002600,2130987,128387
DELETE,240598,613437,372839
DELETE,3911337,4083267,171930
DELETE,1075880,1353221,277341
RETRIEVE,1426040,1474746,48706
DELETE,2312859,2520920,208061
ADD,2870861,3233027,362166
ADD,4605866,4756571,150705
RETRIEVE,2899451,2908173,8722
ADD,2784589,3037954,253365
RETRIEVE,436466,472530,36064
ADD,2713185,2975638,262453
RETRIEVE,3072611,3160197,87586
RETRIEVE,3674960,3740468,65508
ADD,2035400,2244721,209321
ADD,1659354,1861366,202012
ADD,1393524,1521318,127794
RETRIEVE,1771736,1812422,40686
DELETE,4342241,4489527,147286
RETRIEVE,2434088,2503954,69866
DELETE,2600,258994,256394
RETRIEVE,3830509,3883451,52942
DELETE,3010448,3194700,184252
RETRIEVE,538198,551758,13560
RETRIEVE,2673529,2700939,27410
RETRIEVE,2292637,2346789,54152
RETRIEVE,1066025,1121609,55584
DELETE,1828940,2020159,191219
ADD,651564,758995,107431
RETRIEVE,760494,769322,8828
DELETE,2314945,2611324,296379
ADD,1801679,1976212,174533
DELETE,3142276,3401755,259479
DELETE,2484380,2659793,175413
DELETE,3132472,3219456,86984
ADD,1905102,2158707,253605
ADD,189097,399308,210211
DELETE,4332472,4499677,167205
RETRIEVE,3138667,3185839,47172
RETRIEVE,2450036,2486204,36168
RETRIEVE,205918,252650,46732
RETRIEVE,2308192,2354452,46260
RETRIEVE,3810757,3858933,48176
DELETE,2860654,3201077,340423
ADD,577633,879228,301595
RETRIEVE,2138667,2202559,63892
DELETE,2721042,2923813,202771
ADD,275691,521468,245777
ADD,1126460,1202521,76061
RETRIEVE,236719,271733,35014
DELETE,3454628,3686156,231528
RETRIEVE,53980,111718,57738
DELETE,2358411,2555373,196962
DELETE,4230823,4462147,231324
RETRIEVE,2311566,2343608,32042
RETRIEVE,4636221,4646127,9906
DELETE,4030268,4319023,288755
RETRIEVE,4138667,4186969,48302
ADD,4773916,4876844,102928
ADD,4544414,4753402,208988
DELETE,1266134,1512439,246305
RETRIEVE,3622092,3678150,56058
RETRIEVE,3653645,3695261,41616
RETRIEVE,4643385,4696589,53204
DELETE,1916605,2158398,241793
DELETE,2124883,2391042,266159
DELETE,84919,374637,289718
RETRIEVE,354307,417457,63150
RETRIEVE,4308192,4373598,65406
RETRIEVE,3353108,3396312,43204
ADD,3541183,3778715,237532
DELETE,3799013,4057816,258803
RETRIEVE,2921564,2999312,77748
DELETE,1567969,1797654,229685
DELETE,545428,913227,367799
RETRIEVE,3951339,4000319,48980
DELETE,2092342,2387156,294814
DELETE,3901347,4064476,163129
RETRIEVE,824178,838554,14376
DELETE,973354,1262980,289626
DELETE,2075880,2291038,215158
DELETE,4018154,4367887,349733
RETRIEVE,4318740,4356348,37608
DELETE,4017168,4141618,124450
ADD,4126318,4289956,163638
DELETE,2550466,2792852,242386
ADD,974663,1105588,130925
RETRIEVE,813315,862287,48972
ADD,3245992,3300087,54095
ADD,723615,878443,154828
RETRIEVE,4337229,4400551,63322
RETRIEVE,1426360,1476126,49766
DELETE,1976591,2177213,200622
RETRIEVE,20181,63069,42888
RETRIEVE,1212117,1272313,60196
ADD,3870712,4108410,237698
DELETE,941994,1196498,254504
DELETE,1271354,1496916,225562
ADD,2339163,2563252,224089
RETRIEVE,3389029,3425509,36480
ADD,2146464,2401681,255217
DELETE,939656,1105777,166121
ADD,4498970,4747702,248732
ADD,752911,935829,182918
RETRIEVE,2982109,3038659,56550
RETRIEVE,2020181,2084557,64376
ADD,559922,814278,254356
DELETE,4189221,4474066,284845
ADD,1946842,2100299,153457
ADD,897146,1073254,176108
ADD,3416806,3627007,210201
RETRIEVE,650454,718520,68066
ADD,1813315,2043407,230092
ADD,2379034,2580416,201382
DELETE,133208,286498,153290
RETRIEVE,4066025,4123733,57708
ADD,1529818,1764311,234493
ADD,1649491,1818280,168789
DELETE,2888155,3159261,271106
ADD,4373726,4559173,185447
DELETE,930501,1184764,254263
ADD,1378117,1590746,212629
RETRIEVE,3284208,3322474,38266
ADD,627300,807837,180537
ADD,2907071,3078992,171921
DELETE,2262984,2540992,278008
RETRIEVE,1175483,1220341,44858
RETRIEVE,784051,843865,59814
DELETE,1850275,2127607,277332
RETRIEVE,3054803,3110867,56064
DELETE,1414903,1690817,275914
ADD,2195461,2401104,205643
ADD,3903203,4175940,272737
RETRIEVE,4426040,4474252,48212
RETRIEVE,3391937,3414467,22530
ADD,290873,509051,218178
RETRIEVE,2686785,2738739,51954
RETRIEVE,4830509,4891847,61338
RETRIEVE,3834163,3888339,54176
RETRIEVE,1794467,1835695,41228
DELETE,555687,728951,173264
RETRIEVE,1558232,1601340,43108
RETRIEVE,1321891,1377931,56040
RETRIEVE,2191486,2252682,61196
DELETE,3768276,4044070,275794
RETRIEVE,3969006,4004440,35434
DELETE,2092361,2394030,301669
ADD,1930501,2131188,200687
DELETE,96281,285563,189282
DELETE,302127,420870,118743
RETRIEVE,1751926,1805588,53662
ADD,2487311,2680197,192886
RETRIEVE,2271354,2320170,48816
ADD,4444663,4688939,244276
DELETE,2765458,3022556,257098
ADD,2305234,2516890,211656
RETRIEVE,3331501,3381261,49760
ADD,3308188,3514582,206394
RETRIEVE,4613810,4659884,46074
DELETE,4480070,4760607,280537
RETRIEVE,3452616,3494350,41734
RETRIEVE,3621893,3655965,34072
RETRIEVE,806931,860429,53498
DELETE,3026362,3348385,322023
RETRIEVE,3696540,3751344,54804
DELETE,1939629,2151748,212119
RETRIEVE,4393524,4426302,32778
RETRIEVE,4636891,4682471,45580
DELETE,3007908,3218999,211091
ADD,1598334,1904135,305801
RETRIEVE,2569485,2588369,18884
ADD,2362131,2628308,266177
DELETE,1494224,1693493,199269
ADD,4712123,4851118,138995
RETRIEVE,4266699,4294799,28100
ADD,2942470,3145352,202882
RETRIEVE,1604084,1653788,49704
DELETE,3185789,3365066,179277
ADD,3784589,4086212,301623
DELETE,1897146,2067232,170086
ADD,3345708,3491253,145545
ADD,80847,252267,171420
RETRIEVE,63049,116763,53714
DELETE,2564203,2851429,287226
RETRIEVE,4510901,4544813,33912
RETRIEVE,1693673,1745705,52032
DELETE,2183538,2401188,217650
RETRIEVE,2801679,2851733,50054
DELETE,288531,540237,251706
DELETE,380662,644736,264074
RETRIEVE,3132700,3163536,30836
DELETE,132700,291993,159293
ADD,4281077,4484617,203540
ADD,3703011,3828720,125709
RETRIEVE,3035400,3086486,51086
ADD,3135255,3367497,232242
ADD,4311566,4515440,203874
DELETE,4545428,4786749,241321
RETRIEVE,1376697,1421453,44756
ADD,3793715,4019833,226118
DELETE,2690696,3087419,396723
DELETE,4391937,4577847,185910
ADD,3665304,3894155,228851
RETRIEVE,583157,629899,46742
ADD,1322130,1587585,265455
RETRIEVE,4810757,4879801,69044
ADD,2637435,3004780,367345
DELETE,1969756,2221879,252123
RETRIEVE,2441250,2514810,73560
DELETE,4173467,4423515,250048
DELETE,1948353,2130548,182195
ADD,488861,654815,165954
DELETE,1195461,1346879,151418
RETRIEVE,3824178,3845224,21046
RETRIEVE,4834163,4881321,47158
RETRIEVE,140517,201137,60620
RETRIEVE,3288287,3332577,44290
RETRIEVE,807406,882116,74710
DELETE,372661,590672,218011
DELETE,3742569,4022976,280407
RETRIEVE,386252,423448,37196
RETRIEVE,4364591,4446497,81906
DELETE,801679,965354,163675
ADD,2947763,3210068,262305
RETRIEVE,1309336,1358918,49582
DELETE,4424893,4639578,214685
DELETE,1467984,1732938,264954
ADD,3464312,3769761,305449
ADD,1223752,1403464,179712
ADD,1357096,1593127,236031
ADD,1739330,2039489,300159
DELETE,3512550,3609521,96971
RETRIEVE,1480769,1534319,53550
ADD,2652316,2811489,159173
ADD,327179,470899,143720
ADD,2226319,2556310,329991
RETRIEVE,1450036,1480282,30246
DELETE,3230576,3420201,189625
DELETE,538571,715902,177331
ADD,2736597,2986154,249557
ADD,2212117,2334019,121902
RETRIEVE,2746869,2786791,39922
ADD,2854383,2997306,142923
RETRIEVE,366206,411294,45088
DELETE,2216766,2567380,350614
DELETE,330401,556065,225664
DELETE,1921564,2167804,246240
RETRIEVE,1545547,1606845,61298
RETRIEVE,753216,804456,51240
RETRIEVE,3700644,3767074,66430
RETRIEVE,4658117,4707057,48940
DELETE,2460297,2738657,278360
DELETE,123445,303333,179888
RETRIEVE,544231,587735,43504
RETRIEVE,3887838,3941696,53858
ADD,1526880,1669590,142710
DELETE,2541183,2796780,255597
DELETE,3633091,3944257,311166
RETRIEVE,474985,514111,39126
RETRIEVE,4223752,4282026,58274
ADD,730105,835942,105837
DELETE,2606905,2778538,171633
RETRIEVE,2153634,2196328,42694
DELETE,487311,640508,153197
ADD,1575372,1777050,201678
DELETE,1941994,2094005,152011
RETRIEVE,2573789,2616295,42506
RETRIEVE,3424893,3476695,51802
DELETE,605866,840312,234446
RETRIEVE,1784277,1837819,53542
ADD,3162636,3393034,230398
DELETE,1103992,1276969,172977
DELETE,1162636,1385520,222884
DELETE,2537275,2707333,170058
DELETE,202500,416018,213518
RETRIEVE,945350,997670,52320
RETRIEVE,1798186,1819484,21298
RETRIEVE,435683,501805,66122
ADD,2956589,3065539,108950
RETRIEVE,1275117,1300905,25788
RETRIEVE,854531,882359,27828
DELETE,468281,757907,289626
RETRIEVE,1831251,1872817,41566
ADD,514796,576646,61850
DELETE,1185989,1398960,212971
RETRIEVE,3773916,3824824,50908
RETRIEVE,4415355,4459171,43816
ADD,390322,659649,269327
DELETE,3491219,3689358,198139
DELETE,462097,663997,201900
RETRIEVE,4455788,4498930,43142
ADD,452616,657981,205365
RETRIEVE,2833971,2872615,38644
ADD,3942095,4003982,61887
DELETE,3379034,3571448,192414
DELETE,4191486,4513593,322107
ADD,713185,947215,234030
RETRIEVE,2526880,2564136,37256
RETRIEVE,4813446,4829328,15882
ADD,889686,1115887,226201
RETRIEVE,1117844,1189652,71808
ADD,1652316,1837429,185113
ADD,3153642,3366326,212684
RETRIEVE,1721604,1762768,41164
RETRIEVE,866184,910188,44004
RETRIEVE,632834,693854,61020
RETRIEVE,3412641,3474251,61610
DELETE,2850275,3134453,284178
ADD,1577633,1790178,212545
DELETE,2623150,2810894,187744
DELETE,4552485,4789702,237217
RETRIEVE,4661933,4692439,30506
DELETE,4517679,4787562,269883
RETRIEVE,1331590,1389470,57880
DELETE,1740141,2094692,354551
RETRIEVE,2845317,2899969,54652
DELETE,3074176,3321861,247685
DELETE,3441250,3864506,423256
RETRIEVE,2723615,2763447,39832
RETRIEVE,1475007,1517853,42846
DELETE,2781373,3121416,340043
ADD,714579,936481,221902
DELETE,371147,508780,137633
RETRIEVE,3510445,3551045,40600
ADD,696540,962291,265751
DELETE,2740575,2882080,141505
ADD,2467984,2672497,204513
DELETE,1275159,1534193,259034
DELETE,636891,815325,178434
RETRIEVE,1184151,1239303,55152
DELETE,3900195,4124858,224663
ADD,3351647,3593403,241756
RETRIEVE,4805233,4858591,53358
ADD,2223752,2381878,158126
DELETE,1327179,1535602,208423
DELETE,1813798,2102321,288523
DELETE,2195707,2434573,238866
RETRIEVE,2415970,2460376,44406
ADD,2880497,3047183,166686
RETRIEVE,4323407,4377255,53848
DELETE,4389312,4476454,87142
DELETE,4568591,4816341,247750
RETRIEVE,2172472,2245480,73008
RETRIEVE,3617559,3666423,48864
DELETE,4015505,4358309,342804
DELETE,1185789,1444471,258682
ADD,3638585,3848073,209488
RETRIEVE,3762401,3808203,45802
RETRIEVE,2897095,2933917,36822
DELETE,209846,508523,298677
DELETE,4226676,4416903,190227
RETRIEVE,287662,333582,45920
ADD,275159,515535,240376
DELETE,2555687,2819020,263333
RETRIEVE,3326619,3381123,54504
RETRIEVE,4634982,4698190,63208
ADD,1030268,1217929,187661
ADD,3228847,3443125,214278
RETRIEVE,1118140,1173448,55308
ADD,277286,611687,334401
DELETE,3339194,3545606,206412
ADD,166630,216232,49602
RETRIEVE,2902421,2946763,44342
RETRIEVE,3022900,3066866,43966
ADD,2853051,2959305,106254
RETRIEVE,2659354,2684256,24902
DELETE,392981,666264,273283
DELETE,2126460,2248232,121772
ADD,2632467,2827734,195267
DELETE,4484239,4710931,226692
RETRIEVE,1805233,1844831,39598
DELETE,606905,806119,199214
RETRIEVE,2811574,2848956,37382
DELETE,1942470,2172016,229546
DELETE,390183,614828,224645
RETRIEVE,795940,818480,22540
ADD,351700,645847,294147
RETRIEVE,900195,942035,41840
ADD,573532,828156,254624
RETRIEVE,2903203,2942501,39298
ADD,2364591,2674043,309452
DELETE,2853328,3094408,241080
RETRIEVE,1931236,1988458,57222
DELETE,2185989,2338917,152928
ADD,4302127,4472408,170281
DELETE,838114,1115094,276980
RETRIEVE,1148368,1188074,39706
ADD,4000509,4087354,86845
DELETE,3640504,3813620,173116
DELETE,517220,732739,215519
DELETE,2545777,2739636,193859
RETRIEVE,1240265,1278805,38540
RETRIEVE,2003699,2031943,28244
RETRIEVE,1288287,1323567,35280
DELETE,1871884,2089256,217372
ADD,185789,415270,229481
DELETE,2650701,2747014,96313
DELETE,3309475,3394060,84585
DELETE,2534371,2821115,286744
ADD,2111797,2272535,160738
DELETE,318740,584630,265890
ADD,4230576,4443770,213194
DELETE,698661,949265,250604
ADD,1328795,1580409,251614
RETRIEVE,1512379,1566769,54390
ADD,3807406,3993909,186503
DELETE,972497,1209047,236550
ADD,3520323,3740567,220244
DELETE,4244477,4477571,233094
RETRIEVE,3189097,3237009,47912
RETRIEVE,2602251,2639341,37090
DELETE,268405,494467,226062
RETRIEVE,1104838,1133238,28400
RETRIEVE,1288531,1353679,65148
DELETE,1345912,1563173,217261
DELETE,4710691,4878415,167724
ADD,4752911,4874285,121374
DELETE,602251,837151,234900
DELETE,958533,1137031,178498
ADD,3643385,3879091,235706
RETRIEVE,3102222,3144802,42580
DELETE,2212343,2450792,238449
ADD,4277286,4414974,137688
RETRIEVE,4778022,4819352,41330
DELETE,2978046,3158573,180527
RETRIEVE,2416806,2469362,52556
DELETE,3503170,3702930,199760
RETRIEVE,2535178,2568476,33298
ADD,1940629,2130736,190107
RETRIEVE,3197019,3248579,51560
ADD,4345912,4607874,261962
ADD,3319838,3609630,289792
RETRIEVE,200357,227959,27602
DELETE,4503941,4798727,294786
RETRIEVE,3263039,3307991,44952
RETRIEVE,4567969,4615985,48016
RETRIEVE,4290873,4302191,11318
DELETE,178267,441109,262842
DELETE,3866779,4147863,281084
DELETE,4355847,4676444,320597
RETRIEVE,1806931,1841913,34982
RETRIEVE,2356377,2426427,70050
RETRIEVE,2939656,2973490,33834
ADD,4386746,4591509,204763
DELETE,1690696,1823761,133065
DELETE,2889686,3121853,232167
ADD,484239,748776,264537
ADD,1000509,1244563,244054
ADD,4472122,4695581,223459
RETRIEVE,1205918,1256920,51002
RETRIEVE,3247588,3289980,42392
ADD,3653505,3868329,214824
ADD,4544670,4767638,222968
DELETE,2371319,2586338,215019
DELETE,422386,640759,218373
DELETE,4272868,4484283,211415
ADD,4707660,4805493,97833
RETRIEVE,2893270,2914198,20928
RETRIEVE,1135956,1172592,36636
ADD,143985,307558,163573
DELETE,1898370,2019985,121615
ADD,3421935,3587862,165927
DELETE,813798,1116348,302550
ADD,3327179,3568342,241163
DELETE,4034318,4309232,274914
DELETE,54803,277965,223162
DELETE,2559922,2776618,216696
ADD,741857,897139,155282
RETRIEVE,1030441,1089875,59434
ADD,3030268,3213325,183057
DELETE,480224,805129,324905
ADD,2011043,2206097,195054
RETRIEVE,2042078,2090938,48860
DELETE,2563084,2789850,226766
ADD,793715,989621,195906
ADD,1834869,1967740,132871
ADD,3575326,3858309,282983
RETRIEVE,386820,429848,43028
ADD,4040556,4227846,187290
RETRIEVE,4343115,4382241,39126
ADD,108841,369172,260331
RETRIEVE,4496027,4570579,74552
RETRIEVE,319608,368088,48480
DELETE,1536012,1689765,153753
DELETE,2173467,2411851,238384
ADD,2007908,2218813,210905
ADD,283735,648431,364696
DELETE,2910874,3157346,246472
ADD,1244477,1532064,287587
DELETE,4115228,4309096,193868
RETRIEVE,4628782,4687816,59034
ADD,142276,371803,229527
ADD,710636,917020,206384
ADD,3156970,3377992,221022
RETRIEVE,2777389,2811673,34284
RETRIEVE,2637419,2703109,65690
RETRIEVE,1889686,1938646,48960
DELETE,1469492,1660266,190774
DELETE,4124883,4302335,177452
RETRIEVE,3830819,3875749,44930
RETRIEVE,4505836,4570970,65134
RETRIEVE,4758566,4823956,65390
RETRIEVE,4405798,4445978,40180
DELETE,4412025,4645165,233140
ADD,2891286,3086775,195489
ADD,3777389,4018506,241117
RETRIEVE,4223770,4279590,55820
ADD,4627300,4829784,202484
RETRIEVE,1493020,1534242,41222
RETRIEVE,3080847,3115553,34706
RETRIEVE,1386746,1424226,37480
DELETE,1756037,2061218,305181
RETRIEVE,1472632,1521144,48512
RETRIEVE,2481890,2505342,23452
RETRIEVE,3693673,3738499,44826
DELETE,1290873,1425828,134955
ADD,3480769,3724295,243526
ADD,175759,422388,246629
ADD,493020,775308,282288
ADD,331501,533383,201882
ADD,3665779,3939071,273292
RETRIEVE,4503170,4555120,51950
RETRIEVE,3056371,3094275,37904
RETRIEVE,1672098,1724066,51968
RETRIEVE,2669816,2738352,68536
DELETE,2966870,3131370,164500
RETRIEVE,3598812,3663290,64478
RETRIEVE,4056371,4097099,40728
RETRIEVE,1696540,1728554,32014
DELETE,1710636,1995314,284678
ADD,2216519,2389848,173329
ADD,593711,867457,273746
ADD,3167683,3438381,270698
DELETE,1134154,1299080,164926
ADD,2572811,2837497,264686
DELETE,931947,1207009,275062
ADD,2466204,2744045,277841
RETRIEVE,2142276,2182754,40478
ADD,2744104,2920231,176127
DELETE,520323,702184,181861
DELETE,1899451,2084824,185373
DELETE,2633091,2858551,225460
RETRIEVE,1354451,1414583,60132
RETRIEVE,36417,77975,41558
ADD,603590,843827,240237
RETRIEVE,1937962,1997634,59672
DELETE,3516354,3685532,169178
ADD,4053980,4356807,302827
DELETE,2423710,2642574,218864
DELETE,1473659,1662274,188615
DELETE,1722735,1980899,258164
ADD,2929678,3212828,283150
DELETE,4371190,4562946,191756
RETRIEVE,329899,396235,66336
ADD,1492998,1701152,208154
DELETE,1575326,1872437,297111
ADD,3216459,3420657,204198
RETRIEVE,4357096,4410630,53534
ADD,1902664,2189103,286439
DELETE,4580958,4847219,266261
DELETE,1897095,2012530,115435
DELETE,3242199,3407746,165547
DELETE,3475335,3639585,164250
RETRIEVE,2026974,2056472,29498
ADD,280738,594025,313287
RETRIEVE,4555687,4608075,52388
ADD,2064695,2436524,371829
ADD,904636,1252007,347371
ADD,1478977,1725365,246388
RETRIEVE,656245,687369,31124
RETRIEVE,4261911,4295431,33520
DELETE,3436466,3763955,327489
RETRIEVE,4478977,4536565,57588
RETRIEVE,4118140,4163738,45598
RETRIEVE,1301585,1352579,50994
ADD,2448118,2681462,233344
RETRIEVE,2710975,2732079,21104
ADD,2928236,3133759,205523
DELETE,1088934,1300006,211072
RETRIEVE,2762401,2808345,45944
DELETE,3275117,3681688,406571
RETRIEVE,592608,627072,34464
DELETE,3144981,3317893,172912
ADD,578647,880604,301957
ADD,682273,924289,242016
DELETE,3568591,3831368,262777
RETRIEVE,3354307,3388941,34634
DELETE,3831251,4070283,239032
RETRIEVE,1351851,1395333,43482
ADD,1138667,1503566,364899
RETRIEVE,2206043,2259509,53466
RETRIEVE,454628,526590,71962
DELETE,1208437,1422140,213703
RETRIEVE,396452,463154,66702
DELETE,4496110,4791878,295768
RETRIEVE,3838114,3881170,43056
RETRIEVE,4347981,4389257,41276
ADD,157748,352876,195128
RETRIEVE,1172437,1215981,43544
DELETE,1545777,1814113,268336
ADD,4207987,4425665,217678
RETRIEVE,790100,829428,39328
DELETE,3322130,3512311,190181
RETRIEVE,632798,682594,49796
RETRIEVE,2805233,2851733,46500
RETRIEVE,820774,878972,58198
ADD,3854829,4107017,252188
RETRIEVE,2272545,2310423,37878
RETRIEVE,1553012,1615558,62546
ADD,216539,462770,246231
ADD,247679,493836,246157
DELETE,855271,1116075,260804
RETRIEVE,3957588,3997940,40352
ADD,3331633,3541408,209775
DELETE,4003476,4333328,329852
ADD,4380662,4668351,287689
RETRIEVE,1904636,1966452,61816
DELETE,1741857,1946277,204420
RETRIEVE,1704871,1761547,56676
RETRIEVE,3837080,3880754,43674
RETRIEVE,4814129,4842479,28350
DELETE,3469059,3828557,359498
DELETE,3174179,3395655,221476
RETRIEVE,1833971,1881521,47550
RETRIEVE,4535815,4577189,41374
ADD,2469492,2586567,117075
ADD,4633091,4771984,138893
RETRIEVE,1032423,1091837,59414
DELETE,810757,1145843,335086
ADD,4386820,4452375,65555
RETRIEVE,148338,208502,60164
DELETE,1907071,2033512,126441
ADD,2693673,2912676,219003
ADD,146309,404120,257811
RETRIEVE,2558307,2668925,110618
ADD,4233419,4501458,268039
ADD,756795,986359,229564
RETRIEVE,2108711,2141307,32596
ADD,3980412,4116692,136280
ADD,1664415,1841792,177377
RETRIEVE,3558307,3612049,53742
RETRIEVE,3765997,3804209,38212
RETRIEVE,366637,411957,45320
ADD,1057272,1410656,353384
ADD,2873469,3085662,212193
RETRIEVE,1827530,1885236,57706
ADD,4301889,4678517,376628
RETRIEVE,2503941,2558165,54224
ADD,505986,776342,270356
DELETE,1319608,1584071,264463
ADD,3657602,3854574,196972
RETRIEVE,3632834,3696066,63232
RETRIEVE,4704871,4754355,49484
ADD,3984361,4107161,122800
ADD,3967098,4258947,291849
ADD,4506058,4799955,293897
RETRIEVE,4480769,4537443,56674
RETRIEVE,3528656,3585428,56772
RETRIEVE,2090204,2147878,57674
RETRIEVE,1661933,1706267,44334
DELETE,2518054,2743616,225562
ADD,3652316,3923227,270911
ADD,3476,280808,277332
DELETE,4326619,4578677,252058
RETRIEVE,544414,602382,57968
RETRIEVE,973081,1038563,65482
DELETE,3450255,3739232,288977
RETRIEVE,2250995,2295911,44916
RETRIEVE,2904636,2957280,52644
DELETE,3541203,3799691,258488
ADD,289718,529621,239903
RETRIEVE,4808890,4854096,45206
ADD,3881256,4124911,243655
DELETE,1747633,1977679,230046
ADD,2242199,2512832,270633
RETRIEVE,2537682,2599402,61720
RETRIEVE,1924057,1967777,43720
RETRIEVE,2026362,2082686,56324
ADD,2634982,2884344,249362
DELETE,2582518,2678414,95896
DELETE,976830,1257339,280509
RETRIEVE,4447279,4480829,33550
ADD,3902421,4058611,156190
DELETE,144981,320524,175543
RETRIEVE,3725067,3770479,45412
ADD,1389029,1587270,198241
RETRIEVE,739330,789564,50234
RETRIEVE,2314261,2381627,67366
DELETE,470851,650294,179443
DELETE,1391254,1555374,164120
DELETE,595479,845814,250335
DELETE,3904776,4101229,196453
ADD,3860654,4210341,349687
RETRIEVE,3115228,3172362,57134
RETRIEVE,2094907,2105287,10380
DELETE,1602251,1784789,182538
DELETE,1881256,2201955,320699
RETRIEVE,1060409,1121087,60678
RETRIEVE,4464312,4524112,59800
ADD,3389312,3640675,251363
DELETE,4351700,4576382,224682
ADD,1391937,1552833,160896
ADD,4305234,4436169,130935
RETRIEVE,3582518,3634322,51804
ADD,931236,1163357,232121
RETRIEVE,4824038,4880484,56446
ADD,90204,287926,197722
RETRIEVE,2157748,2214974,57226
ADD,2703011,2884289,181278
RETRIEVE,2829566,2895830,66264
RETRIEVE,1982109,2030861,48752
DELETE,831386,1069492,238106
ADD,2665779,2919912,254133
ADD,4631979,4881184,249205
RETRIEVE,1838114,1897290,59176
DELETE,2810757,3245399,434642
ADD,3125581,3270005,144424
RETRIEVE,2041759,2082363,40604
DELETE,721042,856711,135669
DELETE,90512,302742,212230
RETRIEVE,757356,816746,59390
RETRIEVE,696309,752919,56610
DELETE,1034318,1259778,225460
ADD,1233419,1440359,206940
DELETE,1175759,1472981,297222
ADD,3978046,4150402,172356
RETRIEVE,4765997,4809633,43636
RETRIEVE,3760494,3784952,24458
RETRIEVE,2245992,2289678,43686
RETRIEVE,2605866,2629436,23570
RETRIEVE,3366206,3409088,42882
DELETE,4812904,4877097,64193
DELETE,2415355,2612883,197528
RETRIEVE,3297778,3371990,74212
ADD,4470501,4564999,94498
DELETE,3885671,4164957,279286
ADD,1118742,1332983,214241
DELETE,4125581,4346168,220587
ADD,1054803,1263411,208608
DELETE,3573532,3822857,249325
DELETE,834869,1047516,212647
RETRIEVE,831251,877763,46512
RETRIEVE,469492,501634,32142
DELETE,2577633,2809939,232306
DELETE,2386252,2608896,222644
RETRIEVE,2502030,2543770,41740
RETRIEVE,4672098,4727774,55676
RETRIEVE,1327696,1384410,56714
ADD,1330401,1519405,189004
DELETE,2945350,3077739,132389
DELETE,3298512,3462947,164435
RETRIEVE,263034,291062,28028
RETRIEVE,1423710,1489832,66122
RETRIEVE,439632,514326,74694
ADD,517679,722887,205208
RETRIEVE,2238585,2238701,116
RETRIEVE,1223770,1269198,45428
ADD,2554803,2738897,184094
ADD,1632798,1941740,308942
ADD,4216459,4489844,273385
ADD,903203,1144644,241441
DELETE,4667706,4891721,224015
ADD,1124555,1369619,245064
ADD,3240598,3529306,288708
DELETE,570055,741976,171921
RETRIEVE,1643933,1710407,66474
DELETE,2493230,2733930,240700
ADD,3736597,3919311,182714
RETRIEVE,901370,953990,52620
ADD,458569,626784,168215
ADD,3770656,3994180,223524
RETRIEVE,4036417,4087161,50744
DELETE,1651564,1798109,146545
ADD,1730340,2076497,346157
RETRIEVE,1598812,1648530,49718
RETRIEVE,2026273,2069621,43348
RETRIEVE,1458569,1458569,0
RETRIEVE,1730750,1784686,53936
ADD,396169,580689,184520
RETRIEVE,1290212,1295932,5720
DELETE,2381285,2619428,238143
RETRIEVE,3214632,3264588,49956
DELETE,1954611,2254946,300335
RETRIEVE,470501,515195,44694
RETRIEVE,2197019,2255333,58314
ADD,2813798,2993881,180083
RETRIEVE,2573532,2619574,46042
RETRIEVE,4371319,4411395,40076
DELETE,398863,774092,375229
DELETE,2263034,2352983,89949
ADD,1321587,1601096,279509
ADD,2327696,2539130,211434
RETRIEVE,2345912,2374898,28986
RETRIEVE,776651,855525,78874
RETRIEVE,2030268,2074350,44082
RETRIEVE,4563084,4621210,58126
ADD,134501,330176,195675
RETRIEVE,2195468,2222094,26626
ADD,2363912,2504222,140310
ADD,3472478,3619922,147444
ADD,3808637,4142260,333623
DELETE,288915,466682,177767
ADD,273743,589207,315464
RETRIEVE,1228847,1279391,50544
RETRIEVE,4277811,4337709,59898
RETRIEVE,1328110,1373310,45200
ADD,2290212,2487842,197630
DELETE,2285759,2580730,294971
DELETE,2677751,2959122,281371
DELETE,2632798,2786125,153327
ADD,4019909,4200668,180759
ADD,1686785,1918174,231389
RETRIEVE,3096281,3161887,65606
RETRIEVE,990970,1037098,46128
ADD,3694769,3908963,214194
RETRIEVE,2000509,2058401,57892
RETRIEVE,1568591,1601625,33034
ADD,1773362,2009152,235790
ADD,2654568,2895611,241043
DELETE,1385852,1581545,195693
RETRIEVE,1777389,1832959,55570
ADD,254641,414657,160016
ADD,598812,866407,267595
RETRIEVE,3148338,3203560,55222
DELETE,3478977,3667175,188198
RETRIEVE,4410853,4443951,33098
RETRIEVE,1904473,1951573,47100
RETRIEVE,4759794,4784960,25166
RETRIEVE,3758566,3787104,28538
RETRIEVE,2240598,2280554,39956
ADD,1976830,2179277,202447
DELETE,4035400,4354616,319216
RETRIEVE,4666696,4722232,55536
DELETE,4450255,4757270,307015
ADD,1830509,2020745,190236
DELETE,2603590,2793891,190301
RETRIEVE,3893270,3934652,41382
ADD,4509491,4830014,320523
RETRIEVE,599029,645577,46548
DELETE,2730947,2944363,213416
RETRIEVE,554803,588541,33738
DELETE,492998,630242,137244
DELETE,3226319,3455059,228740
RETRIEVE,2972497,3032039,59542
DELETE,4032247,4289039,256792
ADD,2230823,2490441,259618
ADD,3880497,4087187,206690
DELETE,2103880,2252306,148426
ADD,4475335,4657891,182556
RETRIEVE,2848976,2940016,91040
DELETE,2948353,3116985,168632
ADD,1592336,1770399,178063
RETRIEVE,1019909,1051679,31770
RETRIEVE,2044322,2132342,88020
DELETE,339194,514024,174830
RETRIEVE,285786,352602,66816
RETRIEVE,1345708,1381680,35972
ADD,2398863,2806777,407914
RETRIEVE,3130278,3190180,59902
DELETE,4553012,4680899,127887
RETRIEVE,2265672,2324530,58858
ADD,2556326,2829693,273367
RETRIEVE,784277,830829,46552
RETRIEVE,4366637,4422101,55464
ADD,2048876,2220936,172060
RETRIEVE,2673303,2726321,53018
RETRIEVE,124883,165537,40654
RETRIEVE,2983425,3015641,32216
DELETE,158390,296866,138476
DELETE,3289718,3516623,226905
ADD,3261674,3518948,257274
RETRIEVE,2266699,2291587,24888
RETRIEVE,1343115,1381341,38226
RETRIEVE,3948353,3991847,43494
RETRIEVE,2353966,2387564,33598
DELETE,2275117,2442489,167372
DELETE,1638585,1905902,267317
RETRIEVE,1770656,1815998,45342
ADD,2321587,2680918,359331
RETRIEVE,4233786,4276052,42266
DELETE,1901370,2194905,293535
ADD,2958533,3174979,216446
DELETE,2234952,2471918,236966
DELETE,3554014,3794899,240885
ADD,3667717,3906851,239134
ADD,4216539,4418115,201576
ADD,3848976,4236546,387570
ADD,1517679,1664678,146999
RETRIEVE,2805087,2866583,61496
DELETE,3492998,3777213,284215
RETRIEVE,472632,529268,56636
DELETE,1166630,1180907,14277
DELETE,1563084,1772526,209442
DELETE,2053980,2220194,166214
RETRIEVE,89921,139685,49764
DELETE,571625,782354,210729
DELETE,3702732,3827043,124311
DELETE,3834869,3977171,142302
DELETE,4662541,4875401,212860
DELETE,4090204,4393365,303161
ADD,4130278,4440656,310378
ADD,2678004,3007467,329463
RETRIEVE,4472632,4521774,49142
DELETE,1096281,1349673,253392
DELETE,2353108,2643290,290182
DELETE,4048866,4356845,307979
ADD,2090246,2357748,267502
DELETE,1107457,1366195,258738
DELETE,4150087,4259287,109200
RETRIEVE,2990970,3052750,61780
RETRIEVE,4250995,4300429,49434
ADD,3898370,4113222,214852
DELETE,954611,1177014,222403
RETRIEVE,659354,695662,36308
DELETE,3552485,3794334,241849
DELETE,92361,276742,184381
ADD,4440215,4542448,102233
ADD,1092956,1285305,192349
ADD,3519330,3623407,104077
RETRIEVE,3339163,3390375,51212
ADD,1015505,1203805,188300
ADD,3315876,3501230,185354
RETRIEVE,4554803,4593447,38644
RETRIEVE,328795,362403,33608
RETRIEVE,1056371,1100493,44122
DELETE,3123445,3338158,214713
DELETE,697495,863514,166019
RETRIEVE,717348,762096,44748
RETRIEVE,2675971,2725901,49930
RETRIEVE,3943269,4009269,66000
RETRIEVE,1796858,1877620,80762
RETRIEVE,3721604,3751262,29658
RETRIEVE,4526880,4588444,61564
RETRIEVE,4617313,4675443,58130
ADD,4171823,4416951,245128
RETRIEVE,2342241,2388929,46688
ADD,2405798,2540420,134622
ADD,2351700,2557918,206218
ADD,3183538,3406617,223079
ADD,3675971,3860121,184150
ADD,4063049,4236332,173283
DELETE,1756795,1957259,200464
ADD,2627940,2701259,73319
RETRIEVE,2541338,2585308,43970
RETRIEVE,4806931,4866025,59094
RETRIEVE,3129442,3180958,51516
DELETE,2396452,2658766,262314
RETRIEVE,4592336,4630152,37816
ADD,1503170,1725193,222023
RETRIEVE,2773916,2817254,43338
ADD,2712123,2877521,165398
RETRIEVE,669072,722834,53762
ADD,4418775,4643892,225117
RETRIEVE,2364113,2431889,67776
DELETE,2285786,2452602,166816
ADD,1415355,1645049,229694
RETRIEVE,1550022,1601964,51942
RETRIEVE,4026974,4071932,44958
ADD,3634982,3886688,251706
RETRIEVE,1370439,1409641,39202
RETRIEVE,3904473,3953785,49312
RETRIEVE,4403322,4443774,40452
RETRIEVE,3569485,3614791,45306
DELETE,4559922,4714129,154207
DELETE,2046676,2244926,198250
DELETE,1575628,1791027,215399
DELETE,3522423,3673897,151474
RETRIEVE,3907071,3954067,46996
RETRIEVE,4627274,4671946,44672
RETRIEVE,3801679,3832577,30898
ADD,11043,179073,168030
RETRIEVE,2135084,2165630,30546
DELETE,1297778,1587404,289626
ADD,2830509,3058859,228350
ADD,3041759,3257491,215732
RETRIEVE,4392981,4433223,40242
RETRIEVE,389029,436131,47102
RETRIEVE,2240265,2305277,65012
ADD,2617559,2893047,275488
RETRIEVE,3040556,3086072,45516
ADD,2717348,2838675,121327
ADD,3666346,3994169,327823
ADD,172437,357207,184770
DELETE,982419,1289351,306932
RETRIEVE,3485118,3549460,64342
RETRIEVE,54861,111697,56836
DELETE,3786346,3885568,99222
ADD,704871,942310,237439
RETRIEVE,830819,888675,57856
RETRIEVE,4321641,4386865,65224
ADD,3784051,4106325,322274
RETRIEVE,2575628,2597888,22260
RETRIEVE,195468,229168,33700
ADD,3640026,3990510,350484
DELETE,3650179,3778622,128443
DELETE,814129,1062778,248649
DELETE,2183719,2373409,189690
RETRIEVE,3783236,3821356,38120
DELETE,1636221,1850128,213907
RETRIEVE,3009924,3049308,39384
ADD,3517220,3692846,175626
RETRIEVE,3103992,3146796,42804
DELETE,2966770,3209879,243109
RETRIEVE,2635533,2697527,61994
RETRIEVE,2966011,3003185,37174
DELETE,3685565,4046657,361092
RETRIEVE,3324076,3357858,33782
ADD,26974,293355,266381
ADD,2685565,3052688,367123
DELETE,2301585,2518058,216473
RETRIEVE,999231,1060451,61220
DELETE,1840828,1951140,110312
RETRIEVE,2308188,2348038,39850
DELETE,2866779,3069041,202262
DELETE,2765997,2890465,124468
RETRIEVE,1704586,1737210,32624
ADD,1824178,2023484,199306
ADD,4195707,4377494,181787
DELETE,1423732,1668397,244665
RETRIEVE,904473,951409,46936
ADD,3135956,3404477,268521
ADD,439342,737093,297751
RETRIEVE,1010448,1049192,38744
ADD,1007908,1251137,243229
DELETE,3363912,3511050,147138
RETRIEVE,792579,872445,79866
ADD,1329899,1464539,134640
DELETE,1331633,1580004,248371
RETRIEVE,2132472,2179436,46964
ADD,1888155,2158464,270309
DELETE,969006,1145429,176423
ADD,3371190,3643547,272357
RETRIEVE,4578647,4629557,50910
DELETE,19909,282186,262277
RETRIEVE,93934,146170,52236
DELETE,4651564,4853798,202234
RETRIEVE,272868,305068,32200
DELETE,4635533,4798078,162545
RETRIEVE,4593711,4624983,31272
ADD,2284208,2371850,87642
RETRIEVE,1180878,1234320,53442
RETRIEVE,1470501,1526615,56114
ADD,851409,1058942,207533
ADD,2854531,3051317,196786
ADD,426040,651426,225386
DELETE,3444304,3622756,178452
RETRIEVE,1877046,1917876,40830
DELETE,584536,881768,297232
ADD,2036417,2258746,222329
ADD,2123323,2349015,225692
DELETE,3773362,4021529,248167
DELETE,3631900,3899245,267345
DELETE,4572811,4728343,155532
ADD,3285786,3503408,217622
ADD,376697,618083,241386
RETRIEVE,617559,678311,60752
ADD,450255,625048,174793
DELETE,3820774,4048652,227878
RETRIEVE,1762401,1802881,40480
RETRIEVE,4658543,4729435,70892
RETRIEVE,2831251,2876763,45512
DELETE,4014018,4332530,318512
RETRIEVE,2778022,2829120,51098
ADD,3207987,3443388,235401
RETRIEVE,2126318,2153258,26940
DELETE,2610598,2913453,302855
ADD,4698661,4829244,130583
RETRIEVE,4756037,4820791,64754
RETRIEVE,602636,627452,24816
RETRIEVE,3954611,4016125,61514
DELETE,2189221,2379096,189875
RETRIEVE,3153143,3180027,26884
RETRIEVE,585263,638201,52938
RETRIEVE,1339194,1375798,36604
RETRIEVE,3672098,3717284,45186
RETRIEVE,1909375,1964661,55286
ADD,4233251,4451994,218743
RETRIEVE,2034318,2094086,59768
DELETE,2792579,3060239,267660
DELETE,3541338,3702521,161183
DELETE,1036417,1215786,179369
ADD,2715388,3031038,315650
RETRIEVE,4084919,4151893,66974
DELETE,1730947,1923203,192256
ADD,1644674,1942211,297537
DELETE,792872,915422,122550
ADD,4236719,4329836,93117
RETRIEVE,275117,301865,26748
ADD,37553,361578,324025
DELETE,2778346,3081720,303374
DELETE,1627940,1803798,175858
RETRIEVE,1015837,1072649,56812
DELETE,4299384,4440306,140922
ADD,467984,665521,197537
RETRIEVE,1123323,1157591,34268
ADD,171823,461198,289375
DELETE,1261335,1459669,198334
RETRIEVE,2477761,2518897,41136
DELETE,4046510,4269469,222959
RETRIEVE,4240265,4285903,45638
ADD,2666346,2844761,178415
ADD,3899283,4178106,278823
ADD,4327179,4507049,179870
ADD,3959727,4248991,289264
ADD,3192651,3328524,135873
ADD,2650179,2838609,188430
ADD,3126318,3332860,206542
RETRIEVE,3180878,3231382,50504
RETRIEVE,633091,682497,49406
RETRIEVE,4573532,4617854,44322
ADD,756037,995208,239171
ADD,370439,573711,203272
ADD,2400338,2561660,161322
DELETE,3921397,4120481,199084
DELETE,2886842,3017601,130759
RETRIEVE,4441250,4524310,83060
DELETE,3632798,3816707,183909
ADD,1597030,1789027,191997
DELETE,312859,497713,184854
DELETE,2793715,2955232,161517
RETRIEVE,4200357,4250487,50130
ADD,435320,774103,338783
ADD,3602251,3771003,168752
RETRIEVE,2585263,2647523,62260
DELETE,4554014,4792806,238792
RETRIEVE,297778,351610,53832
RETRIEVE,3474985,3498143,23158
DELETE,824038,1090076,266038
DELETE,3290873,3563591,272718
RETRIEVE,3545547,3597339,51792
DELETE,3813446,4022063,208617
RETRIEVE,4043675,4082311,38636
DELETE,1541203,1715254,174051
RETRIEVE,2700644,2767126,66482
RETRIEVE,1002600,1030812,28212
ADD,1130278,1410899,280621
DELETE,4472478,4727612,255134
DELETE,2734016,2825345,91329
RETRIEVE,1725067,1782817,57750
RETRIEVE,1928236,1950092,21856
DELETE,871884,1134291,262407
DELETE,3056122,3332879,276757
RETRIEVE,3347981,3393127,45146
DELETE,4502030,4723024,220994
RETRIEVE,879002,924278,45276
RETRIEVE,1255982,1307462,51480
RETRIEVE,2942095,2961289,19194
RETRIEVE,3717348,3773624,56276
ADD,650179,864095,213916
ADD,2055239,2225464,170225
ADD,2450255,2585220,134965
ADD,2169361,2477979,308618
DELETE,875773,1072356,196583
ADD,2811866,2992171,180305
ADD,2904027,3388151,484124
ADD,291746,525062,233316
ADD,3296736,3503602,206866
ADD,4435683,4680283,244600
ADD,2301312,2521213,219901
RETRIEVE,4328795,4350567,21772
RETRIEVE,1710975,1746129,35154
ADD,1605866,1699613,93747
RETRIEVE,4493714,4549908,56194
ADD,519330,695837,176507
RETRIEVE,4323530,4374566,51036
DELETE,2553012,2823154,270142
RETRIEVE,3592608,3628958,36350
RETRIEVE,1966770,2010262,43492
RETRIEVE,665304,733002,67698
ADD,3721042,3854413,133371
ADD,982109,1216481,234372
RETRIEVE,4252526,4347822,95296
ADD,4329899,4608074,278175
DELETE,221366,469932,248566
ADD,3208437,3456308,247871
RETRIEVE,1189221,1223795,34574
ADD,2266134,2435720,169586
DELETE,796858,1129795,332937
RETRIEVE,873469,904077,30608
DELETE,4007908,4332312,324404
ADD,3343115,3515406,172291
RETRIEVE,3580958,3618402,37444
RETRIEVE,1512550,1548884,36334
DELETE,3230228,3435695,205467
DELETE,1551908,1745480,193572
RETRIEVE,4117844,4149870,32026
RETRIEVE,3636891,3698291,61400
DELETE,4072942,4341889,268947
DELETE,3447279,3721313,274034
DELETE,15837,122341,106504
RETRIEVE,3724138,3760380,36242
RETRIEVE,4489016,4524088,35072
ADD,4474985,4652010,177025
DELETE,3904636,4105351,200715
DELETE,2447279,2677519,230240
ADD,3741857,3824709,82852
RETRIEVE,983931,1018459,34528
DELETE,2496110,2743517,247407
ADD,864728,1167037,302309
ADD,4030441,4240883,210442
ADD,1372661,1589533,216872
DELETE,3079397,3237653,158256
RETRIEVE,2229717,2275839,46122
RETRIEVE,2897146,2937860,40714
ADD,4094907,4310936,216029
ADD,2148338,2442837,294499
RETRIEVE,480769,522377,41608
RETRIEVE,902664,932078,29414
ADD,1026362,1213754,187392
RETRIEVE,2172437,2211167,38730
ADD,3200969,3410716,209747
RETRIEVE,4247588,4293528,45940
DELETE,2784622,2895666,111044
RETRIEVE,3045234,3097546,52312
DELETE,4550466,4751792,201326
ADD,3730105,3909308,179203
RETRIEVE,730340,783462,53122
DELETE,1292637,1442406,149769
ADD,3974663,4247427,272764
RETRIEVE,2806931,2847669,40738
DELETE,3627940,3953345,325405
DELETE,1799013,2131339,332326
ADD,669816,896212,226396
DELETE,3011043,3147638,136595
ADD,3833971,3948850,114879
DELETE,2902664,3027669,125005
RETRIEVE,2072611,2171907,99296
RETRIEVE,1493714,1517510,23796
ADD,2018154,2217683,199529
DELETE,3771736,3959666,187930
RETRIEVE,1552485,1590489,38004
RETRIEVE,3966011,3988191,22180
DELETE,1301312,1510744,209432
DELETE,737666,985972,248306
ADD,1606905,1795844,188939
RETRIEVE,2441132,2483852,42720
ADD,391254,633446,242192
RETRIEVE,3372623,3409719,37096
RETRIEVE,877046,935848,58802
ADD,1537682,1804480,266798
RETRIEVE,774444,848908,74464
ADD,1216539,1452236,235697
DELETE,2410853,2636044,225191
ADD,4469059,4824166,355107
RETRIEVE,94907,132417,37510
RETRIEVE,541819,593093,51274
DELETE,2175759,2463671,287912
RETRIEVE,4768276,4827348,59072
DELETE,4760494,4894041,133547
RETRIEVE,323530,357410,33880
DELETE,1774904,2042934,268030
DELETE,3715388,3971198,255810
RETRIEVE,296736,340122,43386
ADD,3902664,4039380,136716
RETRIEVE,4670920,4711928,41008
ADD,2255982,2530905,274923
RETRIEVE,212271,246459,34188
DELETE,48876,357494,308618
DELETE,2283502,2683264,399762
DELETE,1784622,1946120,161498
DELETE,3386820,3668552,281732
ADD,2874515,3063454,188939
RETRIEVE,2653645,2716581,62936
ADD,2784277,2996211,211934
RETRIEVE,1207987,1239479,31492
DELETE,415970,663248,247278
DELETE,2661933,2661933,0
DELETE,545777,772617,226840
RETRIEVE,3480070,3530994,50924
RETRIEVE,1353966,1379234,25268
DELETE,1621893,1885763,263870
ADD,1042078,1213211,171133
DELETE,356377,511019,154642
RETRIEVE,3627300,3677124,49824
RETRIEVE,3167182,3202278,35096
RETRIEVE,191486,273584,82098
DELETE,1612552,1832259,219707
ADD,2892709,3056959,164250
RETRIEVE,2226676,2273040,46364
DELETE,1682273,1968971,286698
DELETE,1378266,1584975,206709
ADD,4434365,4651441,217076
RETRIEVE,4721604,4774932,53328
DELETE,3649606,3940556,290950
ADD,3931947,4197170,265223
ADD,1115420,1387888,272468
RETRIEVE,1046510,1088724,42214
DELETE,1795940,1954955,159015
ADD,638065,843532,205467
RETRIEVE,4158390,4198050,39660
ADD,3827530,4104658,277128
RETRIEVE,4730105,4797469,67364
DELETE,1510445,1777326,266881
DELETE,148368,300314,151946
DELETE,758566,1032739,274173
RETRIEVE,1945350,1997222,51872
RETRIEVE,1319239,1386103,66864
RETRIEVE,87249,139669,52420
RETRIEVE,3496027,3572907,76880
ADD,7908,312329,304421
ADD,3517679,3724453,206774
ADD,2872543,3015586,143043
ADD,3006451,3261872,255421
RETRIEVE,568591,622113,53522
RETRIEVE,2439342,2508432,69090
ADD,2349569,2628392,278823
RETRIEVE,239395,268817,29422
DELETE,956823,1194410,237587
ADD,714787,941729,226942
DELETE,4088934,4200404,111470
RETRIEVE,1700644,1752270,51626
RETRIEVE,3678797,3749319,70522
ADD,397498,604855,207357
RETRIEVE,3696939,3742165,45226
RETRIEVE,2145766,2159204,13438
DELETE,475007,727714,252707
RETRIEVE,2436466,2508806,72340
DELETE,947763,1113801,166038
RETRIEVE,4123445,4165237,41792
ADD,496027,710879,214852
RETRIEVE,1718420,1777742,59322
RETRIEVE,1390183,1465883,75700
RETRIEVE,319838,393452,73614
ADD,1945860,2262584,316724
RETRIEVE,4376588,4418418,41830
RETRIEVE,2462097,2506211,44114
RETRIEVE,1441132,1482182,41050
ADD,1158390,1293596,135206
DELETE,2990486,3251883,261397
RETRIEVE,2881256,2971412,90156
DELETE,3948662,4157066,208404
ADD,4038888,4307696,268808
ADD,617313,823633,206320
RETRIEVE,2158390,2193410,35020
ADD,3434365,3720331,285966
DELETE,940629,1275169,334540
DELETE,1744104,1900859,156755
DELETE,3468281,3727019,258738
ADD,365716,571823,206107
DELETE,3866184,4263954,397770
ADD,2175483,2482090,306607
ADD,244477,488642,244165
DELETE,1593711,1820968,227257
RETRIEVE,410853,448845,37992
RETRIEVE,1782543,1847847,65304
ADD,301585,443674,142089
RETRIEVE,3302342,3365272,62930
DELETE,2722735,3027369,304634
ADD,1147994,1352229,204235
RETRIEVE,921397,981585,60188
ADD,37804,297663,259859
ADD,1890811,2207943,317132
DELETE,505836,828193,322357
DELETE,3635752,3830056,194304
ADD,3015505,3304084,288579
ADD,74176,304333,230157
DELETE,1584536,1890838,306302
RETRIEVE,1318826,1370552,51726
ADD,3808890,4069536,260646
RETRIEVE,386746,420478,33732
DELETE,3177942,3426961,249019
DELETE,4582714,4842332,259618
RETRIEVE,1090512,1115022,24510
ADD,2887838,3053653,165815
ADD,2627122,2800154,173032
DELETE,3514796,3712509,197713
DELETE,50235,240638,190403
DELETE,2351514,2535932,184418
DELETE,3928236,4222920,294684
ADD,3140430,3423728,283298
DELETE,2753216,2900169,146953
ADD,3542313,3647956,105643
RETRIEVE,4517220,4557436,40216
ADD,2143985,2403927,259942
ADD,3888155,4030031,141876
ADD,730750,1020376,289626
RETRIEVE,2957588,3011558,53970
ADD,2105648,2342374,236726
DELETE,4308188,4576978,268790
ADD,1392981,1569173,176192
DELETE,1486624,1694324,207700
ADD,1870712,2150721,280009
RETRIEVE,2670920,2705526,34606
DELETE,1338335,1442523,104188
ADD,1614440,1896978,282538
RETRIEVE,4621381,4647957,26576
DELETE,1874515,2109017,234502
RETRIEVE,2147994,2194220,46226
DELETE,2570055,2857198,287143
ADD,853328,1085477,232149
RETRIEVE,3916605,3971155,54550
ADD,2636221,2748228,112007
RETRIEVE,3234952,3285426,50474
RETRIEVE,2331633,2372739,41106
RETRIEVE,1376588,1385764,9176
DELETE,2037553,2440020,402467
DELETE,3704871,3913757,208886
DELETE,364874,552072,187198
RETRIEVE,4782344,4824014,41670
ADD,4132700,4299942,167242
ADD,4180587,4307677,127090
DELETE,673529,868175,194646
ADD,103880,256966,153086
RETRIEVE,3088934,3141202,52268
DELETE,3118742,3276488,157746
DELETE,2230228,2413414,183186
DELETE,3378266,3510488,132222
RETRIEVE,169361,231533,62172
RETRIEVE,4697495,4743215,45720
ADD,2730750,3001282,270532
DELETE,1604912,1810250,205338
DELETE,1050235,1258046,207811
RETRIEVE,1311566,1354718,43152
ADD,2877046,3035431,158385
RETRIEVE,4784277,4840395,56118
RETRIEVE,1666346,1696858,30512
RETRIEVE,4089921,4139249,49328
ADD,3266134,3465579,199445
RETRIEVE,1353108,1398380,45272
DELETE,2444304,2651689,207385
RETRIEVE,2135255,2196517,61262
ADD,984361,1138522,154161
RETRIEVE,2827530,2874750,47220
RETRIEVE,770656,822040,51384
ADD,1366206,1536070,169864
ADD,2783915,3045580,261665
DELETE,2359270,2518813,159543
ADD,326619,625639,299020
DELETE,4312859,4601197,288338
RETRIEVE,1094907,1144187,49280
DELETE,2216617,2417545,200928
DELETE,3973081,4288388,315307
ADD,1919162,2222156,302994
DELETE,2742569,2970234,227665
ADD,2318826,2535540,216714
RETRIEVE,3805233,3885683,80450
DELETE,1462097,1563774,101677
DELETE,1245992,1400523,154531
ADD,195707,432479,236772
ADD,535815,677357,141542
RETRIEVE,3111797,3150223,38426
DELETE,3018154,3250850,232696
DELETE,1054861,1253334,198473
ADD,782543,1102704,320161
RETRIEVE,1983425,2017445,34020
DELETE,138667,405187,266520
RETRIEVE,2675120,2737930,62810
RETRIEVE,3919162,3974474,55312
ADD,3376697,3604353,227656
RETRIEVE,1541819,1583219,41400
RETRIEVE,3212271,3244929,32658
ADD,2664026,2917066,253040
DELETE,2976914,3168392,191478
ADD,2741857,2963472,221615
RETRIEVE,3806931,3846429,39498
DELETE,1854383,2061898,207515
DELETE,969756,1149385,179629
RETRIEVE,1331501,1408605,77104
ADD,1038888,1191881,152993
DELETE,1736597,1926241,189644
DELETE,30441,308597,278156
RETRIEVE,3238247,3293419,55172
RETRIEVE,3415355,3474645,59290
DELETE,3990970,4150791,159821
ADD,1824591,1942537,117946
ADD,475434,696104,220670
DELETE,3538571,3702450,163879
ADD,1474985,1697619,222634
DELETE,2597383,2946857,349474
RETRIEVE,288287,334593,46306
ADD,32423,242847,210424
RETRIEVE,2747633,2773867,26234
ADD,4381285,4572874,191589
RETRIEVE,3901370,3946200,44830
DELETE,838635,984689,146054
ADD,4212820,4474977,262157
RETRIEVE,2587488,2642266,54778
DELETE,376741,729448,352707
RETRIEVE,2625248,2673512,48264
RETRIEVE,4541338,4584272,42934
RETRIEVE,354451,396185,41734
DELETE,540681,758553,217872
RETRIEVE,3575372,3610998,35626
RETRIEVE,1134501,1163333,28832
RETRIEVE,1583157,1610543,27386
RETRIEVE,1212271,1244181,31910
DELETE,3952811,4219479,266668
RETRIEVE,2807406,2861662,54256
RETRIEVE,4833971,4881417,47446
DELETE,4195461,4386624,191163
DELETE,4595479,4828693,233214
RETRIEVE,1808890,1860468,51578
DELETE,2584536,2850973,266437
RETRIEVE,1043675,1115901,72226
RETRIEVE,1907711,1948255,40544
RETRIEVE,4793715,4831145,37430
RETRIEVE,2982419,3034543,52124
RETRIEVE,4208287,4247201,38914
ADD,2519330,2684052,164722
RETRIEVE,56738,110086,53348
DELETE,3119338,3378993,259655
ADD,4354451,4617302,262851
ADD,527023,724699,197676
ADD,3425611,3530031,104420
RETRIEVE,1653645,1712355,58710
ADD,4050235,4158963,108728
ADD,2488861,2646375,157514
ADD,1564203,1904505,340302
DELETE,3364874,3512781,147907
ADD,3003476,3203459,199983
RETRIEVE,1037804,1106892,69088
DELETE,1613810,1826439,212629
RETRIEVE,1426422,1471916,45494
RETRIEVE,2919162,2999518,80356
ADD,4009924,4198308,188384
DELETE,1180033,1529535,349502
RETRIEVE,1129089,1180477,51388
RETRIEVE,901347,950007,48660
DELETE,1654568,1769132,114564
DELETE,2934934,3288345,353411
RETRIEVE,1412025,1457665,45640
RETRIEVE,1496110,1551750,55640
ADD,3148368,3434056,285688
ADD,3937962,4264423,326461
DELETE,1943269,2177817,234548
RETRIEVE,4156970,4217986,61016
DELETE,4192091,4369357,177266
DELETE,3390322,3592565,202243
ADD,4322130,4658449,336319
RETRIEVE,4147994,4189776,41782
ADD,1550466,1853312,302846
ADD,2475007,2667226,192219
DELETE,1113685,1417550,303865
RETRIEVE,1830819,1890531,59712
RETRIEVE,3612552,3660324,47772
RETRIEVE,734016,766844,32828
RETRIEVE,1090246,1122834,32588
RETRIEVE,1239395,1283545,44150
DELETE,1048866,1358966,310100
ADD,890811,1087051,196240
ADD,3973354,4262257,288903
RETRIEVE,1405506,1452060,46554
RETRIEVE,261911,295291,33380
RETRIEVE,4458569,4538273,79704
RETRIEVE,3400668,3445202,44534
DELETE,3658391,3888391,230000
DELETE,4057272,4227571,170299
RETRIEVE,2247342,2285748,38406
ADD,2423732,2746710,322978
DELETE,579365,794180,214815
ADD,1323407,1585119,261712
RETRIEVE,4770656,4820980,50324
DELETE,4006702,4306268,299566
RETRIEVE,3567969,3630615,62646
DELETE,2912496,3199203,286707
ADD,167683,267091,99408
RETRIEVE,1201291,1252497,51206
RETRIEVE,4518053,4577577,59524
ADD,3281077,3423481,142404
DELETE,1921397,2216063,294666
RETRIEVE,2632834,2680550,47716
ADD,2930501,3173869,243368
RETRIEVE,4481295,4513597,32302
RETRIEVE,2134501,2184223,49722
DELETE,2635752,2830232,194480
RETRIEVE,4416806,4471134,54328
ADD,4254641,4345952,91311
DELETE,704586,889829,185243
ADD,1434943,1610032,175089
ADD,4470851,4677467,206616
RETRIEVE,1481489,1527715,46226
DELETE,3444663,3698343,253680
DELETE,2316412,2587574,271162
DELETE,2834869,3074448,239579
ADD,4153634,4316244,162610
DELETE,3673303,3885200,211897
ADD,777389,1030985,253596
RETRIEVE,4258582,4318978,60396
DELETE,1148338,1433081,284743
DELETE,223770,313209,89439
RETRIEVE,3682273,3735627,53354
RETRIEVE,188766,251874,63108
RETRIEVE,315810,315810,0
RETRIEVE,1637435,1706253,68818
RETRIEVE,3472632,3510048,37416
ADD,3493020,3745236,252216
DELETE,3072942,3232291,159349
RETRIEVE,3277286,3323466,46180
ADD,1854531,2076813,222282
ADD,1332472,1532047,199575
ADD,4551908,4787262,235354
ADD,147994,385053,237059
ADD,440215,635278,195063
RETRIEVE,3990486,4040870,50384
ADD,3261911,3361245,99334
DELETE,251152,545150,293998
RETRIEVE,4023918,4082026,58108
RETRIEVE,2541819,2594953,53134
ADD,1573789,1827969,254180
DELETE,2724138,2891714,167576
ADD,3526880,3752636,225756
RETRIEVE,2056122,2113352,57230
ADD,2129160,2391780,262620
ADD,372623,505587,132964
DELETE,3108711,3384588,275877
DELETE,3920015,4031309,111294
DELETE,4238585,4521670,283085
ADD,980412,1173696,193284
RETRIEVE,4655259,4705781,50522
RETRIEVE,2703145,2751159,48014
DELETE,738793,988072,249279
RETRIEVE,1108841,1180049,71208
DELETE,4296736,4478125,181389
RETRIEVE,153642,209964,56322
RETRIEVE,874515,924455,49940
RETRIEVE,1901670,1939488,37818
DELETE,2568591,2771779,203188
RETRIEVE,469059,529759,60700
ADD,4192651,4489030,296379
RETRIEVE,563084,603234,40150
RETRIEVE,4625248,4662580,37332
ADD,123323,348737,225414
DELETE,3404880,3560162,155282
ADD,781373,1108890,327517
ADD,2474985,2730842,255857
DELETE,778022,1064813,286791
DELETE,3794467,3992198,197731
DELETE,1268405,1379143,110738
ADD,308188,489836,181648
DELETE,3239395,3375657,136262
DELETE,2638065,2797738,159673
DELETE,426360,613076,186716
RETRIEVE,1491219,1539369,48150
ADD,3636221,3862079,225858
DELETE,1216766,1507235,290469
RETRIEVE,4148338,4211706,63368
RETRIEVE,1976914,2027458,50544
RETRIEVE,2149906,2206910,57004
DELETE,3020181,3272072,251891
ADD,3223770,3463034,239264
RETRIEVE,4153143,4187497,34354
ADD,2299384,2501071,201687
RETRIEVE,861283,913051,51768
ADD,1792549,1944523,151974
DELETE,934934,1223327,288393
RETRIEVE,2621893,2684575,62682
DELETE,3976914,4151781,174867
ADD,4422386,4589702,167316
RETRIEVE,2657602,2701232,43630
RETRIEVE,3092956,3141110,48154
DELETE,3488800,3692683,203883
DELETE,4162636,4352872,190236
RETRIEVE,2545547,2602687,57140
RETRIEVE,4124555,4146571,22016
ADD,1571625,1775962,204337
RETRIEVE,2571625,2639553,67928
RETRIEVE,3247342,3315770,68428
ADD,4275159,4604084,328925
ADD,129160,318757,189597
DELETE,4055239,4312671,257432
ADD,2376588,2531796,155208
DELETE,2324076,2564063,239987
ADD,292637,602728,310091
ADD,2721604,2990014,268410
DELETE,1528656,1852505,323849
DELETE,2301889,2502687,200798
DELETE,518053,804557,286504
RETRIEVE,238247,287957,49710
RETRIEVE,2870712,2904226,33514
RETRIEVE,4717348,4753900,36552
ADD,3670920,3789135,118215
ADD,2288531,2494443,205912
RETRIEVE,1873469,1909947,36478
RETRIEVE,2148368,2175836,27468
DELETE,4538198,4780353,242155
DELETE,1667717,1883875,216158
ADD,558232,816507,258275
ADD,3759072,3977185,218113
RETRIEVE,2125581,2165457,39876
RETRIEVE,324076,357394,33318
DELETE,2117844,2271467,153623
DELETE,2604084,2840291,236207
ADD,2691445,2938250,246805
RETRIEVE,2828940,2885304,56364
ADD,617781,761806,144025
RETRIEVE,2694769,2740637,45868
ADD,3730947,4056556,325609
ADD,3305234,3542997,237763
DELETE,3688205,4053808,365603
RETRIEVE,2135956,2194130,58174
DELETE,1173467,1417826,244359
RETRIEVE,2756037,2823065,67028
ADD,2528656,2746982,218326
ADD,2946842,3066696,119854
RETRIEVE,2749209,2780949,31740
DELETE,3434088,3657232,223144
ADD,3257078,3501947,244869
DELETE,3966770,4138552,171782
ADD,784622,876979,92357
RETRIEVE,240265,262215,21950
ADD,4542313,4763761,221448
RETRIEVE,1247342,1291178,43836
RETRIEVE,3460207,3506299,46092
DELETE,1216459,1428282,211823
ADD,567969,813950,245981
DELETE,2146309,2406094,259785
ADD,3643933,3917707,273774
RETRIEVE,3847472,3909772,62300
ADD,4693673,4875766,182093
RETRIEVE,4824591,4877219,52628
ADD,942095,1173392,231297
ADD,281077,475482,194405
ADD,416806,606412,189606
ADD,1717348,1895096,177748
ADD,1460297,1731320,271023
DELETE,2824038,3190225,366187
DELETE,924057,1167471,243414
DELETE,1432004,1511725,79721
RETRIEVE,2879386,2931292,51906
ADD,3054861,3209791,154930
DELETE,3778022,4060810,282788
DELETE,3599682,3710318,110636
ADD,4469955,4734826,264871
RETRIEVE,2349052,2372660,23608
RETRIEVE,1090204,1158550,68346
ADD,2434365,2699625,265260
ADD,928236,1118889,190653
RETRIEVE,2901370,2951356,49986
RETRIEVE,3288531,3325595,37064
ADD,3784622,3964047,179425
ADD,2838635,3031410,192775
ADD,3092342,3449292,356950
DELETE,15505,187453,171948
ADD,3884560,4206611,322051
RETRIEVE,4080847,4100305,19458
ADD,2951339,3126345,175006
DELETE,3247679,3518470,270791
DELETE,1891286,2038322,147036
DELETE,1538198,1698733,160535
ADD,796257,999742,203485
RETRIEVE,3645016,3689024,44008
DELETE,4462097,4629182,167085
ADD,1033220,1322429,289209
ADD,3486624,3766642,280018
DELETE,3713185,3881428,168243
RETRIEVE,2118140,2159494,41354
DELETE,4002532,4260112,257580
ADD,4036274,4087238,50964
ADD,1947763,2185017,237254
ADD,1847472,2078769,231297
DELETE,1006451,1204914,198463
ADD,1063049,1287972,224923
RETRIEVE,3646069,3705073,59004
RETRIEVE,152745,192577,39832
ADD,1674960,1920163,245203
RETRIEVE,728798,778604,49806
RETRIEVE,4212343,4252063,39720
ADD,2046510,2297364,250854
RETRIEVE,4290212,4326718,36506
ADD,255982,459189,203207
ADD,537275,648560,111285
ADD,2277811,2582149,304338
DELETE,3272545,3520814,248269
RETRIEVE,1673529,1731125,57596
ADD,3583157,3854513,271356
DELETE,4541183,4692175,150992
RETRIEVE,971304,999168,27864
DELETE,440173,670969,230796
DELETE,3240265,3501338,261073
RETRIEVE,4536012,4610302,74290
RETRIEVE,503170,555256,52086
ADD,2669072,2897691,228619
ADD,2980412,3146413,166001
ADD,3930501,4143315,212814
RETRIEVE,1781373,1835639,54266
ADD,3667706,3794064,126358
RETRIEVE,4092956,4108754,15798
DELETE,1688205,1983473,295268
ADD,153143,374656,221513
DELETE,1087735,1308804,221069
RETRIEVE,2757356,2813628,56272
DELETE,2911337,3001943,90606
DELETE,2941574,3265719,324145
RETRIEVE,652507,706621,54114
DELETE,1650701,1750609,99908
RETRIEVE,3351851,3395875,44024
DELETE,3426422,3641793,215371
RETRIEVE,3233251,3265403,32152
ADD,3166630,3370633,204003
ADD,3710691,3895489,184798
ADD,1535178,1710906,175728
DELETE,4460207,4725921,265714
ADD,1415970,1601917,185947
ADD,1072942,1239202,166260
RETRIEVE,1327875,1382137,54262
RETRIEVE,1860654,1938602,77948
DELETE,376588,539022,162434
RETRIEVE,2066025,2111179,45154
DELETE,1011043,1226924,215881
ADD,597383,788361,190978
ADD,2911217,3074651,163434
RETRIEVE,3152745,3207295,54550
ADD,4175759,4368432,192673
ADD,2658391,2923345,264954
RETRIEVE,4544231,4606799,62568
ADD,1291746,1584058,292312
RETRIEVE,1212343,1238553,26210
ADD,1358411,1550056,191645
ADD,2475434,2776205,300771
DELETE,2813315,3066142,252827
ADD,3055239,3221017,165778
ADD,3123323,3297217,173894
ADD,1710691,1975238,264547
RETRIEVE,1485118,1547532,62414
ADD,1857119,2062864,205745
DELETE,72942,245196,172254
RETRIEVE,880497,911523,31026
RETRIEVE,1644592,1679080,34488
RETRIEVE,4184151,4230773,46622
DELETE,1824038,2121640,297602
ADD,107457,341144,233687
RETRIEVE,234952,305168,70216
DELETE,4157748,4320543,162795
DELETE,1371319,1651532,280213
RETRIEVE,3076270,3124516,48246
RETRIEVE,76270,128658,52388
RETRIEVE,4746869,4790997,44128
ADD,3971304,4157279,185975
RETRIEVE,4296471,4317691,21220
DELETE,1258582,1694067,435485
RETRIEVE,4111797,4143203,31406
DELETE,3048876,3205121,156245
DELETE,3026974,3221444,194470
ADD,88934,304518,215584
DELETE,2715067,2907944,192877
RETRIEVE,4804178,4833590,29412
RETRIEVE,2167182,2206590,39408
DELETE,3722735,3963139,240404
ADD,3126460,3373608,247148
DELETE,2645016,2849900,204884
RETRIEVE,3686785,3758611,71826
RETRIEVE,2188766,2228618,39852
ADD,4230228,4297933,67705
ADD,88853,346072,257219
ADD,140430,384465,244035
DELETE,472122,668158,196036
ADD,1531860,1762619,230759
RETRIEVE,2956823,3011739,54916
ADD,551908,798371,246463
RETRIEVE,3238585,3299391,60806
DELETE,541183,724647,183464
DELETE,1956823,2226789,269966
DELETE,2768276,2916998,148722
ADD,1178267,1511491,333224
ADD,1390322,1644891,254569
DELETE,3927875,4184955,257080
DELETE,4690696,4830608,139912
RETRIEVE,957588,1005124,47536
RETRIEVE,2649056,2670916,21860
ADD,1236719,1410057,173338
DELETE,3015837,3195531,179694
DELETE,2491219,2595537,104318
RETRIEVE,75880,122746,46866
RETRIEVE,2185789,2233493,47704
DELETE,4349052,4608605,259553
ADD,1703011,1942377,239366
RETRIEVE,4753216,4792670,39454
DELETE,472478,681308,208830
DELETE,1211341,1429334,217993
RETRIEVE,180878,224190,43312
DELETE,1631900,1786969,155069
RETRIEVE,4145766,4188314,42548
RETRIEVE,3373726,3425250,51524
ADD,2032423,2333175,300752
DELETE,4596220,4859785,263565
DELETE,4330401,4542066,211665
RETRIEVE,4480224,4531430,51206
DELETE,1366637,1538391,171754
ADD,544670,761403,216733
ADD,2180033,2529655,349622
DELETE,804912,1040053,235141
RETRIEVE,3697495,3752185,54690
DELETE,421935,633711,211776
ADD,1272545,1402831,130286
DELETE,250995,506527,255532
DELETE,4353108,4553415,200307
RETRIEVE,1793715,1826977,33262
DELETE,4644592,4880224,235632
RETRIEVE,3405798,3458710,52912
DELETE,4491630,4756353,264723
RETRIEVE,57272,115724,58452
ADD,1942095,2031006,88911
DELETE,3644592,3856971,212379
ADD,3050235,3264846,214611
DELETE,673303,956944,283641
DELETE,2960969,3218336,257367
DELETE,528656,813168,284512
DELETE,712123,934257,222134
RETRIEVE,1280738,1364192,83454
RETRIEVE,2664415,2698601,34186
RETRIEVE,1778022,1825104,47082
DELETE,2636891,2778100,141209
ADD,4075880,4233070,157190
ADD,3632467,3882431,249964
ADD,1294822,1482057,187235
RETRIEVE,3756037,3814119,58082
RETRIEVE,1123445,1172883,49438
RETRIEVE,4427223,4478947,51724
ADD,4730947,4814531,83584
DELETE,1983931,2159622,175691
RETRIEVE,650701,676293,25592
RETRIEVE,2510901,2562747,51846
RETRIEVE,4405364,4440960,35596
DELETE,4054861,4182609,127748
ADD,4351647,4632796,281149
RETRIEVE,910874,942570,31696
DELETE,2006702,2229966,223264
RETRIEVE,3594646,3601882,7236
ADD,1397498,1570679,173181
DELETE,1920015,2074092,154077
ADD,4226319,4381860,155541
DELETE,1759794,1934689,174895
RETRIEVE,353108,405180,52072
RETRIEVE,665779,718603,52824
DELETE,627940,879294,251354
RETRIEVE,3124883,3170441,45558
DELETE,1749209,1986954,237745
RETRIEVE,2257078,2294688,37610
RETRIEVE,2045234,2096538,51304
RETRIEVE,4718420,4754570,36150
RETRIEVE,357096,399044,41948
DELETE,4440173,4593528,153355
DELETE,2017168,2142924,125756
ADD,1364113,1588869,224756
RETRIEVE,1910874,1953292,42418
ADD,265672,574318,308646
ADD,3644674,3781946,137272
DELETE,4432004,4627642,195638
DELETE,63143,286194,223051
RETRIEVE,4240598,4295936,55338
ADD,625985,812460,186475
ADD,4412641,4642187,229546
RETRIEVE,4801679,4840085,38406
RETRIEVE,309475,336351,26876
DELETE,3658117,3929390,271273
ADD,3575628,3775953,200325
ADD,1079397,1213241,133844
ADD,2426360,2672322,245962
DELETE,3627122,3822185,195063
RETRIEVE,1527023,1575177,48154
DELETE,2824178,3093181,269003
DELETE,208287,427475,219188
ADD,1177942,1376007,198065
DELETE,2644674,2824877,180203
ADD,623150,899518,276368
RETRIEVE,1853051,1864681,11630
RETRIEVE,2124555,2157373,32818
DELETE,1666696,1903653,236957
DELETE,3649056,4035986,386930
ADD,948662,1205278,256616
DELETE,4659354,4781432,122078
RETRIEVE,441132,491440,50308
RETRIEVE,1805087,1831299,26212
ADD,3318826,3548029,229203
DELETE,4678797,4884403,205606
DELETE,1879002,2091520,212518
DELETE,3625248,3761176,135928
RETRIEVE,4376741,4418851,42110
ADD,1424893,1661980,237087
ADD,1664026,1825672,161646
RETRIEVE,3879386,3919956,40570
DELETE,1088853,1389828,300975
ADD,3573789,3754789,181000
RETRIEVE,3910874,3943358,32484
RETRIEVE,4288287,4320317,32030
ADD,1601916,1816388,214472
ADD,1275691,1355384,79693
RETRIEVE,556326,604022,47696
RETRIEVE,685565,762739,77174
RETRIEVE,4103880,4149052,45172
ADD,4088853,4321854,233001
RETRIEVE,2532,43874,41342
DELETE,258582,440027,181445
RETRIEVE,897095,943153,46058
RETRIEVE,4799013,4866505,67492
RETRIEVE,863329,910009,46680
DELETE,3113685,3372784,259099
ADD,4183719,4393263,209544
DELETE,1696939,1864218,167279
ADD,3288915,3518563,229648
ADD,3212343,3392805,180462
RETRIEVE,4366206,4391930,25724
RETRIEVE,718420,761674,43254
RETRIEVE,887838,944726,56888
RETRIEVE,2593711,2619241,25530
DELETE,3505986,3865493,359507
ADD,3965486,4317387,351901
RETRIEVE,315876,364386,48510
DELETE,503941,771360,267419
DELETE,3410853,3639065,228212
DELETE,1827118,2090433,263315
DELETE,4405506,4603534,198028
RETRIEVE,185989,231937,45948
RETRIEVE,4372661,4425205,52544
RETRIEVE,1661393,1705119,43726
RETRIEVE,2520323,2577309,56986
DELETE,2048866,2345690,296824
ADD,4228847,4411783,182936
ADD,2209846,2389178,179332
RETRIEVE,104838,136578,31740
DELETE,1273743,1575922,302179
RETRIEVE,2331461,2359753,28292
DELETE,1640504,1873672,233168
RETRIEVE,1617781,1664487,46706
RETRIEVE,2710691,2760637,49946
RETRIEVE,4650179,4680879,30700
RETRIEVE,298512,336564,38052
ADD,1174179,1427673,253494
RETRIEVE,45234,109798,64564
RETRIEVE,3853235,3909581,56346
ADD,3535178,3760573,225395
RETRIEVE,4152745,4205657,52912
DELETE,3765458,3999441,233983
DELETE,1074176,1290492,216316
RETRIEVE,464312,502298,37986
ADD,4328110,4455811,127701
ADD,3255982,3481201,225219
ADD,3795940,3958013,162073
RETRIEVE,230576,271174,40598
RETRIEVE,2254641,2295709,41068
ADD,1784589,2113385,328796
DELETE,1296736,1412273,115537
RETRIEVE,2696939,2712667,15728
ADD,1289718,1516327,226609
DELETE,1938297,2116434,178137
DELETE,3618690,3962040,343350
DELETE,2924714,3092345,167631
DELETE,4037804,4172648,134844
RETRIEVE,2331501,2381019,49518
DELETE,649491,876304,226813
ADD,2650454,3013704,363250
RETRIEVE,3354451,3416585,62134
RETRIEVE,814350,845518,31168
ADD,948353,1168180,219827
RETRIEVE,2758566,2808974,50408
RETRIEVE,277811,362615,84804
ADD,4229717,4391891,162174
DELETE,3623150,3921846,298696
ADD,1046676,1250837,204161
ADD,381285,616695,235410
ADD,2897442,3136539,239097
RETRIEVE,3107457,3162899,55442
DELETE,912496,1119501,207005
DELETE,2771736,2994741,223005
RETRIEVE,1627274,1680918,53644
DELETE,3544231,3831207,286976
RETRIEVE,658117,692385,34268
ADD,3688432,3865272,176840
ADD,631979,842746,210767
ADD,3728798,3827900,99102
RETRIEVE,553012,605824,52812
DELETE,4493230,4782522,289292
ADD,1837080,2052673,215593
RETRIEVE,434088,485972,51884
RETRIEVE,2538571,2587311,48740
ADD,3536012,3789923,253911
RETRIEVE,484380,536832,52452
RETRIEVE,911217,948827,37610
RETRIEVE,4838635,4883383,44748
DELETE,3143985,3301092,157107
RETRIEVE,3063049,3096923,33874
RETRIEVE,1365716,1407544,41828
RETRIEVE,2319838,2372910,53072
RETRIEVE,4792579,4879151,86572
RETRIEVE,2844532,2894202,49670
RETRIEVE,2834163,2892653,58490
ADD,364591,827045,462454
DELETE,1951339,2177559,226220
ADD,3625985,3773077,147092
ADD,2864728,3119315,254587
RETRIEVE,1041759,1120863,79104
RETRIEVE,1502030,1528674,26644
RETRIEVE,4351510,4405196,53686
ADD,2309336,2555039,245703
RETRIEVE,3212820,3256752,43932
ADD,3570055,3809245,239190
DELETE,4200969,4342261,141292
ADD,1371190,1632865,261675
DELETE,1875773,1875773,0
ADD,3037804,3161049,123245
RETRIEVE,2858345,2915731,57386
DELETE,1233786,1489430,255644
ADD,1753216,1920643,167427
ADD,1405364,1648714,243350
RETRIEVE,1893270,1958310,65040
RETRIEVE,1807128,1858160,51032
RETRIEVE,2065716,2115100,49384
DELETE,4283502,4606276,322774
ADD,486624,657803,171179
DELETE,338335,471688,133353
RETRIEVE,1262984,1317426,54442
DELETE,415355,621054,205699
RETRIEVE,3349052,3408816,59764
RETRIEVE,3677751,3736269,58518
RETRIEVE,4535178,4587064,51886
ADD,33220,241133,207913
RETRIEVE,2512379,2574133,61754
RETRIEVE,522423,564261,41838
RETRIEVE,3351514,3398016,46502
ADD,2710636,3074359,363723
DELETE,2228847,2503603,274756
RETRIEVE,643385,703915,60530
ADD,3226676,3452933,226257
RETRIEVE,2208437,2271691,63254
DELETE,3752911,3905376,152465
RETRIEVE,3087249,3131691,44442
DELETE,3261335,3469804,208469
RETRIEVE,4212117,4258625,46508
DELETE,661933,746582,84649
ADD,1488800,1691506,202706
RETRIEVE,2427223,2482463,55240
DELETE,272545,511161,238616
DELETE,1036274,1242770,206496
DELETE,3855271,4081074,225803
ADD,4289718,4460147,170429
RETRIEVE,2505836,2573266,67430
ADD,168744,360037,191293
RETRIEVE,4534371,4574241,39870
ADD,967098,1285101,318003
RETRIEVE,951339,1006647,55308
DELETE,2536012,2871126,335114
DELETE,2283735,2489110,205375
DELETE,3499750,3736865,237115
RETRIEVE,3211341,3262297,50956
ADD,1048876,1275235,226359
ADD,1435320,1648903,213583
RETRIEVE,1865672,1884736,19064
ADD,316412,557557,241145
ADD,1281900,1429066,147166
ADD,2156970,2347484,190514
ADD,1315810,1405184,89374
DELETE,167182,309864,142682
RETRIEVE,1135084,1205526,70442
ADD,3831386,4090476,259090
DELETE,3019909,3282056,262147
RETRIEVE,2651564,2702808,51244
RETRIEVE,4485118,4544458,59340
RETRIEVE,2575326,2633930,58604
RETRIEVE,2099190,2153908,54718
RETRIEVE,1056738,1118834,62096
RETRIEVE,1972497,2023017,50520
RETRIEVE,311566,354794,43228
RETRIEVE,79397,128339,48942
DELETE,502030,601762,99732
RETRIEVE,3048866,3125136,76270
DELETE,4728798,4834107,105309
RETRIEVE,501540,534588,33048
DELETE,3265672,3554464,288792
DELETE,3032423,3241893,209470
DELETE,4423732,4634869,211137
DELETE,1326619,1577371,250752
RETRIEVE,4725067,4766607,41540
ADD,622092,781737,159645
DELETE,2233251,2345508,112257
RETRIEVE,1420144,1463466,43322
RETRIEVE,4564203,4589759,25556
DELETE,4493020,4688176,195156
RETRIEVE,3265007,3328881,63874
ADD,2683331,2866230,182899
RETRIEVE,1813446,1881002,67556
RETRIEVE,2168744,2217764,49020
ADD,4522423,4762947,240524
DELETE,4239395,4392879,153484
DELETE,2642135,2791988,149853
RETRIEVE,3947763,4002063,54300
ADD,965485,1191167,225682
RETRIEVE,943269,986153,42884
ADD,4537275,4753248,215973
RETRIEVE,4514796,4535384,20588
RETRIEVE,4420144,4455996,35852
DELETE,599682,816081,216399
ADD,2129089,2360747,231658
RETRIEVE,3782543,3823565,41022
DELETE,1740575,1988186,247611
ADD,2096281,2375799,279518
ADD,2544670,2665238,120568
RETRIEVE,2786680,2858210,71530
ADD,3396169,3713810,317641
DELETE,1786346,2011472,225126
ADD,3776651,4072280,295629
RETRIEVE,1688432,1731844,43412
RETRIEVE,4065716,4117208,51492
RETRIEVE,2261674,2345360,83686
RETRIEVE,2937962,3011670,73708
RETRIEVE,4105648,4169824,64176
RETRIEVE,715388,746390,31002
RETRIEVE,2904473,2970825,66352
ADD,1150087,1342510,192423
DELETE,1904027,2219834,315807
DELETE,2281900,2492972,211072
DELETE,3396452,3585364,188912
RETRIEVE,2371147,2420761,49614
RETRIEVE,18154,60814,42660
RETRIEVE,4587488,4649420,61932
RETRIEVE,4015837,4084797,68960
RETRIEVE,4540681,4575017,34336
ADD,30268,206330,176062
RETRIEVE,1455788,1513076,57288
ADD,1669816,1916279,246463
RETRIEVE,4475007,4531189,56182
DELETE,2440215,2590095,149880
DELETE,1195468,1523115,327647
DELETE,172472,438251,265779
DELETE,805087,1007738,202651
DELETE,604084,881184,277100
RETRIEVE,4208437,4254269,45832
RETRIEVE,939629,989499,49870
RETRIEVE,560355,604971,44616
RETRIEVE,2580958,2615490,34532
DELETE,2338335,2549176,210841
RETRIEVE,4570055,4592353,22298
RETRIEVE,3326780,3362304,35524
ADD,3560355,3797757,237402
ADD,649056,877935,228879
ADD,3381285,3659450,278165
ADD,1167683,1381312,213629
ADD,2370439,2615614,245175
RETRIEVE,3258582,3299870,41288
RETRIEVE,885671,926483,40812
RETRIEVE,1451370,1497630,46260
RETRIEVE,1240598,1318134,77536
ADD,3969756,4141723,171967
RETRIEVE,3275370,3326702,51332
DELETE,4714579,4896978,182399
DELETE,2440173,2720942,280769
DELETE,2656245,2770031,113786
ADD,2774444,3189686,415242
DELETE,4076270,4311226,234956
ADD,2682273,2941687,259414
RETRIEVE,2371190,2423212,52022
ADD,3664677,4001533,336856
ADD,4284208,4499449,215241
DELETE,485118,730598,245480
RETRIEVE,4646069,4711251,65182
ADD,3941994,4144469,202475
RETRIEVE,4364874,4410058,45184
DELETE,4372623,4471929,99306
DELETE,3323407,3374195,50788
DELETE,1252526,1413978,161452
DELETE,921564,1079773,158209
DELETE,1452616,1674250,221634
DELETE,2129442,2342210,212768
RETRIEVE,2539676,2561872,22196
DELETE,3572811,3797743,224932
RETRIEVE,2288915,2337221,48306
DELETE,844532,1068204,223672
ADD,3796257,3918279,122022
ADD,460207,716897,256690
RETRIEVE,3321587,3400077,78490
RETRIEVE,1404880,1446892,42012
DELETE,1153642,1235892,82250
ADD,2032247,2257216,224969
DELETE,3658543,3849632,191089
RETRIEVE,2366637,2411591,44954
ADD,1425611,1662031,236420
RETRIEVE,2002532,2049778,47246
DELETE,48866,327634,278768
DELETE,1022900,1233407,210507
RETRIEVE,4272545,4316597,44052
ADD,1713185,1861101,147916
ADD,1351700,1611059,259359
ADD,3299384,3456296,156912
RETRIEVE,3441132,3484164,43032
RETRIEVE,2938297,2970949,32652
DELETE,3280738,3501547,220809
DELETE,4460297,4624213,163916
ADD,1934934,2339791,404857
RETRIEVE,3892709,3933761,41052
DELETE,1980412,2061115,80703
RETRIEVE,4471114,4504946,33832
DELETE,150087,422916,272829
DELETE,2939629,3131616,191987
ADD,1973354,2193339,219985
ADD,2354307,2596369,242062
RETRIEVE,1126318,1158412,32094
RETRIEVE,44322,101996,57674
ADD,2223770,2421826,198056
ADD,3271354,3522439,251085
DELETE,3294822,3614817,319995
ADD,778346,1151945,373599
RETRIEVE,2581201,2636617,55416
RETRIEVE,343115,384159,41044
RETRIEVE,423732,452512,28780
ADD,1472122,1709904,237782
DELETE,2969006,3148588,179582
RETRIEVE,632467,671837,39370
RETRIEVE,744104,783404,39300
DELETE,3104838,3275610,170772
ADD,3983931,4173778,189847
RETRIEVE,929678,990404,60726
RETRIEVE,4477761,4517231,39470
ADD,3554803,3729586,174783
DELETE,2200969,2372519,171550
ADD,1978046,2185765,207719
ADD,4435320,4738425,303105
ADD,2598812,2735361,136549
ADD,4632798,4797807,165009
RETRIEVE,683331,709653,26322
DELETE,2326619,2570460,243841
DELETE,1621381,1971911,350530
DELETE,245992,415874,169882
DELETE,627274,881741,254467
RETRIEVE,1510901,1555453,44552
ADD,4539676,4683738,144062
RETRIEVE,596220,645220,49000
RETRIEVE,3873469,3918039,44570
DELETE,3318740,3514118,195378
ADD,1149906,1304280,154374
DELETE,3103880,3295099,191219
ADD,3976591,4176472,199881
ADD,2273743,2564239,290496
RETRIEVE,792549,833911,41362
DELETE,1017168,1171625,154457
ADD,3149906,3239549,89643
RETRIEVE,319239,395003,75764
DELETE,724138,931875,207737
DELETE,3036274,3260761,224487
RETRIEVE,1638065,1667653,29588
ADD,4649606,4896782,247176
RETRIEVE,2289718,2350924,61206
ADD,4488861,4706789,217928
DELETE,1960845,2085600,124755
RETRIEVE,2339194,2364270,25076
ADD,229717,298376,68659
DELETE,3328795,3471384,142589
ADD,1579365,1803954,224589
ADD,1628782,1854001,225219
DELETE,759072,1005627,246555
RETRIEVE,3945538,4012328,66790
DELETE,3099190,3368758,269568
RETRIEVE,4516354,4542490,26136
RETRIEVE,1643385,1708509,65124
ADD,4268405,4465812,197407
DELETE,3493714,3676029,182315
ADD,2201291,2391833,190542
RETRIEVE,4666346,4728232,61886
ADD,111797,371582,259785
DELETE,2655259,2834767,179508
ADD,807128,945085,137957
RETRIEVE,4385852,4440134,54282
ADD,1349569,1605667,256098
ADD,226319,420530,194211
ADD,1354307,1535427,181120
DELETE,2658543,3101792,443249
ADD,3891286,3918588,27302
ADD,3042078,3189893,147815
ADD,2469059,2672673,203614
RETRIEVE,263039,317481,54442
ADD,4134154,4384943,250789
RETRIEVE,3337229,3384885,47656
RETRIEVE,4673303,4705377,32074
RETRIEVE,4103992,4143320,39328
RETRIEVE,2644592,2692280,47688
ADD,4287662,4542240,254578
DELETE,2171823,2448951,277128
DELETE,3813798,4130578,316780
DELETE,2080847,2209428,128581
DELETE,1938264,2131873,193609
DELETE,4227125,4500723,273598
RETRIEVE,2115228,2161162,45934
RETRIEVE,612552,669848,57296
DELETE,1339163,1547058,207895
RETRIEVE,2840828,2881588,40760
RETRIEVE,4390322,4439426,49104
RETRIEVE,748675,792581,43906
DELETE,3945860,4270589,324729
RETRIEVE,2527023,2586499,59476
ADD,3650701,3853519,202818
DELETE,3032247,3244848,212601
RETRIEVE,4063143,4084157,21014
DELETE,1599682,1801545,201863
RETRIEVE,3602438,3658602,56164
DELETE,1226319,1493599,267280
DELETE,4238247,4475510,237263
DELETE,3901670,4103246,201576
DELETE,3439342,3683396,244054
DELETE,1422386,1650987,228601
RETRIEVE,134154,172944,38790
DELETE,2884560,3184571,300011
ADD,136790,389006,252216
ADD,1212820,1485621,272801
RETRIEVE,1288915,1334735,45820
RETRIEVE,2831386,2889064,57678
RETRIEVE,2979496,3050484,70988
ADD,1475335,1710059,234724
RETRIEVE,1885671,1948901,63230
DELETE,1974663,2160897,186234
DELETE,2496027,2893074,397047
ADD,1808637,2224435,415798
ADD,3874515,4130186,255671
RETRIEVE,3857119,3903671,46552
ADD,351851,529414,177563
ADD,2820774,3054729,233955
RETRIEVE,3357096,3406260,49164
RETRIEVE,3946842,4000062,53220
RETRIEVE,2551908,2568662,16754
DELETE,2512550,2732618,220068
RETRIEVE,837080,884856,47776
RETRIEVE,2518053,2575531,57478
RETRIEVE,2315876,2360790,44914
ADD,2302127,2463051,160924
ADD,2666696,2986496,319800
ADD,2971304,3129430,158126
ADD,1605135,1935283,330148
RETRIEVE,4327875,4376327,48452
DELETE,4288531,4555635,267104
RETRIEVE,3053980,3118030,64050
DELETE,966770,1133150,166380
RETRIEVE,3178267,3230399,52132
DELETE,1499750,1657311,157561
DELETE,2454628,2776364,321736
ADD,2297778,2619857,322079
DELETE,2540681,2765409,224728
ADD,1356377,1626538,270161
DELETE,2152745,2303107,150362
RETRIEVE,899451,953893,54442
DELETE,4183538,4515271,331733
ADD,3475007,3704590,229583
RETRIEVE,1973081,2011945,38864
RETRIEVE,2678275,2728561,50286
ADD,450036,616278,166242
DELETE,3469492,3635882,166390
RETRIEVE,3596220,3644094,47874
RETRIEVE,1696309,1749283,52974
DELETE,774904,1019199,244295
RETRIEVE,587488,637064,49576
RETRIEVE,2824591,2869509,44918
DELETE,3105648,3362144,256496
ADD,3691194,3861540,170346
RETRIEVE,4467984,4530862,62878
ADD,491219,709694,218475
RETRIEVE,1363912,1410030,46118
ADD,4132472,4404949,272477
RETRIEVE,541203,587099,45896
DELETE,854829,1174703,319874
RETRIEVE,2678797,2729815,51018
DELETE,3983425,4223819,240394
RETRIEVE,2986771,3027699,40928
ADD,17168,126711,109543
DELETE,1347981,1573867,225886
RETRIEVE,3185989,3245087,59098
RETRIEVE,1667706,1712848,45142
DELETE,3385852,3535881,150029
RETRIEVE,4616910,4668948,52038
ADD,2470851,2650359,179508
DELETE,1302127,1574715,272588
ADD,4468281,4690535,222254
RETRIEVE,2541203,2585627,44424
RETRIEVE,2661393,2705717,44324
RETRIEVE,3323530,3380802,57272
RETRIEVE,4022935,4068399,45464
DELETE,404880,489103,84223
DELETE,2192651,2451871,259220
DELETE,1386252,1607265,221013
RETRIEVE,2412641,2475771,63130
ADD,4656245,4832835,176590
DELETE,3934934,4327877,392943
ADD,1192091,1379446,187355
DELETE,481890,611694,129804
RETRIEVE,2554014,2611076,57062
RETRIEVE,2074176,2124398,50222
RETRIEVE,2617781,2662389,44608
RETRIEVE,2386820,2415494,28674
RETRIEVE,1596220,1631124,34904
RETRIEVE,1657602,1686690,29088
RETRIEVE,2542313,2577859,35546
DELETE,412025,637494,225469
RETRIEVE,1475434,1517814,42380
ADD,4400338,4590361,190023
DELETE,1168744,1373683,204939
RETRIEVE,1683331,1725091,41760
RETRIEVE,4297778,4351796,54018
ADD,1180587,1366071,185484
RETRIEVE,2838114,2898626,60512
RETRIEVE,625248,668344,43096
DELETE,4003699,4238322,234623
RETRIEVE,214632,279696,65064
RETRIEVE,3268405,3321261,52856
RETRIEVE,1269522,1342548,73026
DELETE,56122,409089,352967
ADD,661393,804279,142886
DELETE,2040556,2356724,316168
ADD,2372623,2500436,127813
ADD,4247342,4387458,140116
RETRIEVE,331461,362777,31316
DELETE,238585,452075,213490
RETRIEVE,893270,945362,52092
RETRIEVE,4359270,4410946,51676
RETRIEVE,1966011,2005011,39000
ADD,4324076,4542764,218688
ADD,2288287,2508105,219818
RETRIEVE,1582518,1614488,31970
ADD,1906239,2081106,174867
RETRIEVE,420144,476298,56154
RETRIEVE,592336,633818,41482
ADD,32247,263284,231037
RETRIEVE,3321641,3367309,45668
RETRIEVE,2365716,2406656,40940
ADD,2396632,2658362,261730
DELETE,4635752,4770263,134511
DELETE,323407,511031,187624
RETRIEVE,621893,696325,74432
DELETE,688432,867635,179203
RETRIEVE,3026273,3074267,47994
ADD,3393524,3416064,22540
RETRIEVE,1351510,1404174,52664
RETRIEVE,2277286,2328704,51418
ADD,3046676,3287339,240663
DELETE,3960845,4152471,191626
RETRIEVE,870861,922615,51754
RETRIEVE,1230228,1280328,50100
ADD,1229717,1559504,329787
DELETE,938297,1096339,158042
RETRIEVE,2354451,2411375,56924
RETRIEVE,4263039,4313941,50902
RETRIEVE,1318740,1378190,59450
RETRIEVE,2380662,2428614,47952
ADD,3312859,3536003,223144
RETRIEVE,1055239,1075469,20230
ADD,808890,949386,140496
RETRIEVE,3683331,3718211,34880
RETRIEVE,1371147,1412137,40990
RETRIEVE,4606905,4655701,48796
DELETE,1362131,1582440,220309
RETRIEVE,262984,313292,50308
DELETE,2460207,2575059,114852
DELETE,3941574,4213190,271616
ADD,4090246,4295194,204948
DELETE,351647,637419,285772
RETRIEVE,1880036,1892384,12348
ADD,3704586,3912860,208274
RETRIEVE,672098,711824,39726
ADD,1396632,1655676,259044
DELETE,1783236,2015088,231852
ADD,1912496,2118139,205643
DELETE,2345708,2489029,143321
RETRIEVE,1652507,1704231,51724
DELETE,3649491,3787800,138309
RETRIEVE,3890811,3942621,51810
ADD,2434943,2619130,184187
DELETE,3272868,3469349,196481
ADD,643933,923331,279398
ADD,1132472,1323385,190913
ADD,3864728,4154187,289459
DELETE,4283735,4441490,157755
ADD,1532576,1639358,106782
ADD,2776651,3106364,329713
ADD,2054803,2256111,201308
RETRIEVE,4776651,4822725,46074
DELETE,1258573,1455749,197176
RETRIEVE,4316412,4374602,58190
DELETE,1757356,2103198,345842
RETRIEVE,247342,302670,55328
DELETE,337229,564588,227359
DELETE,4550022,4790703,240681
DELETE,1642135,1794007,151872
DELETE,2945860,3211843,265983
RETRIEVE,666346,703932,37586
RETRIEVE,3759794,3791798,32004
DELETE,4339194,4538686,199492
RETRIEVE,3999231,4067643,68412
DELETE,920015,1094502,174487
ADD,3811866,4038345,226479
DELETE,1481890,1701272,219382
RETRIEVE,3804178,3838180,34002
RETRIEVE,4396632,4453134,56502
DELETE,691194,945596,254402
RETRIEVE,4397498,4428596,31098
ADD,192091,435737,243646
DELETE,4185789,4499762,313973
RETRIEVE,4602636,4633610,30974
RETRIEVE,858345,911005,52660
ADD,426422,642479,216057
DELETE,3865672,4136148,270476
ADD,976914,1285986,309072
ADD,3804912,4032012,227100
ADD,4044322,4262417,218095
RETRIEVE,4469492,4508474,38982
RETRIEVE,966870,1017674,50804
ADD,339163,575342,236179
ADD,1567216,1818626,251410
RETRIEVE,2514796,2565908,51112
RETRIEVE,4090512,4143512,53000
DELETE,4093934,4326324,232390
ADD,2854829,3159046,304217
DELETE,3714579,3866989,152410
DELETE,2351851,2566351,214500
RETRIEVE,4703011,4752743,49732
RETRIEVE,3930943,3974225,43282
RETRIEVE,4206043,4269819,63776
ADD,2786346,2942637,156291
ADD,3169361,3576441,407080
ADD,565598,858790,293192
ADD,3976341,4159759,183418
ADD,4667717,4866644,198927
RETRIEVE,3782344,3822074,39730
DELETE,3470501,3683083,212582
RETRIEVE,1439342,1496050,56708
DELETE,2959727,3189495,229768
RETRIEVE,4518054,4580476,62422
DELETE,545483,796207,250724
DELETE,2688205,2967612,279407
RETRIEVE,4501540,4562368,60828
DELETE,4265672,4543782,278110
DELETE,1617313,1929952,312639
DELETE,1014018,1195694,181676
ADD,3269522,3555544,286022
ADD,4545483,4873399,327916
DELETE,115228,281794,166566
DELETE,1140517,1417719,277202
ADD,1673303,1865374,192071
RETRIEVE,1765997,1809711,43714
RETRIEVE,2385852,2433958,48106
ADD,707660,934297,226637
RETRIEVE,2614440,2716500,102060
RETRIEVE,1023918,1067456,43538
RETRIEVE,4618690,4680690,62000
DELETE,827118,1059600,232482
DELETE,3136790,3347557,210767
RETRIEVE,1487311,1520383,33072
DELETE,1540681,1654893,114212
RETRIEVE,493714,560786,67072
RETRIEVE,3330401,3374039,43638
ADD,3661393,3791327,129934
ADD,363912,596450,232538
DELETE,4486624,4591887,105263
DELETE,1257078,1501947,244869
ADD,1020181,1264096,243915
RETRIEVE,432004,477334,45330
RETRIEVE,4174179,4212973,38794
RETRIEVE,3870861,3940237,69376
ADD,4119338,4408862,289524
DELETE,1144981,1385774,240793
RETRIEVE,2853235,2870027,16792
RETRIEVE,3386252,3412686,26434
RETRIEVE,3972497,4008967,36470
ADD,4331461,4559923,228462
RETRIEVE,1632834,1687644,54810
RETRIEVE,3550022,3607462,57440
ADD,3597383,3721416,124033
ADD,1879386,2137855,258469
RETRIEVE,2481295,2521203,39908
DELETE,3316412,3432023,115611
DELETE,1460207,1599211,139004
ADD,42078,340245,298167
ADD,4251152,4593576,342424
RETRIEVE,4129089,4178465,49376
DELETE,833971,1018371,184400
ADD,4426422,4657543,231121
RETRIEVE,2298512,2373460,74948
ADD,1359270,1602379,243109
DELETE,539676,806187,266511
ADD,4108841,4384236,275395
ADD,3355847,3643166,287319
RETRIEVE,526880,575086,48206
ADD,1084919,1351865,266946
DELETE,4654568,4867299,212731
ADD,2898370,3068493,170123
DELETE,3638065,3795264,157199
ADD,3338335,3533787,195452
ADD,400338,623250,222912
RETRIEVE,4575372,4641478,66106
RETRIEVE,1247588,1323148,75560
ADD,2275370,2646810,371440
RETRIEVE,3277811,3341693,63882
DELETE,146464,479151,332687
ADD,3756795,3967710,210915
ADD,1044322,1378917,334595
RETRIEVE,4481489,4527497,46008
DELETE,2782543,3111987,329444
DELETE,1427223,1643029,215806
DELETE,4575326,4825383,250057
RETRIEVE,2601916,2651682,49766
RETRIEVE,3863329,3913111,49782
DELETE,2133208,2362670,229462
RETRIEVE,542313,589867,47554
ADD,1477761,1699821,222060
RETRIEVE,1124883,1157295,32412
DELETE,892709,1257859,365150
RETRIEVE,2696309,2764991,68682
ADD,4579365,4821825,242460
RETRIEVE,427223,479395,52172
DELETE,3336335,3502373,166038
DELETE,2516354,2660296,143942
ADD,2506058,2758302,252244
RETRIEVE,252526,304716,52190
DELETE,904776,1084979,180203
RETRIEVE,3532576,3575974,43398
ADD,3498970,3749713,250743
ADD,4234952,4549082,314130
ADD,4541819,4744970,203151
ADD,1491630,1790956,299326
DELETE,1870861,2046321,175460
DELETE,40556,206594,166038
DELETE,4255982,4375975,119993
RETRIEVE,149906,184836,34930
DELETE,2505986,2719004,213018
RETRIEVE,664026,713646,49620
RETRIEVE,2861283,2922673,61390
DELETE,290212,345817,55605
RETRIEVE,783236,825216,41980
DELETE,153634,300920,147286
RETRIEVE,3553012,3613358,60346
RETRIEVE,1594646,1626148,31502
DELETE,2162636,2282379,119743
RETRIEVE,1009924,1044618,34694
ADD,2107457,2443850,336393
RETRIEVE,1503941,1561163,57222
RETRIEVE,4266134,4317978,51844
DELETE,4041759,4202516,160757
ADD,4475434,4666578,191144
ADD,1396452,1658145,261693
ADD,2418775,2625762,206987
RETRIEVE,2940859,2995395,54536
ADD,1099190,1511144,411954
RETRIEVE,1897442,1950924,53482
RETRIEVE,3893147,3949183,56036
RETRIEVE,2567216,2596792,29576
RETRIEVE,904027,997769,93742
ADD,1133208,1377215,244007
RETRIEVE,3545777,3586565,40788
RETRIEVE,3617781,3663421,45640
ADD,299384,411067,111683
ADD,1254641,1603355,348714
RETRIEVE,2804178,2847010,42832
RETRIEVE,1866779,1929729,62950
RETRIEVE,1625985,1669173,43188
ADD,2421935,2615655,193720
RETRIEVE,2597030,2653996,56966
DELETE,2930943,3220754,289811
DELETE,4189097,4366864,177767
DELETE,391937,570009,178072
ADD,1450255,1672936,222681
RETRIEVE,634982,675012,40030
ADD,715067,866791,151724
RETRIEVE,575628,617722,42094
RETRIEVE,1658117,1702125,44008
ADD,4351851,4602418,250567
ADD,2638585,2861534,222949
DELETE,2649491,2868410,218919
DELETE,3157748,3441204,283456
ADD,4494224,4737611,243387
