type,start,end,duration
ADD,2887281,3404155,516874
RETRIEVE,1269349,1342487,73138
ADD,2645679,3192847,547168
ADD,2343810,2743673,399863
DELETE,2511480,3019098,507618
ADD,1317878,1680545,362667
RETRIEVE,3041547,3158947,117400
ADD,656726,1072089,415363
ADD,2174069,2621348,447279
DELETE,1398856,1658502,259646
ADD,216750,666021,449271
RETRIEVE,787903,928201,140298
RETRIEVE,3591064,3651784,60720
ADD,3526961,3891129,364168
ADD,360715,564181,203466
ADD,3988215,4347685,359470
RETRIEVE,1397129,1465773,68644
ADD,3668627,4006113,337486
ADD,1101972,1636772,534800
DELETE,474974,954540,479566
RETRIEVE,4026080,4122054,95974
RETRIEVE,660228,738134,77906
ADD,3752926,4147759,394833
RETRIEVE,2557319,2679493,122174
RETRIEVE,3660066,3760106,100040
DELETE,1638873,2202347,563474
ADD,1353707,1714215,360508
RETRIEVE,1201761,1285769,84008
ADD,3419137,3804696,385559
DELETE,1567514,1864125,296611
ADD,1638934,2159588,520654
RETRIEVE,1245407,1316129,70722
ADD,879213,1467951,588738
RETRIEVE,2951257,3074227,122970
DELETE,1665991,2177890,511899
ADD,785889,1122699,336810
ADD,3770697,4128333,357636
ADD,3683598,4191216,507618
DELETE,4155379,4844757,689378
ADD,3696022,4217880,521858
DELETE,337065,719252,382187
RETRIEVE,249406,364316,114910
ADD,1687328,2043417,356089
ADD,3017694,3540052,522358
ADD,4066760,4473711,406951
ADD,758123,1260618,502495
RETRIEVE,2723752,2828794,105042
DELETE,495492,1011245,515753
ADD,1445303,1978779,533476
RETRIEVE,2187450,2291912,104462
RETRIEVE,2531837,2658047,126210
DELETE,3269349,3702212,432863
ADD,832752,916225,83473
ADD,1713105,2077902,364797
ADD,2679816,3227929,548113
RETRIEVE,3977644,4065442,87798
DELETE,39678,874332,834654
DELETE,1681062,2066028,384966
ADD,4065825,4596558,530733
ADD,957741,1188130,230389
ADD,1520773,1883125,362352
ADD,3049450,3577830,528380
RETRIEVE,770387,851851,81464
ADD,2935942,3379117,443175
ADD,3232638,3897965,665327
DELETE,4233581,4819530,585949
RETRIEVE,494646,577284,82638
DELETE,2125953,2497606,371653
RETRIEVE,3832752,3921574,88822
DELETE,2222510,2912314,689804
ADD,2657545,3303871,646326
ADD,1408733,2002706,593973
RETRIEVE,4014179,4126799,112620
DELETE,101469,602417,500948
ADD,1968061,2544375,576314
ADD,3232687,3586506,353819
ADD,2957741,3271936,314195
RETRIEVE,4188138,4285976,97838
ADD,3688685,4025541,336856
ADD,618139,987328,369189
RETRIEVE,1392900,1498696,105796
DELETE,2287708,2913309,625601
ADD,2017322,2357300,339978
RETRIEVE,1941547,1995379,53832
DELETE,2726259,2946670,220411
RETRIEVE,1716356,1816120,99764
RETRIEVE,1953635,2013513,59878
ADD,2338846,2808628,469782
DELETE,1537509,2053132,515623
ADD,4442729,4488282,45553
ADD,1874783,2247335,372552
RETRIEVE,2338906,2445358,106452
RETRIEVE,2629706,2694288,64582
RETRIEVE,1826758,1888156,61398
DELETE,4137610,4558124,420514
ADD,1858771,2384335,525564
RETRIEVE,4175256,4236668,61412
ADD,2409780,2829896,420116
ADD,3372638,3876847,504209
DELETE,4302389,4739903,437514
RETRIEVE,1274588,1401386,126798
RETRIEVE,294055,390299,96244
RETRIEVE,663943,764935,100992
DELETE,1216750,1705506,488756
ADD,647270,890323,243053
RETRIEVE,441810,531242,89432
DELETE,3176154,3518680,342526
ADD,368883,802617,433734
DELETE,723833,1156243,432410
ADD,3559448,4027794,468346
ADD,2372638,3021289,648651
ADD,1992864,2264702,271838
ADD,4151922,4753047,601125
ADD,2784087,3039360,255273
ADD,2751537,2951974,200437
DELETE,2841241,3146802,305561
ADD,685030,1074647,389617
DELETE,1971824,2474542,502718
DELETE,240322,576881,336559
ADD,2802422,3269805,467383
DELETE,1474974,2018261,543287
RETRIEVE,3923652,4051012,127360
ADD,3469818,4065921,596103
ADD,1452454,1713610,261156
RETRIEVE,511480,559224,47744
RETRIEVE,4582433,4679229,96796
RETRIEVE,4290271,4405431,115160
ADD,3059997,3271097,211100
DELETE,1806865,2445066,638201
DELETE,2090969,2519404,428435
ADD,3569727,3827233,257506
ADD,3454491,3821660,367169
ADD,1294055,1948330,654275
DELETE,3674594,4071910,397316
ADD,1834660,2538222,703562
ADD,2799295,3228916,429621
ADD,2493852,2895096,401244
ADD,628943,738514,109571
ADD,3557627,3827139,269512
ADD,4158453,4542650,384197
DELETE,927586,1522290,594704
DELETE,3426551,3984994,558443
DELETE,3668402,4022147,353745
RETRIEVE,519561,556649,37088
DELETE,4373920,4708006,334086
RETRIEVE,2014179,2102849,88670
DELETE,4098413,4441402,342989
DELETE,2185801,2738111,552310
ADD,44447,402296,357849
ADD,958454,1283924,325470
ADD,4332770,4646557,313787
ADD,4222510,4527848,305338
DELETE,1337065,1724829,387764
RETRIEVE,1809699,1898725,89026
DELETE,3751537,4122245,370708
ADD,1390379,1789538,399159
RETRIEVE,3376799,3476171,99372
ADD,2071666,2531860,460194
RETRIEVE,1872085,1991613,119528
ADD,2669572,2943207,273635
DELETE,3726028,4126392,400364
DELETE,555980,936082,380102
ADD,321705,913686,591981
RETRIEVE,4754973,4855793,100820
RETRIEVE,267072,338322,71250
RETRIEVE,3230873,3329097,98224
DELETE,1785889,1900731,114842
DELETE,1815108,2100426,285318
ADD,624441,1129595,505154
ADD,966538,1718636,752098
ADD,3639538,4350919,711381
DELETE,4239967,4591702,351735
RETRIEVE,3345800,3450432,104632
RETRIEVE,1088305,1177851,89546
ADD,4028023,4622681,594658
DELETE,2621395,2899579,278184
DELETE,3392900,3913044,520144
ADD,2192272,2594479,402207
RETRIEVE,330227,451671,121444
ADD,4481414,4805513,324099
ADD,2592261,3117000,524739
DELETE,2711280,3214878,503598
RETRIEVE,4474746,4540280,65534
RETRIEVE,1991418,2077238,85820
DELETE,1202433,1557901,355468
DELETE,2792880,3133710,340830
ADD,4240322,4709752,469430
ADD,3756722,4286770,530048
DELETE,2235124,2618015,382891
DELETE,3069292,3449997,380705
ADD,741049,1219077,478028
RETRIEVE,853326,951266,97940
ADD,1751831,2121687,369856
ADD,3480389,3785857,305468
ADD,1023468,1451208,427740
ADD,3632788,3978093,345305
ADD,1287516,1701999,414483
ADD,4326982,4645522,318540
ADD,1620940,2162624,541684
ADD,3074989,3376121,301132
DELETE,314363,727512,413149
DELETE,1055030,1480760,425730
ADD,1082318,1503008,420690
DELETE,3494646,4040008,545362
RETRIEVE,2701390,2792954,91564
ADD,2949514,3398813,449299
DELETE,69761,558693,488932
RETRIEVE,1866274,1983804,117530
DELETE,684130,979685,295555
RETRIEVE,1623561,1711813,88252
ADD,823781,1263843,440062
DELETE,2698880,3103265,404385
ADD,3620235,3832076,211841
DELETE,3481414,3785585,304171
ADD,4343889,4858697,514808
ADD,2618305,3210814,592509
ADD,3390379,3906771,516392
DELETE,2119847,2630059,510212
ADD,4231730,4659971,428241
ADD,555759,961941,406182
ADD,1889091,2306075,416984
ADD,2243006,2763363,520357
ADD,1905304,2343291,437987
DELETE,3935283,4250831,315548
DELETE,90969,497623,406654
RETRIEVE,4290342,4408100,117758
DELETE,4433245,4860068,426823
RETRIEVE,1618305,1698235,79930
ADD,2608160,3153262,545102
ADD,3440478,4039574,599096
RETRIEVE,1697729,1745489,47760
ADD,4095175,4589295,494120
ADD,842891,1294849,451958
DELETE,4187450,4455360,267910
DELETE,3509371,3868147,358776
RETRIEVE,3733298,3869688,136390
RETRIEVE,4665303,4795487,130184
ADD,2391545,2518737,127192
ADD,3368838,3866006,497168
ADD,3051597,3303331,251734
DELETE,3466783,3680412,213629
DELETE,324152,581750,257598
DELETE,4403,325824,321421
ADD,2612978,3010803,397825
ADD,1353827,1682215,328388
ADD,2102519,2583576,481057
ADD,3267072,3640522,373450
DELETE,1339671,1631455,291784
ADD,1662827,2020343,357516
RETRIEVE,2871200,2957264,86064
DELETE,4368883,4671294,302411
ADD,2421718,2843381,421663
ADD,4010562,4594029,583467
DELETE,4263333,4539368,276035
ADD,302822,615155,312333
RETRIEVE,91070,200336,109266
ADD,3992832,4727532,734700
ADD,4179608,4536475,356867
RETRIEVE,4498305,4576487,78182
ADD,4171355,4738164,566809
ADD,2624441,3183922,559481
ADD,1931422,2247924,316502
DELETE,2066760,2632216,565456
ADD,3113180,3388390,275210
ADD,618971,1099880,480909
DELETE,1338846,1776583,437737
ADD,2373920,2797417,423497
DELETE,2878772,3342523,463751
ADD,3287708,3663614,375906
ADD,852480,1476479,623999
DELETE,2387488,2792493,405005
DELETE,1254258,1809802,555544
RETRIEVE,4235124,4337962,102838
ADD,4140994,4480518,339524
RETRIEVE,665991,781447,115456
DELETE,2457312,2805850,348538
ADD,2604031,3328178,724147
ADD,1209322,1508629,299307
DELETE,1546593,2017672,471079
ADD,2822639,3031302,208663
DELETE,4192565,4800128,607563
DELETE,1069292,1558465,489173
ADD,2476459,2779916,303457
ADD,2858771,3224273,365502
ADD,4232165,4876166,644001
DELETE,4453612,4880315,426703
ADD,1935942,2299202,363260
ADD,3368883,3790222,421339
ADD,135287,558080,422793
ADD,1387998,1924114,536116
RETRIEVE,182425,262019,79594
ADD,40388,411911,371523
DELETE,2974725,3663436,688711
ADD,3234438,3494964,260526
ADD,4080527,4568023,487496
DELETE,2210771,2545691,334920
ADD,800560,1255529,454969
DELETE,1332770,1641369,308599
DELETE,3777558,4143495,365937
ADD,1799274,2216258,416984
DELETE,3899897,4522673,622776
ADD,2937249,3348600,411351
RETRIEVE,4349264,4457336,108072
ADD,2589675,2958150,368475
DELETE,2230632,2839103,608471
ADD,2032711,2506069,473358
DELETE,2216750,2667142,450392
ADD,4049450,4568955,519505
RETRIEVE,1936712,1955348,18636
ADD,1479208,1888679,409471
ADD,2075492,2457883,382391
RETRIEVE,946010,995974,49964
ADD,23468,394899,371431
ADD,3121175,3737141,615966
RETRIEVE,2330227,2435607,105380
RETRIEVE,4723833,4844619,120786
ADD,220884,461779,240895
ADD,4277539,4755937,478398
ADD,889131,1350473,461342
RETRIEVE,2305930,2357294,51364
ADD,3573673,4012466,438793
DELETE,4124349,4642381,518032
RETRIEVE,246413,327059,80646
ADD,3652241,4030314,378073
ADD,2192565,2989791,797226
RETRIEVE,1974925,2065635,90710
ADD,956235,1253439,297204
ADD,1668402,2034700,366298
ADD,1211193,1633143,421950
ADD,2993065,3377512,384447
ADD,2867776,3334436,466660
ADD,3697729,4130685,432956
ADD,2628943,2727962,99019
DELETE,1912016,2246463,334447
ADD,3520773,3968969,448196
DELETE,4544366,4895082,350716
ADD,3900770,4229668,328898
ADD,3090372,3449073,358701
RETRIEVE,1669212,1741958,72746
DELETE,181921,552629,370708
ADD,2391430,2828574,437144
DELETE,2481414,2679405,197991
DELETE,3770181,4340863,570682
DELETE,2091812,2504257,412445
RETRIEVE,3575725,3668323,92598
DELETE,3348464,3788721,440257
RETRIEVE,1696022,1826332,130310
ADD,302152,647698,345546
DELETE,320315,756634,436319
DELETE,3865608,4167880,302272
RETRIEVE,2866957,2962005,95048
RETRIEVE,2146314,2215268,68954
ADD,1558943,2035285,476342
DELETE,1872574,2405531,532957
RETRIEVE,3508940,3714298,205358
DELETE,3041543,3608463,566920
ADD,4071912,4586636,514724
ADD,1441810,1906645,464835
ADD,1766938,2078817,311879
RETRIEVE,647330,725306,77976
RETRIEVE,942984,1021454,78470
DELETE,2921629,3335065,413436
RETRIEVE,3990723,4092483,101760
DELETE,674059,1307146,633087
RETRIEVE,4201761,4287637,85876
DELETE,362585,862708,500123
DELETE,3418772,3804016,385244
ADD,1833995,2377050,543055
ADD,2359822,2848800,488978
RETRIEVE,4318801,4430323,111522
ADD,2834660,3443697,609037
DELETE,2002345,2410278,407933
ADD,2327392,2712266,384874
ADD,3302152,3971936,669784
ADD,2667641,3178335,510694
ADD,3334940,3817776,482836
ADD,1557627,2129541,571914
RETRIEVE,1632401,1762459,130058
DELETE,3151893,3553711,401818
DELETE,3890859,4232115,341256
ADD,4530951,4896388,365437
ADD,2441810,3178001,736191
ADD,1012345,1397246,384901
ADD,3523972,4098322,574350
RETRIEVE,4381709,4491801,110092
ADD,3484488,4019668,535180
ADD,3569967,4143419,573452
DELETE,1071666,1487779,416113
ADD,1431934,2031743,599809
RETRIEVE,3044447,3156589,112142
ADD,4401250,4713351,312101
RETRIEVE,3423714,3507476,83762
DELETE,4054014,4553748,499734
DELETE,3197135,3675793,478658
DELETE,3469104,4067032,597928
DELETE,3544894,3825274,280380
ADD,656856,1234958,578102
RETRIEVE,2474746,2570368,95622
DELETE,2178172,2586670,408498
ADD,963467,1288149,324682
DELETE,1853326,2250531,397205
DELETE,3146205,3793513,647308
RETRIEVE,2034567,2137151,102584
ADD,3222510,3781685,559175
DELETE,2887836,3391174,503338
ADD,3292039,3664322,372283
ADD,2529036,2947317,418281
ADD,855768,1140391,284623
ADD,3208361,3634091,425730
ADD,1622353,2178767,556414
ADD,3984232,4330964,346732
ADD,3983284,4574070,590786
RETRIEVE,729694,850574,120880
DELETE,660240,1392911,732671
ADD,2640580,2870941,230361
ADD,530951,820623,289672
ADD,612426,944863,332437
DELETE,726028,1275262,549234
RETRIEVE,1224445,1313417,88972
DELETE,3913967,4271862,357895
DELETE,2681038,3231319,550281
ADD,3144980,3604646,459666
ADD,3273584,4093137,819553
DELETE,1343810,1778489,434679
DELETE,2992015,3282743,290728
ADD,3716356,4200545,484189
RETRIEVE,4371455,4428731,57276
ADD,328661,559031,230370
DELETE,3872574,4563230,690656
RETRIEVE,2785889,2882993,97104
ADD,3695260,4222139,526879
RETRIEVE,2735111,2862079,126968
DELETE,1502047,1953838,451791
RETRIEVE,3757136,3896022,138886
ADD,224296,794023,569727
ADD,1848537,2348271,499734
DELETE,3100097,3678292,578195
ADD,2137485,2666551,529066
ADD,3101972,3809453,707481
RETRIEVE,1234438,1368616,134178
ADD,1987386,2479579,492193
ADD,2098653,2628738,530085
ADD,463367,752020,288653
RETRIEVE,4426551,4505467,78916
ADD,224445,465404,240959
ADD,2232687,2874918,642231
DELETE,677690,860135,182445
ADD,2608580,3107249,498669
RETRIEVE,3735916,3786592,50676
ADD,3352262,3891102,538840
ADD,469818,879493,409675
ADD,685108,1126235,441127
RETRIEVE,1406527,1496215,89688
RETRIEVE,3687328,3752562,65234
RETRIEVE,3317878,3403262,85384
DELETE,1701414,2127181,425767
ADD,3338846,3826046,487200
RETRIEVE,581104,683052,101948
ADD,287708,783477,495769
RETRIEVE,1441699,1504457,62758
RETRIEVE,4040313,4125347,85034
DELETE,190823,629532,438709
DELETE,657545,1166646,509101
RETRIEVE,4651126,4712740,61614
DELETE,1940969,2045102,104133
ADD,3807396,4476911,669515
DELETE,3765420,4203388,437968
DELETE,681038,1342159,661121
RETRIEVE,1653848,1766436,112588
ADD,4192272,4694082,501810
ADD,1572970,1841000,268030
ADD,1373920,1651279,277359
DELETE,2345,548050,545705
RETRIEVE,1292584,1381594,89010
ADD,2599925,2950288,350363
RETRIEVE,765420,845242,79822
ADD,1534819,1990501,455682
ADD,3593714,3951971,358257
DELETE,4338906,4785333,446427
RETRIEVE,1253780,1340096,86316
DELETE,3268480,3824737,556257
ADD,1213881,1655212,441331
DELETE,2777558,3280025,502467
DELETE,2958454,3297960,339506
DELETE,2090303,2708558,618255
ADD,2646944,3192649,545705
ADD,2348739,2773737,424998
DELETE,2275578,2831770,556192
RETRIEVE,4230873,4290921,60048
ADD,4266573,4627081,360508
DELETE,1508940,2131345,622405
RETRIEVE,2482903,2645767,162864
DELETE,2687328,2753939,66611
ADD,3051651,3641964,590313
ADD,4088332,4656772,568440
DELETE,497774,1039930,542156
ADD,4203874,4603089,399215
ADD,287837,1151794,863957
ADD,1453755,1947421,493666
ADD,1992832,2598061,605229
ADD,2232165,2744694,512529
RETRIEVE,2990723,3088981,98258
ADD,2520773,2833680,312907
ADD,1053446,1183315,129869
DELETE,561010,1063959,502949
ADD,1505569,1891443,385874
ADD,2937063,3445413,508350
DELETE,980703,1587044,606341
RETRIEVE,1736338,1825734,89396
ADD,4836,318809,313973
RETRIEVE,4075535,4156595,81060
DELETE,608580,1135441,526861
RETRIEVE,2077467,2167861,90394
RETRIEVE,1098653,1185405,86752
DELETE,1475922,2003950,528028
ADD,2015884,2244253,228369
DELETE,544894,1199048,654154
DELETE,419781,861075,441294
ADD,342738,800328,457590
DELETE,1203874,1701181,497307
ADD,1164799,1653620,488821
RETRIEVE,1834916,1940250,105334
ADD,363551,884232,520681
ADD,1184335,1629863,445528
RETRIEVE,2175133,2246945,71812
ADD,3238339,3533968,295629
ADD,2418772,2809306,390534
RETRIEVE,2575523,2666807,91284
DELETE,3746733,3968404,221671
DELETE,1216080,1695358,479278
ADD,4232638,4665603,432965
ADD,1572706,1924756,352050
ADD,1766685,2210842,444157
RETRIEVE,254666,475118,220452
DELETE,455987,840295,384308
ADD,3422546,3893440,470894
ADD,219575,713260,493685
DELETE,2056048,2509775,453727
ADD,4620665,4898154,277489
ADD,292584,618406,325822
ADD,809699,1379899,570200
ADD,2791047,3319455,528408
ADD,2544894,2991024,446130
ADD,1249406,1647945,398539
DELETE,1982500,2398604,416104
DELETE,1593714,1942651,348937
ADD,4419781,4879196,459415
RETRIEVE,2132699,2247439,114740
DELETE,1374850,1909391,534541
DELETE,3106893,3661260,554367
RETRIEVE,3066760,3158414,91654
RETRIEVE,2652241,2741067,88826
ADD,3219557,3574145,354588
ADD,1983600,2617595,633995
ADD,2695260,3172871,477611
ADD,2440478,2917311,476833
DELETE,604031,1157573,553542
RETRIEVE,1664908,1707196,42288
ADD,2847911,3373095,525184
ADD,3647270,4078030,430760
RETRIEVE,3996456,4103310,106854
ADD,1371455,2010870,639415
DELETE,1546780,1933469,386689
RETRIEVE,4137485,4264999,127514
ADD,683598,1130738,447140
RETRIEVE,2618347,2731333,112986
ADD,1616523,2079283,462760
ADD,2433245,2915562,482317
RETRIEVE,4101557,4217017,115460
ADD,4225113,4681147,456034
ADD,98413,635557,537144
DELETE,1420583,1859607,439024
DELETE,2497774,3029906,532132
DELETE,3457312,4238890,781578
DELETE,4364293,4734844,370551
DELETE,4094840,4456747,361907
DELETE,3520362,4017039,496677
ADD,4135422,4600248,464826
RETRIEVE,1337421,1408307,70886
ADD,2097897,2545250,447353
DELETE,2668627,2934045,265418
ADD,3537440,4046059,508619
DELETE,2244809,2659412,414603
ADD,4476459,4831232,354773
ADD,3364293,3710145,345852
ADD,3840508,4387037,546529
ADD,230873,642734,411861
RETRIEVE,1403487,1508757,105270
DELETE,750642,1008685,258043
DELETE,3498305,3791377,293072
RETRIEVE,260841,349157,88316
DELETE,620940,861408,240468
ADD,2979461,3556896,577435
DELETE,1224296,1885343,661047
ADD,2352262,2794279,442017
ADD,3596907,4192890,595983
ADD,2666804,3087865,421061
ADD,921629,1353446,431817
ADD,3233426,3676295,442869
ADD,2664519,3129336,464817
DELETE,1558786,1967164,408378
ADD,1647270,2226781,579511
DELETE,4205168,4459978,254810
RETRIEVE,2090372,2170308,79936
RETRIEVE,3257338,3341984,84646
ADD,1865406,2205013,339607
ADD,718147,1210349,492202
DELETE,557627,1065894,508267
DELETE,696796,1453869,757073
ADD,2409949,3029955,620006
ADD,2026046,2406074,380028
ADD,56048,471124,415076
RETRIEVE,348739,428289,79550
DELETE,4123538,4571308,447770
ADD,660218,1129370,469152
RETRIEVE,3233581,3333809,100228
ADD,3192272,3589032,396760
DELETE,2130114,2628968,498854
DELETE,3210771,3670298,459527
DELETE,3593556,3887601,294045
ADD,1692556,1958353,265797
ADD,1440478,1803932,363454
DELETE,1684746,2309393,624647
DELETE,1523972,2055743,531771
RETRIEVE,2835347,2940911,105564
ADD,3142993,3629025,486032
ADD,4380026,4804079,424053
ADD,2307284,2728873,421589
DELETE,1187552,1842763,655211
ADD,1650740,2148112,497372
ADD,239056,616101,377045
RETRIEVE,890859,986759,95900
ADD,4343810,4846824,503014
ADD,2865406,3369458,504052
ADD,2558562,2982189,423627
DELETE,202689,752905,550216
ADD,2240322,2777818,537496
ADD,2696796,3340537,643741
DELETE,992832,1453720,460888
RETRIEVE,2771852,2871354,99502
RETRIEVE,1268180,1367584,99404
ADD,560385,1088191,527806
ADD,2790905,3356315,565410
ADD,265417,740582,475165
RETRIEVE,4004403,4079969,75566
ADD,1625578,2128333,502755
DELETE,2652752,2804689,151937
ADD,3290271,3716835,426564
ADD,3866957,4334729,467772
DELETE,3758764,4111342,352578
RETRIEVE,1234315,1322303,87988
DELETE,2265417,2650420,385003
DELETE,639916,999034,359118
DELETE,778770,1146449,367679
ADD,1528691,1928832,400141
ADD,1693559,2311425,617866
ADD,2755954,3012570,256616
ADD,2344067,3066806,722739
ADD,89776,543151,453375
ADD,2171537,2701826,530289
ADD,2857388,3280681,423293
RETRIEVE,3887283,3972293,85010
ADD,3455987,3944650,488663
RETRIEVE,3511480,3613306,101826
RETRIEVE,4190823,4294629,103806
RETRIEVE,3231730,3303006,71276
DELETE,4233781,4486793,253012
RETRIEVE,222024,303040,81016
ADD,1992914,2455655,462741
ADD,2766938,3184534,417596
ADD,3202433,3610162,407729
RETRIEVE,4459222,4550716,91494
ADD,702088,1432415,730327
ADD,4002345,4426741,424396
RETRIEVE,935283,1058299,123016
RETRIEVE,706061,787925,81864
ADD,2872574,3266740,394166
ADD,1893021,2250592,357571
ADD,2496826,2939380,442554
RETRIEVE,3497882,3609944,112062
ADD,3222024,3596586,374562
RETRIEVE,4173432,4286662,113230
DELETE,531608,934103,402495
DELETE,1528118,2030622,502504
RETRIEVE,317878,406768,88890
ADD,1888816,2360266,471450
ADD,2765420,3155148,389728
RETRIEVE,1320315,1422109,101794
DELETE,3824686,4288891,464205
DELETE,1580,454307,452727
DELETE,3307284,3680392,373108
DELETE,1306138,1774596,468458
DELETE,73972,329782,255810
ADD,2091891,2523356,431465
ADD,665303,1176618,511315
RETRIEVE,3192565,3305769,113204
DELETE,2987386,3350442,363056
RETRIEVE,1478525,1554301,75776
RETRIEVE,1777612,1877146,99534
RETRIEVE,3188298,3298072,109774
RETRIEVE,1498305,1585365,87060
DELETE,3979265,4542711,563446
ADD,2756911,3193805,436894
DELETE,2752398,3086966,334568
RETRIEVE,1155379,1270215,114836
ADD,3111496,3429508,318012
ADD,2712803,3253199,540396
ADD,231730,647806,416076
ADD,3509005,3906738,397733
DELETE,1487338,1595501,108163
ADD,4101469,4729701,628232
ADD,294842,695882,401040
DELETE,1603866,1975751,371885
DELETE,2537440,2785116,247676
ADD,463149,882635,419486
ADD,3287837,4032459,744622
DELETE,1343658,1831858,488200
ADD,2463367,2934854,471487
RETRIEVE,1949072,2043700,94628
ADD,3040388,3394513,354125
ADD,1217713,1745676,527963
DELETE,4192811,4497084,304273
DELETE,2029366,2446304,416938
RETRIEVE,3497336,3563420,66084
DELETE,3254033,3569469,315436
DELETE,3171537,3712415,540878
ADD,3606602,4034389,427787
ADD,185801,586424,400623
RETRIEVE,827223,905563,78340
RETRIEVE,1581104,1681592,100488
ADD,789846,1327704,537858
RETRIEVE,3403856,3510736,106880
ADD,1841965,2068759,226794
DELETE,732710,1239161,506451
RETRIEVE,3151573,3226587,75014
DELETE,1067442,1488141,420699
ADD,1929131,2364718,435587
ADD,1035638,1478859,443221
ADD,478600,995446,516846
ADD,3845394,4154846,309452
ADD,2245407,2789527,544120
ADD,422716,893425,470709
ADD,983284,1447443,464159
DELETE,4346194,4838202,492008
ADD,2197135,2658811,461676
RETRIEVE,936712,1028708,91996
RETRIEVE,1871200,1960926,89726
DELETE,1947385,2661962,714577
ADD,667312,978496,311184
DELETE,3979461,4362519,383058
DELETE,3618347,4072899,454552
DELETE,2883573,3354680,471107
DELETE,440478,878798,438320
ADD,2216080,2575208,359128
ADD,1743449,2225868,482419
DELETE,673610,920934,247324
ADD,2713694,3341667,627973
ADD,3090969,3544298,453329
ADD,2176154,2462166,286012
ADD,1080782,1555261,474479
ADD,2144877,2403059,258182
ADD,281639,713854,432215
ADD,1336860,1821447,484587
DELETE,2233072,2521447,288375
ADD,2085490,2541265,455775
ADD,666804,1037957,371153
RETRIEVE,2324152,2405380,81228
DELETE,1640580,2090509,449929
RETRIEVE,4137258,4168142,30884
ADD,2082515,2691144,608629
DELETE,2702088,3365498,663410
RETRIEVE,403487,490789,87302
DELETE,2091070,2715699,624629
ADD,772246,1508002,735756
ADD,1544894,2190192,645298
ADD,1265417,1537079,271662
DELETE,1880594,1985227,104633
DELETE,1305930,1649679,343749
ADD,983662,1213421,229759
DELETE,4100097,4883954,783857
ADD,4022059,4516791,494732
DELETE,1290271,1596582,306311
RETRIEVE,4209951,4327847,117896
DELETE,154229,330004,175775
DELETE,376799,671335,294536
RETRIEVE,1364293,1428507,64214
DELETE,1547293,1879934,332641
DELETE,3823567,4370207,546640
DELETE,119847,603813,483966
RETRIEVE,1098413,1155159,56746
RETRIEVE,432720,499342,66622
RETRIEVE,2497882,2620380,122498
DELETE,2346194,2998320,652126
ADD,2793656,3176325,382669
RETRIEVE,1980703,2016979,36276
ADD,194299,631202,436903
DELETE,1246413,1638077,391664
DELETE,3638873,4092220,453347
DELETE,979461,1616791,637330
DELETE,4264427,4664661,400234
DELETE,2693559,3221318,527759
ADD,987386,1468795,481409
DELETE,1915029,2233921,318892
DELETE,2557627,3014050,456423
RETRIEVE,2101469,2217513,116044
ADD,2478968,2983835,504867
DELETE,2771973,3138790,366817
DELETE,3867824,4223311,355487
DELETE,1596907,2184052,587145
DELETE,1140994,1482195,341201
DELETE,2507148,3021187,514039
DELETE,4038953,4355251,316298
DELETE,2387998,2873632,485634
ADD,2866274,3262839,396565
DELETE,3570513,3877296,306783
ADD,2550130,3063289,513159
ADD,2940969,3544141,603172
DELETE,4281639,4797753,516114
DELETE,1056048,1572180,516132
ADD,2938195,3016202,78007
DELETE,537509,977775,440266
ADD,1625100,2376290,751190
ADD,512870,992473,479603
ADD,3391430,4009388,617958
ADD,1952643,2238591,285948
RETRIEVE,1197135,1317159,120024
DELETE,1574515,2059862,485347
ADD,1949750,2242711,292961
ADD,2476740,2911493,434753
ADD,2043102,2759616,716514
RETRIEVE,3475300,3563734,88434
ADD,2345800,2693810,348010
ADD,4073663,4409870,336207
DELETE,876977,1339755,462778
ADD,2865608,3183981,318373
ADD,248475,573509,325034
DELETE,287516,718239,430723
RETRIEVE,2479190,2582178,102988
RETRIEVE,3260841,3341103,80262
DELETE,2941547,3500833,559286
RETRIEVE,1266573,1365557,98984
RETRIEVE,3659908,3770012,110104
ADD,2880313,3309424,429111
ADD,1937249,2361960,424711
ADD,3630485,3965747,335262
ADD,1597461,2285162,687701
DELETE,2059144,2538608,479464
DELETE,3502047,3843174,341127
RETRIEVE,2030530,2105154,74624
ADD,1069761,1414075,344314
ADD,4129491,4746421,616930
ADD,803388,1271308,467920
DELETE,4069292,4492326,423034
ADD,1233426,1668513,435087
ADD,696765,1269550,572785
DELETE,1478968,1893960,414992
ADD,1752926,2220846,467920
ADD,1859382,2120519,261137
DELETE,2642499,2851904,209405
ADD,1372638,1737899,365261
ADD,3620339,4158308,537969
DELETE,2360715,2831730,471015
ADD,55050,942771,887721
ADD,2974865,3271328,296463
ADD,4238339,4661178,422839
ADD,921018,1309273,388255
DELETE,3495492,3979032,483540
DELETE,4178172,4699743,521571
DELETE,2249406,2712740,463334
RETRIEVE,1682992,1755280,72288
ADD,2080926,2469246,388320
DELETE,1530951,1761942,230991
ADD,95066,447088,352022
ADD,625578,1002947,377369
DELETE,1620235,2001069,380834
ADD,3202689,3693715,491026
DELETE,3398856,3665422,266566
RETRIEVE,3778770,3824524,45754
DELETE,2747742,3194271,446529
DELETE,447104,752396,305292
DELETE,4059446,4552630,493184
RETRIEVE,3320315,3405103,84788
ADD,1248581,1906589,658008
ADD,2368767,2833889,465122
ADD,4234315,4693610,459295
DELETE,646944,1167514,520570
RETRIEVE,1030530,1128808,98278
DELETE,1994409,2461097,466688
RETRIEVE,2789846,2923256,133410
ADD,3822639,4399250,576611
DELETE,91891,454057,362166
ADD,2677895,3123719,445824
DELETE,2544366,2836437,292071
DELETE,3438780,3745591,306811
ADD,1655627,2201156,545529
ADD,3050246,3448488,398242
RETRIEVE,1872757,1987369,114612
DELETE,3629706,4236232,606526
DELETE,1495492,2118434,622942
DELETE,3245040,3685880,440840
RETRIEVE,497882,569480,71598
DELETE,2009874,2382454,372580
ADD,2593714,2974419,380705
ADD,3883573,4558230,674657
ADD,3193572,3783246,589674
RETRIEVE,3729330,3819530,90200
DELETE,3472067,4127667,655600
ADD,928646,1266614,337968
ADD,3382928,3806981,424053
ADD,3171355,3827372,656017
ADD,255715,546610,290895
RETRIEVE,2469104,2592900,123796
DELETE,2528439,3018668,490229
ADD,4181389,4809631,628242
RETRIEVE,1629706,1742210,112504
DELETE,152247,481849,329602
RETRIEVE,1957741,2042069,84328
RETRIEVE,4387178,4501140,113962
ADD,3406064,3939864,533800
ADD,2302822,2625772,322950
DELETE,1123538,1452834,329296
DELETE,2845394,3269706,424312
DELETE,1354539,1742840,388301
DELETE,2660228,3248114,587886
RETRIEVE,1409780,1513330,103550
DELETE,3660240,4277791,617551
ADD,984232,1498669,514437
RETRIEVE,1799295,1924279,124984
RETRIEVE,645679,773549,127870
ADD,2276085,2749101,473016
ADD,2928646,3189209,260563
DELETE,441699,755727,314028
ADD,534819,855110,320291
RETRIEVE,1892509,1994767,102258
ADD,205650,615380,409730
DELETE,2267984,2512353,244369
DELETE,125953,495633,369680
ADD,1039678,1849559,809881
RETRIEVE,1710256,1780096,69840
RETRIEVE,2645909,2744171,98262
ADD,2890859,3334052,443193
RETRIEVE,1300968,1387076,86108
DELETE,3618305,4125562,507257
DELETE,3537231,3995025,457794
ADD,4056048,4600641,544593
ADD,3664908,4032772,367864
RETRIEVE,2818101,2893445,75344
RETRIEVE,2190823,2282711,91888
ADD,1243200,1593387,350187
RETRIEVE,1172560,1253348,80788
DELETE,4074989,4464615,389626
DELETE,1951257,2545359,594102
RETRIEVE,275578,403554,127976
RETRIEVE,546883,613939,67056
DELETE,2950506,3324883,374377
DELETE,763060,1181684,418624
RETRIEVE,4175517,4245759,70242
DELETE,308882,783667,474785
DELETE,3421718,3892260,470542
ADD,283119,722727,439608
DELETE,3679816,4166108,486292
ADD,3231610,3656840,425230
DELETE,4164799,4505249,340450
ADD,2979265,3471403,492138
ADD,496826,894596,397770
RETRIEVE,17220,136168,118948
ADD,243006,796419,553413
ADD,3978846,4441319,462473
DELETE,40496,596632,556136
ADD,4187552,4652508,464956
DELETE,2537231,3078572,541341
RETRIEVE,2188298,2287384,99086
ADD,3123538,3715065,591527
DELETE,4069220,4473882,404662
DELETE,3403487,3939121,535634
DELETE,133358,697638,564280
RETRIEVE,1713694,1851804,138110
RETRIEVE,4785459,4878579,93120
RETRIEVE,1108906,1216036,107130
DELETE,4268480,4697693,429213
ADD,54014,313326,259312
ADD,1175517,1605490,429973
RETRIEVE,3758123,3865015,106892
DELETE,1040313,1562134,521821
ADD,2571501,2944294,372793
DELETE,3343658,3910875,567217
DELETE,489436,1011683,522247
DELETE,2199600,2459505,259905
DELETE,2332770,2708722,375952
ADD,2430458,3051918,621460
DELETE,3651126,4174818,523692
RETRIEVE,620339,732585,112246
ADD,752398,1075793,323395
ADD,476365,1314586,838221
DELETE,1222024,1591398,369374
RETRIEVE,1763060,1860692,97632
ADD,2840508,3440160,599652
RETRIEVE,3803388,3922240,118852
RETRIEVE,4688909,4762851,73942
RETRIEVE,1569727,1633727,64000
ADD,3818101,4090143,272042
RETRIEVE,662827,722747,59920
ADD,3062288,3720787,658499
DELETE,3974925,4511745,536820
ADD,1674594,1905233,230639
DELETE,408733,770649,361916
ADD,913835,1425011,511176
DELETE,4265417,4664067,398650
ADD,982500,1536645,554145
DELETE,69292,377372,308080
ADD,2254666,3053568,798902
ADD,1065825,1412890,347065
RETRIEVE,3612978,3612978,0
DELETE,2260841,2623091,362250
ADD,3268180,3682320,414140
ADD,3233072,3601084,368012
DELETE,2022059,2421811,399752
ADD,2181793,2554706,372913
DELETE,263333,635653,372320
DELETE,4082442,4483074,400632
DELETE,1785893,2187739,401846
RETRIEVE,1422716,1510226,87510
RETRIEVE,1337569,1424343,86774
ADD,4454491,4716518,262027
ADD,1608099,2202044,593945
DELETE,3937063,4565101,628038
DELETE,2674594,3158736,484142
RETRIEVE,820435,866877,46442
DELETE,2239056,2764212,525156
ADD,1002345,1527501,525156
DELETE,14863,523649,508786
DELETE,606602,998906,392304
RETRIEVE,397129,492857,95728
DELETE,2442729,2777213,334484
ADD,3949514,4445367,495853
ADD,3622727,4259084,636357
ADD,4121552,4564745,443193
RETRIEVE,834916,965622,130706
DELETE,2879213,3328308,449095
ADD,2202433,2473372,270939
ADD,2374850,2835470,460620
ADD,3022059,3463677,441618
ADD,558562,838108,279546
ADD,4273584,4883436,609852
DELETE,1469104,2484591,1015487
DELETE,339671,576647,236976
ADD,1292197,1920142,627945
DELETE,2505569,2955099,449530
DELETE,2956928,3276450,319522
ADD,620665,1047016,426351
DELETE,1956928,2159792,202864
RETRIEVE,596907,687763,90856
ADD,409780,919455,509675
ADD,630485,825567,195082
RETRIEVE,3453755,3543425,89670
DELETE,1668387,1996905,328518
DELETE,4555980,4803740,247760
ADD,625100,1534537,909437
ADD,3940340,4355351,415011
ADD,2257338,2404671,147333
ADD,734114,1234654,500540
RETRIEVE,2121552,2261654,140102
ADD,2905563,3375540,469977
DELETE,122345,628796,506451
ADD,1314363,1749274,434911
DELETE,1324152,1864455,540303
ADD,4014863,4656742,641879
ADD,872757,1516378,643621
ADD,3089776,3253924,164148
DELETE,1419781,1830493,410712
DELETE,2248581,2719799,471218
DELETE,850275,1434992,584717
RETRIEVE,4220884,4317242,96358
ADD,4012877,4401290,388413
ADD,338846,692748,353902
RETRIEVE,558943,714743,155800
DELETE,3555759,3940049,384290
ADD,1608580,1954107,345527
ADD,1696765,2123495,426730
RETRIEVE,2039678,2164886,125208
DELETE,1345800,1879933,534133
ADD,4336860,4813646,476786
RETRIEVE,3972228,4036256,64028
DELETE,1793656,2138674,345018
DELETE,63717,435398,371681
ADD,3397129,3862863,465734
ADD,2859382,3341180,481798
ADD,2612426,3024583,412157
ADD,1772246,2306287,534041
DELETE,1531608,1981472,449864
ADD,377612,726021,348409
DELETE,3121552,3653693,532141
ADD,3433245,4043495,610250
ADD,2509005,2843952,334947
ADD,4354113,4817234,463121
ADD,4224296,4529180,304884
DELETE,3418027,3884085,466058
ADD,3054014,3537128,483114
RETRIEVE,2108906,2167150,58244
RETRIEVE,1238523,1365319,126796
ADD,2836463,3236577,400114
ADD,4307284,4813133,505849
RETRIEVE,3172560,3276382,103822
DELETE,161877,653903,492026
DELETE,4308882,4575467,266585
RETRIEVE,659908,767494,107586
ADD,3592261,4145553,553292
ADD,237473,666158,428685
RETRIEVE,4367359,4443361,76002
ADD,192811,851876,659065
DELETE,1181389,1727270,545881
ADD,1026080,1482105,456025
ADD,3354539,3872422,517883
ADD,629706,1020583,390877
ADD,848537,1217031,368494
DELETE,1152668,1439162,286494
ADD,3620665,3972029,351364
DELETE,1902750,2548557,645807
RETRIEVE,3435737,3529369,93632
RETRIEVE,4766938,4850992,84054
ADD,2900770,3339544,438774
ADD,3608099,4285081,676982
ADD,2403856,2772063,368207
ADD,2474862,3185919,711057
DELETE,959787,1450581,490794
DELETE,255133,697965,442832
DELETE,836463,1194618,358155
ADD,3054531,3419681,365150
DELETE,1090969,1367495,276526
ADD,3525518,3960262,434744
RETRIEVE,3952547,4059965,107418
DELETE,230632,784962,554330
RETRIEVE,2949072,3071580,122508
ADD,3713694,4291083,577389
RETRIEVE,1726028,1798194,72166
ADD,621395,1024492,403097
ADD,3325970,3740481,414511
DELETE,4059144,4635968,576824
ADD,1194170,1553937,359767
DELETE,3625578,3977767,352189
ADD,1082442,1445850,363408
ADD,418165,707568,289403
ADD,3185801,3587490,401689
DELETE,3921018,4276912,355894
ADD,2224296,2758457,534161
DELETE,822893,1339915,517022
ADD,4004836,4263722,258886
ADD,3889131,4371884,482753
ADD,2088332,2405001,316669
RETRIEVE,3940969,4062371,121402
ADD,4030530,4408131,377601
ADD,2943630,3543402,599772
ADD,2267072,2642181,375109
ADD,2144980,2595465,450485
RETRIEVE,2313105,2388629,75524
RETRIEVE,4352262,4491266,139004
ADD,2071912,2374295,302383
ADD,2534819,2982700,447881
DELETE,2521008,2990179,469171
RETRIEVE,1119847,1240835,120988
DELETE,2888816,3379795,490979
ADD,3043102,3886761,843659
ADD,2469818,3056703,586885
ADD,1729657,2267533,537876
RETRIEVE,1151922,1241792,89870
DELETE,502047,863065,361018
ADD,97897,688303,590406
ADD,2656726,3061046,404320
ADD,2776142,3254429,478287
ADD,3091891,3738764,646873
ADD,712929,1158716,445787
ADD,2354113,2717966,363853
DELETE,667641,1125676,458035
ADD,549798,858212,308414
ADD,71912,504210,432298
DELETE,1343889,1664819,320930
ADD,454119,923901,469782
ADD,4181793,4631731,449938
RETRIEVE,216080,334116,118036
ADD,4257338,4614881,357543
RETRIEVE,3776142,3894800,118658
DELETE,3632401,4003239,370838
DELETE,2630485,3034777,404292
ADD,175517,479484,303967
ADD,822670,1068354,245684
DELETE,2684130,3211565,527435
DELETE,2681062,3265946,584884
DELETE,1784205,2075230,291025
ADD,2067442,2526255,458813
DELETE,4260841,4649772,388931
ADD,2867824,3211248,343424
ADD,433245,805871,372626
ADD,1966310,2316006,349696
ADD,4151893,4447012,295119
ADD,1205168,1689922,484754
ADD,3140994,3586726,445732
DELETE,348464,834496,486032
ADD,2557544,3104342,546798
RETRIEVE,2992914,3082376,89462
DELETE,1685047,2105218,420171
ADD,3278083,3766218,488135
ADD,1950506,2347340,396834
ADD,2397129,2714641,317512
ADD,3667641,4035913,368272
ADD,3292584,3674623,382039
ADD,653848,1092928,439080
DELETE,2494646,2979974,485328
DELETE,1055050,1895939,840889
DELETE,2612426,3125816,513390
ADD,2940340,3116087,175747
RETRIEVE,4497336,4573570,76234
ADD,1913835,2447765,533930
ADD,2639538,3139032,499494
ADD,3302389,3703299,400910
RETRIEVE,1742657,1829699,87042
DELETE,4742198,4879386,137188
RETRIEVE,2085239,2162615,77376
DELETE,4395182,4836902,441720
ADD,4017694,4837284,819590
DELETE,681454,1048781,367327
ADD,2887642,3382225,494583
ADD,1161877,1547631,385754
ADD,2789195,3078941,289746
ADD,3012344,3546718,534374
DELETE,3722150,4110340,388190
DELETE,4225100,4673278,448178
ADD,938195,1139975,201780
ADD,2366014,2742327,376313
RETRIEVE,777558,892532,114974
RETRIEVE,1537440,1629760,92320
RETRIEVE,1363551,1462765,99214
DELETE,4366014,4766331,400317
RETRIEVE,669572,732986,63414
ADD,194170,503409,309239
DELETE,1560385,1959637,399252
RETRIEVE,1423714,1501520,77806
ADD,2685047,3132104,447057
ADD,2558786,3080486,521700
RETRIEVE,3310715,3408467,97752
ADD,3942984,4244348,301364
RETRIEVE,1232165,1306875,74710
ADD,2512870,2851857,338987
ADD,101972,557107,455135
DELETE,1833100,2167278,334178
ADD,2688909,3020864,331955
DELETE,3698766,4349974,651208
ADD,310715,708086,397371
ADD,1904193,2292467,388274
DELETE,3893021,4258958,365937
ADD,2665991,3200810,534819
RETRIEVE,2325970,2403070,77100
ADD,3604031,3927398,323367
RETRIEVE,2688685,2791603,102918
ADD,2509371,2998655,489284
RETRIEVE,3865406,3982270,116864
ADD,3953635,4350312,396677
DELETE,4394635,4655439,260804
ADD,3478583,3673285,194702
ADD,1052829,1384765,331936
RETRIEVE,1102562,1150942,48380
RETRIEVE,2685030,2784394,99364
RETRIEVE,2625578,2748790,123212
RETRIEVE,3478600,3547046,68446
ADD,2292584,2680821,388237
DELETE,599925,805800,205875
ADD,2982500,3484652,502152
DELETE,1086160,1503737,417577
ADD,2822893,3322655,499762
RETRIEVE,2489436,2593094,103658
RETRIEVE,2647330,2686266,38936
DELETE,3519729,3956641,436912
ADD,102519,612027,509508
ADD,3507148,4035426,528278
ADD,474862,1192182,717320
DELETE,528118,882975,354857
ADD,2455987,2761334,305347
ADD,3205650,3673867,468217
ADD,338607,758676,420069
ADD,4185801,4566079,380278
DELETE,232687,511621,278934
ADD,1391545,1815885,424340
DELETE,3336860,3843654,506794
DELETE,3175256,3724046,548790
ADD,3067585,3293314,225729
RETRIEVE,3243006,3323896,80890
ADD,2305699,2792704,487005
ADD,3531837,3953657,421820
ADD,3546883,4067527,520644
ADD,2202026,2700482,498456
ADD,4119847,4460177,340330
RETRIEVE,3394635,3430643,36008
ADD,3535083,4053059,517976
DELETE,1695260,1881253,185993
ADD,3366014,3777671,411657
ADD,3947078,4327060,379982
ADD,2784938,3092018,307080
ADD,430458,884435,453977
DELETE,639538,1221754,582216
DELETE,326982,583950,256968
ADD,2972228,3391825,419597
DELETE,3880594,4365403,484809
ADD,1366014,1806567,440553
ADD,4102519,4583576,481057
DELETE,3055050,3875641,820591
ADD,3624441,4036191,411750
RETRIEVE,2536292,2653808,117516
DELETE,137485,568292,430807
ADD,332770,578408,245638
DELETE,420905,793948,373043
RETRIEVE,752926,824520,71594
ADD,2833995,3171203,337208
DELETE,3750642,4016634,265992
DELETE,947078,1424504,477426
RETRIEVE,4098653,4187049,88396
DELETE,268480,705003,436523
DELETE,12345,552343,539998
ADD,2708621,3083470,374849
ADD,3294842,3823074,528232
DELETE,1454119,2058477,604358
RETRIEVE,3800560,3913386,112826
ADD,698766,1000296,301530
RETRIEVE,4267984,4301062,33078
DELETE,1633008,1873115,240107
RETRIEVE,2713105,2825647,112542
ADD,479208,736501,257293
DELETE,1546883,1952398,405515
DELETE,1955854,2360053,404199
ADD,1135422,1706715,571293
ADD,2155206,2581631,426425
DELETE,3170722,3799649,628927
DELETE,2742198,3184048,441850
ADD,3837289,4241720,404431
ADD,2696022,3136103,440081
ADD,4090372,4336473,246101
ADD,152856,689009,536153
ADD,1044241,1444318,400077
RETRIEVE,3642499,3740407,97908
DELETE,2828526,3107785,279259
DELETE,4083468,4721308,637840
ADD,1983284,2390235,406951
DELETE,4327392,4765703,438311
ADD,1698766,2027200,328434
DELETE,733298,1360493,627195
DELETE,793656,1474455,680799
ADD,3090303,3369821,279518
ADD,1998733,2775280,776547
DELETE,3056048,3570105,514057
ADD,3493852,3675473,181621
RETRIEVE,4560340,4678206,117866
RETRIEVE,3887281,3952965,65684
ADD,2394635,2641681,247046
ADD,575523,1051967,476444
ADD,747742,1249515,501773
DELETE,1047992,1499264,451272
ADD,401250,786540,385290
ADD,2785893,3386397,600504
ADD,3253780,3646195,392415
RETRIEVE,2040388,2100902,60514
RETRIEVE,2010562,2107538,96976
DELETE,3071912,3363900,291988
ADD,487338,994521,507183
ADD,904193,1310996,406803
DELETE,4317878,4790912,473034
ADD,4102562,4616360,513798
ADD,2054531,2434893,380362
ADD,3248459,3499044,250585
DELETE,3802422,4102415,299993
ADD,2992832,3486665,493833
RETRIEVE,3175133,3248207,73074
DELETE,668627,1187122,518495
DELETE,1457312,1852599,395287
ADD,49450,655902,606452
DELETE,1835347,2398006,562659
DELETE,2983284,3464554,481270
ADD,4041543,4366346,324803
ADD,3628629,4107583,478954
ADD,1281639,1747456,465817
ADD,2175517,2576390,400873
ADD,136292,511651,375359
ADD,940663,1532505,591842
RETRIEVE,422546,494534,71988
RETRIEVE,817254,903496,86242
ADD,3664519,4215310,550791
DELETE,4479208,4768231,289023
ADD,912016,1290942,378926
DELETE,2475922,3117690,641768
RETRIEVE,3616523,3710467,93944
RETRIEVE,1478583,1570951,92368
ADD,1122232,1816900,694668
DELETE,3943630,4607447,663817
ADD,4452454,4838588,386134
RETRIEVE,2175256,2237578,62322
ADD,940340,1350987,410647
ADD,1348464,1815449,466985
ADD,1622727,2168015,545288
DELETE,2354806,2963435,608629
DELETE,4278083,4629540,351457
RETRIEVE,4784938,4859762,74824
ADD,845394,1408414,563020
DELETE,4560641,4783007,222366
ADD,571196,1007246,436050
RETRIEVE,4275578,4403088,127510
DELETE,966310,1427884,461574
ADD,2575725,3019641,443916
DELETE,1822893,2281975,459082
ADD,2268480,2726339,457859
ADD,2938680,3544993,606313
ADD,1758764,1981723,222959
DELETE,4216080,4566128,350048
RETRIEVE,2334940,2445520,110580
DELETE,1818101,2287068,468967
ADD,1178172,1456754,278582
DELETE,1176751,1605770,429019
ADD,2756722,3547814,791092
RETRIEVE,4423665,4530701,107036
ADD,1992015,2491759,499744
ADD,2664908,3013039,348131
DELETE,3989124,4457535,468411
ADD,2380026,2816855,436829
ADD,943630,1472529,528899
ADD,746733,1222537,475804
DELETE,2092225,2363442,271217
RETRIEVE,2692556,2743960,51404
ADD,1302152,1594492,292340
RETRIEVE,3724203,3856301,132098
DELETE,2083468,2465155,381687
DELETE,3332698,3785054,452356
ADD,2710256,3273193,562937
ADD,1267984,1627575,359591
RETRIEVE,4280987,4343317,62330
ADD,12877,537764,524887
ADD,2268180,2610585,342405
DELETE,618347,988110,369763
ADD,1526961,2019636,492675
DELETE,94840,539210,444370
RETRIEVE,613996,696572,82576
ADD,2497336,2951165,453829
DELETE,2927827,3499593,571766
ADD,475922,937292,461370
ADD,1630485,2097683,467198
ADD,3452454,3958164,505710
RETRIEVE,2718147,2778833,60686
RETRIEVE,4558310,4644718,86408
ADD,1846038,2051311,205273
ADD,1896783,2217046,320263
ADD,2248475,2562892,314417
ADD,1152247,1597071,444824
RETRIEVE,1263333,1351537,88204
RETRIEVE,232638,315312,82674
DELETE,2414571,2804438,389867
ADD,1030542,1424439,393897
DELETE,3155379,3673624,518245
ADD,4650740,4746636,95896
ADD,16741,450179,433438
RETRIEVE,3082515,3144385,61870
DELETE,3101469,3576578,475109
RETRIEVE,2712929,2830423,117494
RETRIEVE,4628629,4735881,107252
ADD,280987,718937,437950
DELETE,1231730,1698492,466762
DELETE,3431934,3585965,154031
ADD,3164799,3466496,301697
ADD,3209322,3529493,320171
ADD,2073972,2399748,325776
ADD,1509005,1747685,238680
DELETE,1570513,1996901,426388
ADD,3332770,3684384,351614
DELETE,526961,822062,295101
DELETE,3426722,3792872,366150
DELETE,2466783,2907151,440368
RETRIEVE,2028023,2083397,55374
DELETE,1085490,1556236,470746
ADD,2663709,3157588,493879
RETRIEVE,560340,665512,105172
RETRIEVE,409949,544579,134630
RETRIEVE,2343889,2413171,69282
ADD,394254,854448,460194
DELETE,3902750,4345165,442415
ADD,4342738,4657850,315112
ADD,4397129,4810639,413510
RETRIEVE,234438,262590,28152
ADD,650740,905392,254652
ADD,550130,1111427,561297
DELETE,3479190,3867528,388338
DELETE,535083,1030482,495399
DELETE,3874783,4369876,495093
DELETE,3274588,3803376,528788
ADD,2082442,2346711,264269
ADD,3665991,4170997,505006
RETRIEVE,1219557,1385053,165496
RETRIEVE,4771973,4873079,101106
ADD,261066,950481,689415
ADD,3693559,4198676,505117
ADD,146205,507167,360962
RETRIEVE,1620339,1700321,79982
ADD,3915029,4433765,518736
RETRIEVE,1066760,1196496,129736
ADD,2766685,3274683,507998
ADD,1612978,2023477,410499
DELETE,2184335,2481910,297575
ADD,1889131,2297833,408702
DELETE,1422546,1755316,332770
DELETE,1673610,1932607,258997
DELETE,4292039,4586862,294823
ADD,940969,1475677,534708
ADD,1469818,2220527,750709
DELETE,337569,967627,630058
RETRIEVE,1652752,1721984,69232
ADD,790905,1536889,745984
ADD,1382928,1975965,593037
RETRIEVE,3184335,3294961,110626
ADD,1639916,2143727,503811
ADD,2363551,2819585,456034
DELETE,2368838,2729189,360351
ADD,481414,1075683,594269
ADD,1660228,2141146,480918
RETRIEVE,2422716,2482738,60022
RETRIEVE,3409581,3525847,116266
ADD,1679816,2209206,529390
RETRIEVE,771973,892537,120564
ADD,3275578,3961602,686024
ADD,3019887,3485491,465604
ADD,3905563,4510894,605331
ADD,836291,1204674,368383
DELETE,3224296,3766406,542110
ADD,2314363,2847570,533207
DELETE,3561010,3930134,369124
RETRIEVE,1712803,1813297,100494
DELETE,3182425,3578305,395880
ADD,1990784,2379178,388394
ADD,3990784,4447939,457155
ADD,2422546,2740910,318364
ADD,2569727,2851885,282158
RETRIEVE,2846038,2957674,111636
ADD,1732710,2069288,336578
DELETE,2996456,3441817,445361
ADD,4034567,4297205,262638
DELETE,1557319,2070478,513159
RETRIEVE,2062288,2188184,125896
ADD,1735111,2353236,618125
RETRIEVE,4170722,4294480,123758
DELETE,1467272,1951025,483753
DELETE,1857388,2314969,457581
ADD,1144877,1584828,439951
DELETE,3015884,3480376,464492
DELETE,2927586,3201471,273885
DELETE,557319,1124026,566707
RETRIEVE,2054014,2151078,97064
ADD,695260,990917,295657
RETRIEVE,1418772,1525178,106406
ADD,3026046,3601276,575230
DELETE,3696796,4465042,768246
ADD,2638663,3002414,363751
ADD,3966310,4472418,506108
RETRIEVE,86160,238624,152464
ADD,2382928,2787776,404848
ADD,1313105,1594856,281751
DELETE,1334940,1757112,422172
DELETE,2205168,2878991,673823
ADD,3243200,3772951,529751
RETRIEVE,3899725,3994807,95082
RETRIEVE,618305,667189,48884
ADD,3530951,3880314,349363
DELETE,1511480,1882642,371162
ADD,445431,1061916,616485
ADD,1475300,1879962,404662
RETRIEVE,1752398,1822094,69696
DELETE,2622727,2926073,303346
ADD,2734114,3114457,380343
RETRIEVE,1133358,1321808,188450
ADD,2628214,3288566,660352
DELETE,2017220,2609071,591851
RETRIEVE,3828526,3867964,39438
RETRIEVE,476459,553185,76726
RETRIEVE,2751831,2839761,87930
DELETE,780596,1285861,505265
ADD,2696765,2917824,221059
RETRIEVE,248581,340645,92064
DELETE,1729330,2482410,753080
ADD,4219557,4591053,371496
ADD,3249406,3670309,420903
DELETE,2656856,3354674,697818
DELETE,786704,1147147,360443
DELETE,1467956,2044595,576639
ADD,2603866,2857508,253642
ADD,679816,1125585,445769
ADD,2758764,3129241,370477
ADD,3040496,3664272,623776
RETRIEVE,4337569,4461251,123682
ADD,2983662,3569510,585848
DELETE,1414571,1855828,441257
DELETE,1582433,2206552,624119
ADD,2115351,2631734,516383
ADD,1664519,2055915,391396
ADD,1173432,1660548,487116
RETRIEVE,3713114,3817250,104136
DELETE,1656856,1834539,177683
DELETE,4171537,4594339,422802
ADD,1449796,2020107,570311
ADD,2094840,2435337,340497
ADD,525518,927003,401485
DELETE,2035467,2548894,513427
DELETE,1175256,1487941,312685
ADD,2094945,2407222,312277
DELETE,3056428,3466028,409600
DELETE,3998733,4467978,469245
DELETE,4233072,4636150,403078
ADD,1575725,1883796,308071
RETRIEVE,555231,652483,97252
RETRIEVE,1822670,1892502,69832
ADD,34567,412659,378092
DELETE,3968330,4145522,177192
ADD,2697729,3121374,423645
ADD,1129491,1557676,428185
ADD,366355,848292,481937
ADD,102562,540901,438339
ADD,51597,554231,502634
RETRIEVE,834660,1000382,165722
ADD,3017220,3691877,674657
ADD,3812737,4037437,224700
DELETE,1558310,1937375,379065
DELETE,1787903,2429384,641481
ADD,1254033,1665523,411490
ADD,1135287,1470809,335522
ADD,3685108,4067591,382483
RETRIEVE,4640580,4734674,94094
RETRIEVE,2651156,2760778,109622
RETRIEVE,939255,1095199,155944
DELETE,591064,1002128,411064
ADD,2230873,2702434,471561
DELETE,1368838,2148405,779567
RETRIEVE,2176751,2280641,103890
ADD,2593556,2980486,386930
RETRIEVE,2308882,2432610,123728
DELETE,4234438,4607963,373525
DELETE,1455987,1859112,403125
RETRIEVE,3408733,3502169,93436
ADD,1899725,2525984,626259
ADD,3387178,3570503,183325
DELETE,1696796,2206879,510083
ADD,3224445,3875811,651366
RETRIEVE,3747813,3846375,98562
RETRIEVE,3181793,3238841,57048
ADD,1791047,2130071,339024
ADD,3445303,3957257,511954
RETRIEVE,4250930,4354864,103934
ADD,3946010,4402396,456386
DELETE,445303,724830,279527
RETRIEVE,4052829,4132513,79684
DELETE,4243200,4767013,523813
ADD,2668387,2722473,54086
ADD,3826758,4261725,434967
RETRIEVE,4092225,4174697,82472
DELETE,263378,900560,637182
ADD,3094840,3612659,517819
ADD,1852696,2312260,459564
ADD,1927586,2368602,441016
DELETE,988215,1568495,580280
ADD,1573673,1891824,318151
DELETE,1701390,2129408,428018
RETRIEVE,2051651,2143097,91446
ADD,2833100,3081897,248797
ADD,4482903,4808595,325692
ADD,3794161,4187613,393452
ADD,651126,1029561,378435
ADD,2376799,2679589,302790
DELETE,4146205,4626447,480242
RETRIEVE,3841965,3891623,49658
ADD,1537161,2188499,651338
ADD,3530606,3958087,427481
ADD,560641,996534,435893
DELETE,1033050,1503064,470014
RETRIEVE,88332,185136,96804
ADD,792880,1248756,455876
ADD,1427080,1870579,443499
RETRIEVE,3938680,4046958,108278
DELETE,1035079,1459771,424692
ADD,2947385,3407458,460073
DELETE,2478600,2993241,514641
RETRIEVE,457312,574990,117678
ADD,2306138,2840762,534624
RETRIEVE,1015884,1076872,60988
ADD,3983810,4573391,589581
ADD,3095066,3401155,306089
RETRIEVE,4750642,4873252,122610
DELETE,3958715,4722422,763707
ADD,266573,796760,530187
ADD,3080926,3657389,576463
RETRIEVE,3681062,3773410,92348
ADD,2059781,2582834,523053
ADD,94945,450006,355061
RETRIEVE,3958454,4004276,45822
RETRIEVE,1012344,1165388,153044
ADD,1589675,2042513,452838
DELETE,3571501,4061582,490081
ADD,343889,821333,477444
ADD,1445431,2158859,713428
RETRIEVE,3108455,3217827,109372
RETRIEVE,755954,825372,69418
DELETE,4478525,4607014,128489
ADD,1722150,2190181,468031
ADD,846038,1244419,398381
DELETE,569967,1065532,495565
DELETE,593714,1077124,483410
DELETE,823567,1281018,457451
DELETE,837289,1094100,256811
ADD,391545,851275,459730
DELETE,4155206,4515788,360582
ADD,700040,1323677,623637
RETRIEVE,968061,1103073,135012
DELETE,3543750,3860558,316808
ADD,2238339,2523166,284827
DELETE,3158453,3395049,236596
DELETE,3742657,4081477,338820
ADD,1342738,1938119,595381
ADD,751831,978588,226757
RETRIEVE,4194299,4277791,83492
ADD,130114,590428,460314
DELETE,2164799,2455731,290932
ADD,1555759,2037585,481826
ADD,771852,1328072,556220
ADD,2620339,3178903,558564
DELETE,403856,735144,331288
DELETE,1001580,1532915,531335
ADD,1685030,2078316,393286
RETRIEVE,3981288,4085106,103818
RETRIEVE,710071,806939,96868
ADD,1190823,1653713,462890
ADD,622353,1282594,660241
ADD,3809699,4297890,488191
ADD,4230632,4553193,322561
ADD,2102562,2455927,353365
DELETE,1516715,1973916,457201
DELETE,73663,479030,405367
RETRIEVE,3137485,3252939,115454
ADD,3430458,3935167,504709
DELETE,3239967,3702384,462417
ADD,1520926,1891440,370514
ADD,2368883,2744399,375516
ADD,4418772,4781513,362741
DELETE,589675,890316,300641
ADD,1328661,1867491,538830
ADD,3387998,3751508,363510
ADD,4040496,4647207,606711
RETRIEVE,1073972,1189574,115602
RETRIEVE,2806865,2859225,52360
ADD,753918,1080166,326248
ADD,3581017,3954282,373265
RETRIEVE,4398856,4554066,155210
DELETE,1927827,2531045,603218
RETRIEVE,2741049,2816587,75538
DELETE,2613996,2933064,319068
DELETE,727411,1079785,352374
DELETE,2752926,3336958,584032
RETRIEVE,1683598,1725866,42268
DELETE,2685339,3051600,366261
DELETE,3363130,3791945,428815
ADD,363130,816561,453431
DELETE,2101557,2430177,328620
ADD,1146314,1659852,513538
ADD,4144980,4423868,278888
ADD,3536563,4001009,464446
ADD,4077467,4326107,248640
ADD,2555759,2744041,188282
ADD,2912016,3379844,467828
DELETE,1232687,1808547,575860
DELETE,1956235,2464317,508082
ADD,3255133,3721071,465938
DELETE,2254258,2733397,479139
DELETE,2983783,3537196,553413
ADD,3949072,4395943,446871
RETRIEVE,4629706,4692786,63080
ADD,2132085,2661938,529853
ADD,117384,500201,382817
ADD,2555980,2973946,417966
DELETE,1771967,2194325,422358
RETRIEVE,1852480,1983582,131102
ADD,2442717,2989941,547224
ADD,1484488,1897915,413427
ADD,3005934,3318239,312305
ADD,2435737,2934934,499197
ADD,3743449,3949750,206301
ADD,872085,1520292,648207
ADD,2209322,2545418,336096
DELETE,2713114,3348110,634996
DELETE,2823567,3311758,488191
ADD,2331155,2525014,193859
ADD,3700040,4043965,343925
ADD,1050246,1563451,513205
RETRIEVE,4553735,4620627,66892
DELETE,2188138,2641708,453570
ADD,1622815,2073716,450901
ADD,1946010,2389250,443240
RETRIEVE,1628629,1730045,101416
ADD,4642499,4854868,212369
ADD,872574,1281155,408581
ADD,193572,999951,806379
ADD,1786418,2169828,383410
DELETE,300968,769398,468430
DELETE,1097897,1403096,305199
ADD,1838943,2225308,386365
DELETE,3771967,4166225,394258
DELETE,3414571,3729507,314936
ADD,902750,1352410,449660
ADD,3267984,3627760,359776
DELETE,1893950,2502894,608944
ADD,3560385,3990969,430584
ADD,355879,976978,621099
ADD,2287837,2772628,484791
RETRIEVE,4639538,4745462,105924
ADD,2106893,2726491,619598
DELETE,3913835,4434405,520570
ADD,4253780,4630371,376591
ADD,1866957,2185395,318438
ADD,3652752,4200347,547595
ADD,353707,952627,598920
DELETE,2889131,3442108,552977
ADD,4044447,4606225,561778
RETRIEVE,2390379,2437009,46630
ADD,845453,1417024,571571
DELETE,2220884,2433772,212888
DELETE,2044447,2560876,516429
ADD,806865,1048899,242034
DELETE,480389,903849,423460
DELETE,3427080,3705134,278054
ADD,1220884,1528520,307636
ADD,4268180,4675501,407321
DELETE,2452454,2949261,496807
DELETE,1202689,1451532,248843
DELETE,1879213,2236182,356969
DELETE,1075535,1670110,594575
RETRIEVE,467956,557484,89528
ADD,1054531,1445056,390525
ADD,1151573,1399703,248130
ADD,866274,1230006,363732
DELETE,4130114,4449247,319133
ADD,176154,522849,346695
RETRIEVE,4427080,4519136,92056
ADD,2398856,2946006,547150
ADD,2137610,2500897,363287
DELETE,2201761,2721127,519366
ADD,3071666,3460208,388542
ADD,140994,597176,456182
DELETE,2171355,2740045,568690
DELETE,1624441,2098318,473877
ADD,880594,1238916,358322
DELETE,1171355,1631790,460435
ADD,3210721,3650088,439367
DELETE,3380026,3840053,460027
ADD,466783,950657,483874
ADD,1972228,2269441,297213
ADD,2343658,2829838,486180
RETRIEVE,770725,856477,85752
ADD,234315,654273,419958
ADD,98653,555938,457285
DELETE,830607,1221308,390701
RETRIEVE,3391545,3495493,103948
RETRIEVE,3137610,3236518,98908
ADD,3053446,3430630,377184
RETRIEVE,3620940,3675708,54768
DELETE,4519729,4846542,326813
DELETE,187450,592316,404866
ADD,2893950,3358794,464844
DELETE,4254033,4838361,584328
RETRIEVE,3660228,3739870,79642
ADD,1823781,2219781,396000
ADD,2817254,3307511,490257
ADD,1855776,2268109,412333
ADD,3581104,4101693,520589
DELETE,3968061,4422520,454459
RETRIEVE,4406660,4502290,95630
ADD,1432720,1869104,436384
DELETE,1071912,1661808,589896
RETRIEVE,331155,417289,86134
DELETE,581017,1089636,508619
ADD,1338906,1675206,336300
RETRIEVE,33050,120580,87530
RETRIEVE,2518828,2650032,131204
DELETE,1983783,2516573,532790
DELETE,4248779,4481836,233057
ADD,735916,1187234,451318
ADD,1154229,1596959,442730
RETRIEVE,3420583,3572311,151728
ADD,1004836,1377054,372218
RETRIEVE,3823781,3913305,89524
DELETE,3663709,4325599,661890
RETRIEVE,697729,768563,70834
ADD,4356360,4716618,360258
ADD,3035470,3444311,408841
RETRIEVE,1923652,2030424,106772
ADD,367359,679117,311758
ADD,572706,955199,382493
ADD,632788,928713,295925
DELETE,2205650,2630991,425341
ADD,2418027,2795609,377582
ADD,3299459,3577013,277554
DELETE,3144877,3771905,627028
ADD,1283119,1781047,497928
ADD,2921018,3334936,413918
RETRIEVE,3017322,3091826,74504
ADD,680498,1088347,407849
ADD,1663709,2191765,528056
ADD,1847911,2446682,598771
RETRIEVE,1494646,1593292,98646
ADD,3557319,4031400,474081
ADD,3125953,3621000,495047
DELETE,1318801,1935647,616846
ADD,4012345,4190362,178017
DELETE,1222510,1474244,251734
RETRIEVE,1423665,1561919,138254
ADD,2935283,3181801,246518
DELETE,2983810,3516804,532994
DELETE,409581,1006676,597095
ADD,1232638,1865984,633346
DELETE,2836291,3315347,479056
ADD,2140994,2414546,273552
DELETE,1363130,1819386,456256
DELETE,972228,1403980,431752
RETRIEVE,3032711,3156835,124124
ADD,41547,482508,440961
ADD,181793,668974,487181
RETRIEVE,2623030,2728296,105266
ADD,3238523,3665828,427305
ADD,2978846,3529127,550281
DELETE,4408733,4763469,354736
DELETE,2053446,2282880,229434
ADD,3055030,3378193,323163
ADD,3516715,3973027,456312
ADD,1199600,1589560,389960
DELETE,3784087,4149413,365326
RETRIEVE,2225100,2308532,83432
DELETE,1983810,2517702,533892
ADD,17694,955499,937805
ADD,1786704,2034834,248130
RETRIEVE,2602460,2687100,84640
ADD,1121552,1643882,522330
DELETE,1387178,1603216,216038
ADD,3085239,3550093,464854
RETRIEVE,1656726,1746804,90078
ADD,2525518,2879096,353578
ADD,3178172,3699039,520867
RETRIEVE,3613996,3679156,65160
ADD,4313105,4822298,509193
ADD,1059144,1330315,271171
ADD,2542006,3170767,628761
DELETE,1519561,2019147,499586
RETRIEVE,3035079,3099353,64274
ADD,1181793,1279616,97823
DELETE,539203,865303,326100
DELETE,1645909,2024603,378694
ADD,3662506,4109600,447094
RETRIEVE,1688909,1771719,82810
RETRIEVE,277539,343889,66350
DELETE,2364293,2888773,524480
ADD,121552,578244,456692
ADD,1124349,1559890,435541
RETRIEVE,1785459,1903885,118426
RETRIEVE,4770387,4874473,104086
ADD,989124,1417272,428148
DELETE,2069292,2377243,307951
DELETE,1210721,1595493,384772
DELETE,3124349,3525361,401012
ADD,2620940,3056083,435143
ADD,937249,1509969,572720
RETRIEVE,2246413,2384373,137960
ADD,3879213,4162585,283372
DELETE,3009874,3690451,680577
DELETE,3936712,4292819,356107
DELETE,3362585,3796977,434392
ADD,4035470,4469779,434309
ADD,1535083,2011842,476759
DELETE,3555231,3953381,398150
RETRIEVE,4776142,4872222,96080
RETRIEVE,33379,123933,90554
DELETE,3354113,3965716,611603
RETRIEVE,1248475,1337459,88984
ADD,2794161,3278414,484253
DELETE,1712929,2211718,498789
ADD,1041547,1503019,461472
ADD,1812565,2221035,408470
ADD,4210771,4825301,614530
DELETE,1051651,1445326,393675
ADD,4015884,4326290,310406
DELETE,812565,1261011,448446
RETRIEVE,3780596,3873040,92444
ADD,80926,467995,387069
RETRIEVE,782698,880818,98120
RETRIEVE,620235,688585,68350
RETRIEVE,3992015,4085833,93818
RETRIEVE,2193572,2310458,116886
ADD,3091070,3700236,609166
RETRIEVE,2827223,2933109,105886
RETRIEVE,3213881,3231467,17586
ADD,151573,487660,336087
ADD,82318,574715,492397
RETRIEVE,2151922,2228802,76880
DELETE,2419781,2557219,137438
ADD,4418027,4892682,474655
DELETE,1472067,1891655,419588
ADD,1181921,1564136,382215
ADD,3667799,4225788,557989
RETRIEVE,1059446,1141464,82018
ADD,1208361,1833203,624842
DELETE,2035638,2476867,441229
RETRIEVE,1230632,1373734,143102
DELETE,1775572,2077751,302179
RETRIEVE,4499537,4610669,111132
ADD,1334256,1934482,600226
ADD,4012344,4704492,692148
ADD,3734114,4173259,439145
RETRIEVE,4354539,4431815,77276
DELETE,977644,1398102,420458
DELETE,2650740,2976960,326220
DELETE,346194,809992,463798
ADD,3791047,4163219,372172
RETRIEVE,1330227,1432873,102646
ADD,2401250,2789570,388320
DELETE,4422716,4616593,193877
DELETE,208599,959113,750514
DELETE,2348464,2870442,521978
ADD,662506,1062434,399928
DELETE,2394254,3056960,662706
ADD,3098413,3641533,543120
ADD,799274,1114516,315242
ADD,2222024,2336514,114490
DELETE,2778770,3358281,579511
ADD,3904193,4301305,397112
ADD,2596907,3045872,448965
ADD,793600,1210686,417086
ADD,2192811,2599919,407108
DELETE,1957618,2294733,337115
ADD,1560641,1962719,402078
DELETE,1840508,2256140,415632
ADD,135422,609448,474026
RETRIEVE,531837,634499,102662
RETRIEVE,1988997,2045325,56328
ADD,2537161,3085080,547919
ADD,1884058,2358556,474498
DELETE,3887642,4429307,541665
RETRIEVE,660066,742146,82080
DELETE,3617905,4011219,393314
ADD,3645679,4246090,600411
RETRIEVE,4059781,4143197,83416
DELETE,2337065,2940367,603302
ADD,4391545,4619701,228156
RETRIEVE,210721,286849,76128
RETRIEVE,2137258,2198944,61686
DELETE,1593556,1962208,368652
DELETE,101557,569681,468124
ADD,1937063,2360078,423015
DELETE,2129491,2411168,281677
ADD,1352262,2008983,656721
DELETE,2069220,2545071,475851
ADD,4055030,4483233,428203
DELETE,2088305,2465341,377036
DELETE,2273584,3048890,775306
RETRIEVE,2983600,3047638,64038
DELETE,3528118,3831446,303328
RETRIEVE,1418165,1489463,71298
DELETE,171355,774648,603293
ADD,1555231,1865452,310221
ADD,2055030,2526536,471506
ADD,1089776,1369377,279601
RETRIEVE,723752,810716,86964
ADD,151922,517016,365094
RETRIEVE,4001580,4090294,88714
ADD,684746,1177199,492453
DELETE,3763060,4186789,423729
DELETE,178172,598352,420180
DELETE,219557,632734,413177
ADD,510689,1084724,574035
DELETE,4593714,4781922,188208
ADD,2526961,3011659,484698
RETRIEVE,922123,1035327,113204
ADD,3130114,3476420,346306
ADD,3701390,4175082,473692
RETRIEVE,2706061,2813115,107054
DELETE,2657407,3161060,503653
RETRIEVE,1510689,1622781,112092
DELETE,2770697,3199336,428639
DELETE,1724203,2395395,671192
ADD,3063717,3569798,506081
RETRIEVE,4676621,4795311,118690
ADD,893021,1327700,434679
ADD,3135422,3506334,370912
ADD,2558310,2620299,61989
ADD,4055050,4885257,830207
RETRIEVE,3994409,4117849,123440
DELETE,1080527,1424748,344221
DELETE,334256,785120,450864
ADD,4431934,4786244,354310
DELETE,990784,1510002,519218
RETRIEVE,2233781,2342361,108580
ADD,1040388,1410670,370282
ADD,3884058,4264346,380288
DELETE,1012253,1441957,429704
ADD,55030,427888,372858
DELETE,1651156,2029165,378009
RETRIEVE,1979265,2123871,144606
ADD,841241,1206668,365427
ADD,725700,1219088,493388
RETRIEVE,1784938,1866616,81678
DELETE,2850275,3281990,431715
ADD,4348739,4644396,295657
DELETE,1137485,1696697,559212
DELETE,354806,941700,586894
ADD,1049450,1522753,473303
ADD,1067585,1633384,565799
ADD,3710256,4139636,429380
DELETE,478968,1053791,574823
ADD,1837289,2239154,401865
DELETE,3827935,4643560,815625
RETRIEVE,3669572,3755244,85672
ADD,947266,1360683,413417
ADD,4232687,4782820,550133
DELETE,1308882,1790263,481381
ADD,2560385,2931260,370875
RETRIEVE,3752995,3819357,66362
DELETE,1088935,1476412,387477
RETRIEVE,2234438,2318500,84062
ADD,4161877,4381361,219484
DELETE,2095066,2627921,532855
RETRIEVE,528439,648221,119782
DELETE,3346194,3616040,269846
DELETE,1729036,2145603,416567
ADD,1998362,2365457,367095
ADD,1255715,1499352,243637
ADD,2363130,2873287,510157
DELETE,2111496,2888951,777455
ADD,1466783,1898507,431724
ADD,1940064,2615295,675231
ADD,1553735,1877861,324126
ADD,3685339,4058160,372821
ADD,2947078,3180607,233529
RETRIEVE,4095066,4218980,123914
RETRIEVE,4299459,4376539,77080
DELETE,1004209,1278567,274358
DELETE,2557244,3083299,526055
ADD,3747742,4121331,373589
RETRIEVE,4040388,4125892,85504
DELETE,1387488,1746088,358600
DELETE,1938680,2329307,390627
DELETE,1409949,1959369,549420
DELETE,1367359,1821123,453764
RETRIEVE,2850346,2933986,83640
ADD,3154229,3567832,413603
RETRIEVE,931422,1014604,83182
ADD,558786,1144800,586014
ADD,682992,1235098,552106
ADD,2059997,2556637,496640
RETRIEVE,2838943,2956911,117968
RETRIEVE,3534467,3616089,81622
DELETE,1044447,1473790,429343
RETRIEVE,1029366,1110244,80878
RETRIEVE,1238339,1332079,93740
ADD,3718147,4254124,535977
ADD,3091812,3520469,428657
RETRIEVE,669212,761582,92370
ADD,867824,1312324,444500
RETRIEVE,1453612,1542322,88710
ADD,1770181,2307890,537709
DELETE,469104,1095641,626537
DELETE,935942,1283118,347176
ADD,640580,984412,343832
ADD,41543,224322,182779
ADD,3917240,4493267,576027
DELETE,1225100,1657658,432558
DELETE,3453519,3966548,513029
RETRIEVE,3520926,3564778,43852
ADD,1438780,1800326,361546
ADD,2680498,3257146,576648
DELETE,3338906,3881201,542295
DELETE,2700040,3060900,360860
RETRIEVE,4244809,4337509,92700
RETRIEVE,453519,535765,82246
RETRIEVE,3366355,3459633,93278
ADD,3220884,3684367,463483
RETRIEVE,4176154,4266792,90638
ADD,713105,1137482,424377
ADD,992015,1401347,409332
DELETE,3478968,3771373,292405
ADD,651156,1069623,418467
ADD,1665023,2031358,366335
RETRIEVE,2353707,2433641,79934
DELETE,336860,836900,500040
ADD,2757136,3270711,513575
RETRIEVE,887642,993824,106182
DELETE,3216080,3492411,276331
DELETE,1130114,1496005,365891
DELETE,3232165,3655625,423460
DELETE,349264,612347,263083
RETRIEVE,4520926,4589210,68284
RETRIEVE,3896783,4004603,107820
RETRIEVE,2746733,2831431,84698
ADD,784938,1144705,359767
ADD,211193,567940,356747
ADD,841965,1368427,526462
ADD,2208361,2565071,356710
DELETE,1327392,1687076,359684
RETRIEVE,1638663,1773559,134896
RETRIEVE,2100097,2147191,47094
RETRIEVE,2560641,2631095,70454
ADD,3793600,4186858,393258
ADD,1575523,1932761,357238
RETRIEVE,1306506,1441868,135362
DELETE,1560340,1898159,337819
ADD,742657,1158659,416002
ADD,1750642,2066393,315751
ADD,652752,949280,296528
ADD,2793600,3204711,411111
ADD,2406527,2873623,467096
DELETE,2638873,3080000,441127
ADD,2219575,2465204,245629
DELETE,3771852,4219112,447260
RETRIEVE,2727411,2805799,78388
RETRIEVE,974865,1068939,94074
DELETE,2940064,3463126,523062
ADD,3889091,4257715,368624
RETRIEVE,3489436,3580572,91136
ADD,4245040,4633508,388468
ADD,3194299,3640207,445908
ADD,3905304,4464192,558888
ADD,2939255,3551340,612085
DELETE,2830607,3369456,538849
ADD,3344067,3854242,510175
DELETE,1090372,1480600,390228
ADD,3622353,4160702,538349
ADD,1776142,2276757,500615
ADD,442717,867094,424377
DELETE,2673610,2988083,314473
ADD,4088935,4477653,388718
DELETE,3893950,4401040,507090
ADD,83468,508883,425415
DELETE,642499,1011864,369365
RETRIEVE,3971824,4048862,77038
ADD,1155206,1469855,314649
ADD,85239,512303,427064
DELETE,3152247,3402517,250270
ADD,115351,709194,593843
ADD,3822893,4260620,437727
RETRIEVE,1723833,1799787,75954
RETRIEVE,478525,547667,69142
ADD,2640637,3021425,380788
ADD,3035467,3340138,304671
DELETE,3029366,3344608,315242
RETRIEVE,4091070,4163404,72334
RETRIEVE,4502047,4568103,66056
ADD,35638,395451,359813
RETRIEVE,2889091,2980415,91324
RETRIEVE,4117384,4215010,97626
DELETE,866957,1179697,312740
ADD,3528691,3898186,369495
ADD,1887283,2249644,362361
RETRIEVE,3660218,3756046,95828
ADD,69220,330533,261313
ADD,3789846,4077943,288097
RETRIEVE,3827223,3922455,95232
ADD,1326982,1673417,346435
ADD,182324,776843,594519
ADD,146314,571812,425498
RETRIEVE,1845394,1972630,127236
RETRIEVE,3986829,4078893,92064
DELETE,2729330,3048037,318707
ADD,59781,668892,609111
DELETE,4044241,4520722,476481
ADD,2001580,2464081,462501
ADD,3445431,4136032,690601
ADD,199600,761443,561843
RETRIEVE,3246413,3355311,108898
DELETE,3752398,4073161,320763
RETRIEVE,4828526,4899154,70628
ADD,2722150,3083927,361777
ADD,3239056,3597442,358386
ADD,2334256,2722205,387949
RETRIEVE,1713114,1833968,120854
RETRIEVE,1453519,1564383,110864
ADD,2606602,2988131,381529
ADD,685339,1165488,480149
ADD,4115351,4670190,554839
DELETE,2423714,2718935,295221
ADD,1062288,1564996,502708
ADD,1808868,2204850,395982
DELETE,4382928,4799449,416521
ADD,2620665,3009874,389209
DELETE,3094945,3421823,326878
RETRIEVE,4172560,4282896,110336
DELETE,218645,842764,624119
ADD,85490,574895,489405
DELETE,622727,1261215,638488
ADD,364293,771068,406775
RETRIEVE,3537509,3649937,112428
ADD,2019887,2636771,616884
ADD,4029366,4380461,351095
RETRIEVE,1735916,1800846,64930
ADD,608099,1277429,669330
ADD,1294842,1838055,543213
DELETE,1447104,1773556,326452
ADD,2852480,3372707,520227
ADD,1544366,1861776,317410
RETRIEVE,2294842,2403914,109072
ADD,2638997,3068423,429426
RETRIEVE,1294154,1446076,151922
RETRIEVE,3194170,3222554,28384
RETRIEVE,3324152,3422800,98648
DELETE,4048947,4330605,281658
RETRIEVE,2445431,2571353,125922
DELETE,1100097,1618388,518291
DELETE,3651156,4158886,507730
DELETE,3623561,3858934,235373
ADD,1263378,1428137,164759
DELETE,4729036,4830852,101816
ADD,3852480,4274745,422265
RETRIEVE,3647330,3805714,158384
ADD,2074989,2496568,421579
ADD,2401771,2893223,491452
DELETE,2560340,2869013,308673
ADD,3785893,4445819,659926
DELETE,529036,1014827,485791
ADD,3957741,4202879,245138
RETRIEVE,4274588,4380900,106312
RETRIEVE,2747813,2860265,112452
DELETE,2475300,2870124,394824
RETRIEVE,1063717,1148335,84618
ADD,1824686,2491181,666495
ADD,4553128,4887279,334151
DELETE,784205,1132234,348029
DELETE,874783,1315614,440831
DELETE,4497774,4876700,378926
ADD,2539203,2786749,247546
DELETE,44241,460058,415817
RETRIEVE,1757136,1914248,157112
ADD,170722,562785,392063
ADD,4090303,4502924,412621
ADD,225100,620100,395000
RETRIEVE,835347,933523,98176
RETRIEVE,2669212,2748984,79772
DELETE,2124349,2630115,505766
DELETE,1542006,2047734,505728
RETRIEVE,2152668,2274310,121642
DELETE,743449,1107839,364390
ADD,3343810,3912222,568412
ADD,905563,1605428,699865
DELETE,3331155,3737291,406136
RETRIEVE,4435737,4536827,101090
RETRIEVE,2004836,2106658,101822
DELETE,2459222,2692381,233159
ADD,1122345,1907101,784756
ADD,2874783,3301671,426888
ADD,354539,726415,371876
RETRIEVE,2231610,2340160,108550
ADD,306506,933015,626509
DELETE,1751537,2342461,590924
RETRIEVE,4041547,4109213,67666
ADD,353827,695037,341210
ADD,543750,947736,403986
DELETE,2217713,2759888,542175
ADD,4374850,4666745,291895
ADD,155379,672271,516892
RETRIEVE,2181921,2293391,111470
ADD,2478583,2849439,370856
DELETE,2255715,2721106,465391
RETRIEVE,1380026,1484972,104946
DELETE,1773516,2220295,446779
ADD,4406527,4861959,455432
RETRIEVE,2581828,2689162,107334
ADD,4368767,4749370,380603
ADD,4394254,4783630,389376
DELETE,2786418,3041821,255403
RETRIEVE,4775572,4852482,76910
ADD,1790905,2410799,619894
RETRIEVE,2553735,2690271,136536
DELETE,3956235,4266872,310637
ADD,3772246,4334358,562112
ADD,4305930,4867810,561880
RETRIEVE,3463367,3550449,87082
ADD,1676621,2037657,361036
RETRIEVE,4218034,4288926,70892
DELETE,2871527,3171205,299678
RETRIEVE,4453519,4536497,82978
ADD,1158453,1583525,425072
ADD,701390,829351,127961
DELETE,3250930,3405563,154633
ADD,3201761,3705850,504089
ADD,202026,681925,479899
ADD,713114,1203992,490878
ADD,4321705,4782204,460499
ADD,988997,1489760,500763
ADD,3784938,4002125,217187
DELETE,2095175,2584737,489562
ADD,2419838,2708926,289088
ADD,4438780,4809646,370866
DELETE,2561010,3018656,457646
RETRIEVE,4418165,4500583,82418
DELETE,1419838,1830013,410175
RETRIEVE,558259,681247,122988
ADD,3203874,3631003,427129
RETRIEVE,2449796,2538236,88440
ADD,217713,757007,539294
ADD,534467,919804,385337
ADD,1754973,2170781,415808
DELETE,4085239,4584371,499132
ADD,225113,687113,462000
ADD,3736338,4050209,313871
ADD,406660,961638,554978
ADD,3182324,3709083,526759
ADD,4345800,4841782,495982
RETRIEVE,497336,567216,69880
ADD,4067442,4609543,542101
DELETE,951257,1318528,367271
ADD,3321705,3655550,333845
RETRIEVE,3857388,3946882,89494
RETRIEVE,709086,828430,119344
ADD,3528439,3765137,236698
DELETE,1310715,1678746,368031
ADD,1188298,1630898,442600
RETRIEVE,1680498,1739532,59034
ADD,1921629,2323179,401550
ADD,2194299,2503556,309257
RETRIEVE,1026046,1154308,128262
ADD,2050246,2546062,495816
ADD,3937249,4375847,438598
ADD,3102562,3520565,418003
RETRIEVE,2179608,2290190,110582
DELETE,957618,1407241,449623
ADD,1426722,1962856,536134
ADD,3125255,3645603,520348
ADD,4016741,4379324,362583
DELETE,777612,1342735,565123
DELETE,2122345,2693147,570802
RETRIEVE,3326982,3425900,98918
DELETE,3245407,3715162,469755
ADD,4209,459344,455135
DELETE,521008,1158829,637821
RETRIEVE,1519729,1549101,29372
RETRIEVE,4062288,4253928,191640
DELETE,2752995,3188545,435550
DELETE,986829,1563319,576490
ADD,2086160,2860437,774277
ADD,3785459,4374586,589127
DELETE,807396,1215903,408507
DELETE,2917240,3461509,544269
ADD,4348464,4694640,346176
ADD,1974725,2380240,405515
ADD,292039,628747,336708
DELETE,1083468,1328939,245471
DELETE,2142993,2714425,571432
DELETE,1729694,2261567,531873
DELETE,1539203,1917332,378129
DELETE,325970,801839,475869
ADD,771967,1314679,542712
DELETE,4152856,4210592,57736
DELETE,2040313,2327900,287587
ADD,2780596,3480591,699995
RETRIEVE,2559448,2626758,67310
ADD,4445431,4884668,439237
ADD,4338846,4819023,480177
DELETE,4409581,4834950,425369
DELETE,1354806,1984651,629845
DELETE,4233426,4655432,422006
ADD,3085490,3445683,360193
DELETE,1292039,1763897,471858
RETRIEVE,245407,369759,124352
ADD,209322,604998,395676
DELETE,2845453,3422490,577037
ADD,3753918,4155208,401290
DELETE,3254258,3571149,316891
ADD,2123538,2504604,381066
ADD,3004209,3302080,297871
ADD,865406,1231519,366113
RETRIEVE,208361,294287,85926
ADD,2655627,3282034,626407
DELETE,2893021,3163775,270754
ADD,3467272,3745882,278610
DELETE,520926,778830,257904
RETRIEVE,3998362,4094570,96208
ADD,1041543,1321923,280380
ADD,885254,1489983,604729
RETRIEVE,4142993,4271943,128950
ADD,536292,1110615,574323
ADD,1240322,1801285,560963
DELETE,344067,815610,471543
ADD,1091070,1563734,472664
DELETE,3771973,4111997,340024
DELETE,3850275,4297637,447362
ADD,1752995,2107250,354255
ADD,1725700,2228242,502542
DELETE,3348739,3788634,439895
ADD,1459222,1892104,432882
DELETE,1677690,2038754,361064
ADD,1004403,1069458,65055
ADD,92225,498638,406413
ADD,3467956,3845501,377545
ADD,2117384,2465552,348168
RETRIEVE,2502047,2613417,111370
RETRIEVE,401771,535481,133710
DELETE,3419838,3814865,395027
DELETE,3612426,3955776,343350
DELETE,2238523,2716245,477722
ADD,3511933,3611285,99352
ADD,327392,710450,383058
RETRIEVE,2337569,2438265,100696
DELETE,2277539,2769945,492406
RETRIEVE,1511933,1596823,84890
RETRIEVE,3028023,3164225,136202
RETRIEVE,1640637,1726479,85842
DELETE,2573673,2797011,223338
RETRIEVE,3337421,3474645,137224
DELETE,2848537,3404016,555479
ADD,3188138,3484286,296148
DELETE,2309998,2842593,532595
RETRIEVE,2667312,2746624,79312
ADD,3685030,4193853,508823
DELETE,203874,612965,409091
ADD,332146,479544,147398
ADD,3878772,4169973,291201
DELETE,2786704,3191478,404774
ADD,2453755,2931607,477852
DELETE,1979461,2544667,565206
ADD,2187552,2632876,445324
ADD,3852696,4340479,487783
DELETE,4403856,4827362,423506
ADD,1980104,2211975,231871
RETRIEVE,3478525,3563491,84966
RETRIEVE,173432,266090,92658
DELETE,855776,1227364,371588
DELETE,2044241,2610105,565864
DELETE,210771,1004513,793742
RETRIEVE,3608580,3743170,134590
DELETE,3684746,4130793,446047
DELETE,1014863,1687732,672869
DELETE,1218034,1435795,217761
ADD,2248459,2626764,378305
ADD,748056,1163271,415215
DELETE,3059446,3423734,364288
RETRIEVE,4325970,4435964,109994
ADD,880313,1114732,234419
DELETE,2508940,3241314,732374
DELETE,2332146,2773663,441517
DELETE,3442729,3538940,96211
RETRIEVE,218034,309892,91858
RETRIEVE,2618971,2697959,78988
RETRIEVE,4497882,4610252,112370
ADD,3656856,4057136,400280
ADD,47992,369163,321171
DELETE,3248779,3537608,288829
DELETE,3205168,3495396,290228
RETRIEVE,4144877,4257613,112736
DELETE,3294154,3804737,510583
ADD,123538,509134,385596
RETRIEVE,239967,347085,107118
ADD,2113180,2331858,218678
RETRIEVE,1657545,1823131,165586
ADD,2155379,2820493,665114
DELETE,1261066,2042431,781365
ADD,2125255,2489895,364640
ADD,2318801,2758928,440127
ADD,4069761,4701069,631308
ADD,3418165,3650907,232742
RETRIEVE,1968330,2045706,77376
ADD,1959787,2322342,362555
ADD,1307284,1730235,422951
ADD,766938,1139647,372709
RETRIEVE,452454,560546,108092
DELETE,1033379,1582141,548762
DELETE,305930,781568,475638
DELETE,3940663,4625853,685190
ADD,2709086,3209765,500679
RETRIEVE,3859382,3958772,99390
RETRIEVE,640637,708725,68088
DELETE,306138,777041,470903
DELETE,1179608,1610285,430677
DELETE,1685339,1977105,291766
RETRIEVE,2633008,2710720,77712
DELETE,3558786,4260430,701644
ADD,3567514,3922695,355181
RETRIEVE,3360715,3467951,107236
DELETE,174069,353633,179564
ADD,3129491,3688638,559147
ADD,3519561,3754248,234687
RETRIEVE,1742198,1813080,70882
RETRIEVE,4372638,4506618,133980
DELETE,26080,554775,528695
DELETE,3712803,4286607,573804
ADD,1830607,2155141,324534
DELETE,3264427,3494093,229666
ADD,309998,721905,411907
ADD,2026080,2469496,443416
ADD,243200,790100,546900
DELETE,4387998,4836296,448298
DELETE,3808868,4031558,222690
ADD,2067990,2442219,374229
ADD,2302152,2621498,319346
ADD,3853326,4294768,441442
RETRIEVE,4085490,4196896,111406
ADD,4088305,4480618,392313
RETRIEVE,1280987,1365675,84688
DELETE,1192272,1708701,516429
ADD,3067442,3560534,493092
DELETE,1921018,2420512,499494
ADD,4536292,4851006,314714
ADD,2266573,2598908,332335
ADD,968330,1094707,126377
ADD,3681038,3973304,292266
ADD,3974865,4461583,486718
ADD,4294154,4895158,601004
ADD,2495492,2900377,404885
DELETE,4353707,4854340,500633
ADD,3001580,3514034,512454
ADD,171537,737123,565586
ADD,3048947,3471166,422219
ADD,1082515,1368666,286151
DELETE,2280987,2585491,304504
ADD,2426722,2909780,483058
DELETE,2480389,2732975,252586
ADD,4239056,4630341,391285
ADD,248459,738957,490498
DELETE,297786,588709,290923
DELETE,3711280,4196145,484865
ADD,2620235,3022924,402689
ADD,3712929,3958493,245564
DELETE,3463945,3966366,502421
ADD,1966538,2580624,614086
ADD,2511933,2948317,436384
ADD,479190,944016,464826
ADD,1433245,2090401,657156
DELETE,4205650,4537068,331418
DELETE,3827418,4104963,277545
ADD,1421718,1742852,321134
ADD,2526505,2954634,428129
RETRIEVE,4507148,4574422,67274
ADD,1820435,2233278,412843
ADD,1368767,2142109,773342
DELETE,1101469,1511542,410073
RETRIEVE,3117384,3179514,62130
ADD,3589675,4132434,542759
DELETE,786418,1057617,271199
RETRIEVE,3572970,3661726,88756
ADD,3305930,3793287,487357
ADD,950506,1179255,228749
ADD,949750,1320727,370977
ADD,1657407,1981765,324358
RETRIEVE,770697,834051,63354
ADD,188138,607596,419458
ADD,2065825,2525778,459953
ADD,426551,963371,536820
DELETE,2520362,3042072,521710
ADD,4286197,4655367,369170
ADD,4094945,4608567,513622
RETRIEVE,4320315,4379373,59058
ADD,752995,1089971,336976
RETRIEVE,2952547,3071521,118974
DELETE,2122232,2759294,637062
RETRIEVE,381709,526395,144686
ADD,2426551,2882224,455673
ADD,1765420,2114625,349205
DELETE,927827,1577071,649244
DELETE,238523,997181,758658
ADD,1010562,1603339,592777
ADD,1521008,1751017,230009
RETRIEVE,892509,980187,87678
ADD,2025947,2564796,538849
ADD,2467272,2794975,327703
ADD,2841965,3307912,465947
ADD,681062,1155495,474433
ADD,499537,766492,266955
ADD,4478968,4886354,407386
ADD,3190823,3579060,388237
DELETE,4509005,4714398,205393
ADD,4086160,4755545,669385
DELETE,276085,592216,316131
ADD,2668402,2954109,285707
DELETE,3337065,3532351,195286
DELETE,2516715,2869997,353282
ADD,1248459,1572900,324441
RETRIEVE,2261066,2430958,169892
DELETE,2182425,2452410,269985
ADD,2936712,3319584,382872
DELETE,3950506,4193689,243183
ADD,1028023,1668864,640841
ADD,1800560,2301647,501087
RETRIEVE,645909,699269,53360
DELETE,1638997,1974000,335003
RETRIEVE,3441810,3559506,117696
RETRIEVE,3949750,4053598,103848
ADD,2729694,3223406,493712
DELETE,3211193,3706416,495223
DELETE,2519561,2916265,396704
RETRIEVE,3459222,3528612,69390
ADD,3876977,4501291,624314
DELETE,3075535,3580420,504885
RETRIEVE,4089776,4172380,82604
ADD,1233581,1570140,336559
RETRIEVE,2574515,2669517,95002
ADD,3988997,4367339,378342
DELETE,1784087,1859704,75617
RETRIEVE,1871527,1968687,97160
RETRIEVE,2213881,2293425,79544
RETRIEVE,789195,877169,87974
DELETE,3532779,4030031,497252
DELETE,978846,1547489,568643
ADD,1996456,2412875,416419
ADD,3938195,4330184,391989
RETRIEVE,699473,792451,92978
ADD,1430458,1969390,538932
ADD,3479208,4000473,521265
ADD,418027,884409,466382
ADD,25947,475570,449623
DELETE,28023,552836,524813
RETRIEVE,1480389,1555087,74698
RETRIEVE,1117384,1179396,62012
DELETE,4314363,4776345,461982
ADD,3786418,4154986,368568
RETRIEVE,2427080,2532416,105336
DELETE,3097897,3544463,446566
ADD,1841241,2305446,464205
ADD,2332698,2614254,281556
DELETE,3682992,4262021,579029
ADD,4004209,4475715,471506
ADD,3815108,4186845,371737
ADD,979265,1551244,571979
ADD,1299459,1674753,375294
RETRIEVE,1059997,1101497,41500
DELETE,3558310,3839116,280806
RETRIEVE,4581104,4674212,93108
ADD,2784205,3080214,296009
ADD,3059781,3674997,615216
DELETE,3702088,4117516,415428
ADD,668402,933792,265390
RETRIEVE,2420691,2549119,128428
RETRIEVE,754973,832743,77770
ADD,4330227,4777256,447029
ADD,3208599,3844067,635468
ADD,3582433,4008376,425943
RETRIEVE,4618971,4713975,95004
RETRIEVE,652241,752391,100150
DELETE,537161,851245,314084
DELETE,2931422,3363322,431900
ADD,2872085,3543092,671007
DELETE,1733491,2220209,486718
ADD,1113180,1569362,456182
ADD,2377612,2684738,307126
ADD,1665303,2113722,448419
ADD,2245040,2681600,436560
DELETE,2963467,3214349,250882
ADD,356360,911616,555256
ADD,32711,486799,454088
ADD,1014179,1427930,413751
RETRIEVE,3638997,3722893,83896
DELETE,4511933,4788348,276415
RETRIEVE,2940663,3061867,121204
DELETE,3151922,3544124,392202
DELETE,3835347,4362365,527018
ADD,1017322,1414323,397001
RETRIEVE,2499537,2586511,86974
ADD,1017694,1774174,756480
ADD,1530606,1911070,380464
RETRIEVE,2913835,3035287,121452
DELETE,833100,862441,29341
ADD,2152247,2644422,492175
ADD,1726259,2151220,424961
DELETE,2392900,2664256,271356
ADD,3872757,4430895,558138
DELETE,3218645,3798332,579687
ADD,1699473,2198105,498632
DELETE,1581828,2201982,620154
ADD,375291,773385,398094
DELETE,2952643,3435451,482808
ADD,2660066,3108670,448604
DELETE,557244,988153,430909
ADD,334940,634840,299900
DELETE,1926010,2357891,431881
ADD,4182324,4817811,635487
ADD,2420905,2860161,439256
ADD,3220705,3789367,568662
DELETE,1090303,1570119,479816
ADD,2638934,2944041,305107
ADD,264427,763365,498938
DELETE,269349,740234,470885
ADD,2016741,2241960,225219
DELETE,2355879,3075227,719348
DELETE,3080527,3504182,423655
ADD,1794161,2207560,413399
ADD,2725700,3152708,427008
ADD,3814131,4162586,348455
ADD,220705,782576,561871
RETRIEVE,972704,1104824,132120
ADD,3025947,3432611,406664
ADD,4334256,4642948,308692
ADD,2202689,2516189,313500
ADD,3026080,3503830,477750
ADD,3476459,3983531,507072
ADD,4332146,4740357,408211
ADD,2896783,3339763,442980
ADD,2080527,2411389,330862
RETRIEVE,1993065,2099975,106910
ADD,3175517,3542649,367132
RETRIEVE,1264427,1345529,81102
RETRIEVE,3921629,3986395,64766
DELETE,1418027,1693321,275294
ADD,3931886,4531547,599661
DELETE,2623561,3047206,423645
RETRIEVE,1497055,1608931,111876
RETRIEVE,3666804,3764596,97792
ADD,1041964,1415081,373117
ADD,1617905,2087243,469338
ADD,3526505,3923849,397344
RETRIEVE,421718,448844,27126
ADD,187552,766053,578501
DELETE,4355879,4845413,489534
ADD,387998,922372,534374
ADD,2231730,2745759,514029
ADD,14179,534230,520051
ADD,4283119,4623143,340024
ADD,3276085,3750222,474137
RETRIEVE,4794161,4884481,90320
DELETE,1302822,1749286,446464
DELETE,974725,1545796,571071
DELETE,2872757,3396792,524035
ADD,3086160,3622702,536542
DELETE,2133358,2556559,423201
DELETE,2628429,3057957,429528
RETRIEVE,2030542,2162540,131998
DELETE,1476365,2267068,790703
DELETE,2674059,3254265,580206
ADD,2035079,2522825,487746
ADD,2454119,3014480,560361
DELETE,3343889,3982173,638284
ADD,144877,644324,499447
ADD,1770725,2056080,285355
ADD,286197,704682,418485
ADD,3476740,3847921,371181
DELETE,4217713,4709786,492073
DELETE,3004403,3261798,257395
DELETE,278083,716422,438339
ADD,3152856,3523926,371070
DELETE,2616523,3147377,530854
DELETE,3474974,3940902,465928
ADD,1770697,2391175,620478
ADD,3261066,3991013,729947
ADD,2419137,2737186,318049
RETRIEVE,233072,323962,90890
RETRIEVE,3922123,4011435,89312
ADD,3830607,4206364,375757
ADD,4366355,4762763,396408
ADD,1348739,1838282,489543
DELETE,2966538,3456322,489784
RETRIEVE,4803388,4869464,66076
RETRIEVE,2367359,2456259,88900
DELETE,4176751,4595597,418846
ADD,2681454,3036755,355301
ADD,1205650,1668558,462908
ADD,392900,902584,509684
RETRIEVE,4432720,4499512,66792
ADD,3292197,3605938,313741
DELETE,4332698,4714042,381344
DELETE,3419781,3803283,383502
DELETE,2523972,3098109,574137
ADD,3033379,3498538,465159
DELETE,2151893,2524880,372987
RETRIEVE,4478583,4556077,77494
DELETE,3646944,4099022,452078
RETRIEVE,3482903,3550009,67106
RETRIEVE,4807396,4879310,71914
DELETE,633008,1161286,528278
DELETE,2855776,3206306,350530
RETRIEVE,952643,1049035,96392
DELETE,3956928,4673062,716134
ADD,1558562,2031930,473368
RETRIEVE,871200,995976,124776
RETRIEVE,4735111,4850687,115576
ADD,3688909,3993367,304458
ADD,2453612,2679934,226322
ADD,1803388,2349398,546010
DELETE,991418,1497860,506442
ADD,2479208,2884612,405404
ADD,4520362,4791449,271087
DELETE,3817254,4155444,338190
RETRIEVE,125255,260519,135264
RETRIEVE,3628214,3720238,92024
DELETE,2732710,3007068,274358
ADD,67585,420320,352735
DELETE,1243006,1609823,366817
RETRIEVE,4534467,4594369,59902
ADD,1549798,2043473,493675
ADD,1599925,2059276,459351
ADD,3871200,4277141,405941
DELETE,3337569,3910474,572905
ADD,3406527,4025106,618579
DELETE,3665023,4089465,424442
ADD,1993185,2328318,335133
ADD,1667799,1747010,79211
ADD,192272,592182,399910
ADD,1922123,2340840,418717
ADD,3618139,4073561,455422
ADD,3442717,3965622,522905
DELETE,4080926,4221070,140144
DELETE,442729,889091,446362
RETRIEVE,4447104,4489310,42206
DELETE,2535083,2983918,448835
ADD,4101972,4625850,523878
RETRIEVE,4521008,4630126,109118
ADD,91812,640046,548234
ADD,2710071,3105247,395176
DELETE,1420691,1886026,465335
DELETE,4113180,4560570,447390
ADD,38953,409754,370801
ADD,273584,934566,660982
ADD,2887194,3469160,581966
DELETE,1481414,1771475,290061
DELETE,4247188,4763274,516086
ADD,3497055,4144363,647308
ADD,3012345,3687280,674935
ADD,4613996,4879877,265881
RETRIEVE,4733298,4882742,149444
ADD,827935,1375733,547798
ADD,1913967,2431591,517624
ADD,4091812,4669970,578158
RETRIEVE,371455,479959,108504
ADD,2012344,2449803,437459
RETRIEVE,2974925,3067981,93056
DELETE,3969085,4385875,416790
RETRIEVE,453755,568423,114668
ADD,4188298,4658590,470292
ADD,2555231,3031137,475906
RETRIEVE,2959787,3065637,105850
DELETE,53446,387013,333567
ADD,3306138,3717295,411157
DELETE,3732710,4066101,333391
ADD,4047992,4545318,497326
DELETE,592261,991615,399354
DELETE,1325970,1928772,602802
ADD,2663943,3204191,540248
ADD,373920,845463,471543
ADD,88935,533500,444565
ADD,366014,786018,420004
RETRIEVE,4621395,4694341,72946
DELETE,2278083,2974780,696697
DELETE,3234315,3976686,742371
RETRIEVE,106893,219589,112696
ADD,1442729,1895187,452458
ADD,1832752,2142454,309702
RETRIEVE,2403487,2464667,61180
ADD,54531,414289,359758
RETRIEVE,784087,882867,98780
ADD,2121175,2912147,790972
ADD,4097897,4538700,440803
ADD,593556,1046366,452810
ADD,1132085,1550070,417985
DELETE,313105,601508,288403
ADD,4426722,4815968,389246
ADD,1463945,1976223,512278
RETRIEVE,2233581,2344347,110766
DELETE,2988997,3712116,723119
ADD,250930,806733,555803
ADD,1828526,1854541,26015
RETRIEVE,3833995,3962445,128450
ADD,1277539,1611912,334373
ADD,1969085,2490582,521497
DELETE,3240322,3740529,500207
RETRIEVE,542006,650728,108722
ADD,82515,375661,293146
ADD,3387488,3521183,133695
DELETE,530606,1027598,496992
DELETE,1302389,1629712,327323
DELETE,43102,683980,640878
ADD,4033379,4687978,654599
ADD,151893,587360,435467
ADD,2992864,3445164,452300
DELETE,3218034,3218034,0
ADD,1095066,1454416,359350
ADD,3136292,3458695,322403
ADD,3510689,3961878,451189
ADD,2581017,3055534,474517
DELETE,1381709,2037188,655479
RETRIEVE,3277539,3400193,122654
ADD,175133,421790,246657
ADD,756911,1182919,426008
ADD,4132085,4550913,418828
RETRIEVE,4082318,4152086,69768
RETRIEVE,1132699,1212425,79726
ADD,3367359,3703474,336115
DELETE,1758123,2247166,489043
ADD,4035079,4462884,427805
ADD,2170722,2536196,365474
DELETE,3673610,3976827,303217
DELETE,4310715,4569471,258756
ADD,2033050,2464459,431409
ADD,2827935,3428893,600958
ADD,757136,1465932,708796
ADD,1111496,1584530,473034
ADD,1938195,2197266,259071
ADD,1855768,2364526,508758
ADD,3628429,4107383,478954
DELETE,1235124,1692010,456886
DELETE,2676621,3167480,490859
DELETE,2622815,3173031,550216
DELETE,1883573,2348047,464474
RETRIEVE,1569967,1650455,80488
ADD,3546780,4138168,591388
ADD,2971824,3618409,646585
RETRIEVE,1233781,1321603,87822
RETRIEVE,2356360,2460796,104436
RETRIEVE,2753918,2845370,91452
DELETE,1802422,2005369,202947
ADD,544366,830017,285651
RETRIEVE,2339671,2454925,115254
ADD,1550130,2075610,525480
RETRIEVE,2453519,2561319,107800
ADD,650880,1078176,427296
ADD,2447104,2925095,477991
ADD,1043102,1541234,498132
RETRIEVE,3549798,3658274,108476
RETRIEVE,3558259,3693541,135282
DELETE,1091812,1742048,650236
RETRIEVE,35079,133593,98514
DELETE,1963467,2340920,377453
DELETE,2151573,2478080,326507
ADD,2743449,3094007,350558
ADD,3681454,4018764,337310
RETRIEVE,222510,302948,80438
DELETE,1939255,2479586,540331
RETRIEVE,2297786,2444320,146534
ADD,1193572,1679271,485699
ADD,2292039,2691467,399428
DELETE,3313105,3631571,318466
RETRIEVE,4199600,4272248,72648
RETRIEVE,1395182,1467464,72282
DELETE,1836291,2360178,523887
ADD,197135,707764,510629
RETRIEVE,3088935,3175337,86402
RETRIEVE,1618139,1723987,105848
ADD,3059144,3436300,377156
ADD,4359822,4691555,331733
DELETE,498305,897937,399632
ADD,857388,1324141,466753
ADD,2108455,2739958,631503
ADD,3088305,3510394,422089
RETRIEVE,4300968,4413746,112778
ADD,3406660,3866270,459610
RETRIEVE,4680498,4804512,124014
ADD,305699,989972,684273
DELETE,1778770,2167600,388830
DELETE,1247188,1939280,692092
ADD,1520362,1678395,158033
ADD,526505,928620,402115
RETRIEVE,1305699,1411855,106156
ADD,4043102,4724689,681587
RETRIEVE,1248779,1356419,107640
RETRIEVE,3684130,3784454,100324
DELETE,3782698,4105055,322357
RETRIEVE,3181389,3273547,92158
DELETE,1025947,1582083,556136
ADD,3280987,3610663,329676
ADD,1561010,1999284,438274
ADD,3255715,3706765,451050
ADD,507148,618618,111470
DELETE,1338607,1834478,495871
RETRIEVE,3521008,3628438,107430
DELETE,290342,696950,406608
ADD,1208599,1766486,557887
DELETE,638997,1085035,446038
ADD,4668402,4864772,196370
ADD,1642499,1996578,354079
ADD,2926010,3365970,439960
ADD,2956235,3465391,509156
ADD,1887194,2601151,713957
DELETE,2532779,2882299,349520
ADD,3305699,3887220,581521
DELETE,751537,1250280,498743
DELETE,2808868,3160621,351753
ADD,394635,856422,461787
DELETE,1940340,2285951,345611
RETRIEVE,257338,321282,63944
DELETE,3033050,3588575,555525
ADD,3536292,4119888,583596
DELETE,1685108,2112144,427036
RETRIEVE,1278083,1364655,86572
DELETE,75535,472804,397269
ADD,2023468,2477695,454227
RETRIEVE,1316602,1392952,76350
DELETE,597461,1285116,687655
ADD,4208599,4745771,537172
DELETE,4216750,4485725,268975
ADD,2510689,3051836,541147
ADD,10562,462306,451744
RETRIEVE,569727,647427,77700
ADD,937063,1482703,545640
RETRIEVE,4463945,4578469,114524
RETRIEVE,390379,451433,61054
ADD,2660240,3311560,651320
RETRIEVE,1209951,1345921,135970
DELETE,1771852,2443303,671451
RETRIEVE,1192811,1300259,107448
RETRIEVE,2724203,2847031,122828
DELETE,3014179,3367257,353078
DELETE,896783,1445573,548790
RETRIEVE,2782698,2873484,90786
ADD,1667312,2007929,340617
ADD,108455,414645,306190
DELETE,2014863,2675855,660992
RETRIEVE,3244809,3355907,111098
RETRIEVE,4218645,4310949,92304
DELETE,1531837,1914154,382317
DELETE,3766685,4260722,494037
ADD,1435737,1988288,552551
DELETE,1727411,2156541,429130
DELETE,3034567,3393306,358739
ADD,1693962,2098013,404051
ADD,3777612,4290205,512593
ADD,1557544,2006954,449410
ADD,729657,1235599,505942
ADD,1777558,2149406,371848
DELETE,3680498,4132595,452097
ADD,4441810,4857015,415205
DELETE,2716356,3160828,444472
ADD,12253,453631,441378
RETRIEVE,2269349,2344555,75206
ADD,4019887,4405539,385652
RETRIEVE,4391430,4464042,72612
RETRIEVE,2653848,2737878,84030
ADD,980104,1286934,306830
DELETE,2224445,2634657,410212
RETRIEVE,2353827,2431821,77994
ADD,3359822,3701004,341182
ADD,3633008,3983992,350984
ADD,3665303,4102039,436736
DELETE,3547293,3779173,231880
ADD,3122345,3550901,428556
DELETE,213881,461465,247584
ADD,2487338,2839842,352504
ADD,3709086,4228489,519403
ADD,623030,926117,303087
DELETE,3766938,4047244,280306
ADD,3892509,4254796,362287
DELETE,4135287,4603772,468485
ADD,3885254,4245836,360582
DELETE,4505569,4727221,221652
ADD,338906,779570,440664
DELETE,887836,1285726,397890
ADD,1125255,1625499,500244
DELETE,884058,1379568,495510
ADD,3235124,3680217,445093
ADD,3622815,3933239,310424
DELETE,238339,759752,521413
DELETE,1054014,1563958,509944
DELETE,2650880,3033790,382910
ADD,1608160,1835269,227109
ADD,332698,802740,470042
DELETE,3199600,3585474,385874
ADD,847911,1193957,346046
ADD,4136292,4367922,231630
ADD,1660240,2137962,477722
DELETE,4354806,4827201,472395
ADD,3726259,4139028,412769
ADD,35470,417981,382511
ADD,663709,1141051,477342
ADD,482903,961663,478760
ADD,74989,533645,458656
DELETE,1230873,1709549,478676
DELETE,2274588,2831660,557072
DELETE,4122232,4721513,599281
ADD,4736338,4736338,0
ADD,3286197,3718301,432104
RETRIEVE,3947385,4089165,141780
RETRIEVE,1591064,1661718,70654
ADD,1075492,1438853,363361
RETRIEVE,4640637,4715005,74368
ADD,3785889,4065305,279416
RETRIEVE,871527,945329,73802
RETRIEVE,4368838,4455088,86250
DELETE,4353827,4567679,213852
ADD,2682992,3177131,494139
ADD,2885032,3460337,575305
RETRIEVE,770181,860055,89874
DELETE,2969085,3432679,463594
DELETE,2820435,2957262,136827
RETRIEVE,3947266,4046484,99218
ADD,1581017,2061064,480047
RETRIEVE,3668387,3713435,45048
ADD,2904193,3177874,273681
RETRIEVE,3441699,3518767,77068
RETRIEVE,1489436,1565482,76046
DELETE,302389,735994,433605
ADD,559448,945146,385698
ADD,818101,1223088,404987
ADD,3216750,3577740,360990
DELETE,4231610,4746260,514650
RETRIEVE,791047,814747,23700
DELETE,1845453,2380411,534958
ADD,2337421,2815208,477787
ADD,4539203,4850721,311518
ADD,4375291,4764750,389459
ADD,1632788,1888089,255301
ADD,3696765,4132232,435467
ADD,2617905,3073439,455534
DELETE,3993185,4359048,365863
ADD,1094945,1356416,261471
DELETE,2814131,3173870,359739
DELETE,1571501,2046407,474906
ADD,2988215,3405913,417698
ADD,3478322,3863066,384744
ADD,2968330,3249432,281102
ADD,3137258,3618426,481168
DELETE,4151573,4581435,429862
DELETE,1391430,2001930,610500
ADD,1710071,1960675,250604
RETRIEVE,1095175,1233733,138558
ADD,77467,317463,239996
RETRIEVE,3374850,3491260,116410
ADD,547293,734954,187661
ADD,1677895,2174452,496557
DELETE,575725,780229,204504
ADD,4175133,4584159,409026
ADD,913967,1371604,457637
ADD,3030542,3419297,388755
DELETE,2558259,3250880,692621
ADD,1709086,2259682,550596
RETRIEVE,253780,355108,101328
RETRIEVE,4302152,4395332,93180
RETRIEVE,2812565,2877309,64744
DELETE,833995,1406594,572599
DELETE,2994409,3526764,532355
ADD,722150,1123107,400957
ADD,3693962,4136118,442156
DELETE,885032,1521816,636784
ADD,3371455,3780833,409378
ADD,454491,752251,297760
DELETE,1880313,2124561,244248
ADD,2953635,2983346,29711
DELETE,2089776,2531079,441303
DELETE,254258,383794,129536
RETRIEVE,2807396,2933020,125624
DELETE,3083468,3525994,442526
ADD,553128,801842,248714
ADD,3957618,4373407,415789
RETRIEVE,3735111,3827323,92212
ADD,1073663,1188246,114583
RETRIEVE,1257338,1347080,89742
ADD,3432720,3622549,189829
ADD,2290271,2794406,504135
ADD,1275578,1862065,586487
DELETE,799295,1337588,538293
RETRIEVE,1771973,1866421,94448
RETRIEVE,1454491,1508445,53954
ADD,958715,1354771,396056
ADD,1192565,1520573,328008
ADD,2294154,3039851,745697
ADD,1077467,1434010,356543
ADD,2622353,3231260,608907
ADD,1807396,2088758,281362
ADD,2763060,3423496,660436
ADD,1623030,2038958,415928
ADD,4238523,4559898,321375
RETRIEVE,111496,246584,135088
RETRIEVE,998362,1110008,111646
DELETE,2966310,3337102,370792
DELETE,4174069,4654737,480668
RETRIEVE,2591064,2685338,94274
ADD,4012253,4517250,504997
ADD,3834916,4335475,500559
ADD,3560340,3846306,285966
ADD,2017694,2652615,634921
RETRIEVE,1237473,1323691,86218
DELETE,2320315,2614916,294601
ADD,2558943,3136091,577148
ADD,2990784,3511688,520904
DELETE,516715,1194846,678131
RETRIEVE,3729036,3815088,86052
ADD,1016741,1319531,302790
ADD,3623030,4016918,393888
DELETE,95175,565717,470542
ADD,1558259,2249323,691064
RETRIEVE,113180,170448,57268
ADD,2146205,2683220,537015
ADD,1171537,1623893,452356
RETRIEVE,1536292,1654174,117882
DELETE,3030530,3279346,248816
ADD,4209322,4534671,325349
DELETE,4331155,4748028,416873
ADD,1067990,1442135,374145
ADD,3423665,3659918,236253
ADD,3038953,3316785,277832
ADD,2310715,2556594,245879
RETRIEVE,484488,586060,101572
ADD,2287516,2769231,481715
ADD,3755954,4176264,420310
RETRIEVE,248779,313529,64750
ADD,2729657,3069376,339719
RETRIEVE,420691,534407,113716
DELETE,426722,1026383,599661
RETRIEVE,29366,93890,64524
ADD,665023,964580,299557
RETRIEVE,953635,1039463,85828
DELETE,4091891,4415758,323867
ADD,1733298,2291973,558675
RETRIEVE,1899897,2010167,110270
DELETE,233781,545299,311518
ADD,3230632,3845450,614818
DELETE,4618305,4866046,247741
ADD,2420583,3051771,631188
ADD,701414,1187289,485875
DELETE,511933,922117,410184
ADD,3132699,3501100,368401
DELETE,509371,857168,347797
RETRIEVE,132085,206159,74074
ADD,3179608,3686828,507220
RETRIEVE,4362585,4462513,99928
DELETE,2484488,3022809,538321
DELETE,1331155,1617066,285911
ADD,2225113,2514331,289218
ADD,2902750,3446389,543639
DELETE,1645679,2203103,557424
ADD,1986829,2463764,476935
RETRIEVE,2748056,2896652,148596
DELETE,2438780,2741561,302781
RETRIEVE,4525518,4601302,75784
ADD,1088332,1591698,503366
RETRIEVE,406064,495044,88980
DELETE,4122345,4780937,658592
RETRIEVE,2328661,2420161,91500
ADD,3219575,3644332,424757
ADD,4337065,4747870,410805
DELETE,343810,698426,354616
RETRIEVE,4752926,4826558,73632
ADD,1559448,1943580,384132
DELETE,2519729,2877189,357460
DELETE,3309998,3785098,475100
DELETE,1620665,1973372,352707
RETRIEVE,4711280,4833256,121976
DELETE,1187450,1575196,387746
ADD,476740,758843,282103
DELETE,472067,921940,449873
RETRIEVE,4822893,4877569,54676
RETRIEVE,4823781,4893867,70086
ADD,546593,942704,396111
ADD,4423714,4785176,361462
ADD,747813,1187134,439321
ADD,674594,1104345,429751
ADD,4082515,4389391,306876
ADD,773516,1292928,519412
DELETE,129491,523935,394444
DELETE,1990723,2387418,396695
DELETE,41964,571604,529640
DELETE,1182324,1929225,746901
ADD,2534467,2935924,401457
ADD,1525518,1824899,299381
ADD,2182324,2425609,243285
RETRIEVE,2354539,2453119,98580
ADD,2852696,3478872,626176
ADD,3173432,3550560,377128
RETRIEVE,508940,622190,113250
RETRIEVE,3420691,3501461,80770
RETRIEVE,1019887,1140747,120860
ADD,2981288,3422981,441693
ADD,2980104,3445032,464928
DELETE,3537161,4174074,636913
RETRIEVE,2049450,2133598,84148
DELETE,1887642,2193295,305653
ADD,172560,528269,355709
DELETE,2824686,3229219,404533
ADD,176751,810505,633754
ADD,1978846,2582917,604071
DELETE,3723833,4053277,329444
ADD,3951257,4313636,362379
DELETE,1017220,1457143,439923
ADD,3621395,4036767,415372
RETRIEVE,1297786,1377344,79558
DELETE,1255133,1620718,365585
ADD,2317878,2606040,288162
ADD,3512870,3952617,439747
DELETE,3727411,3999999,272588
ADD,4030542,4292430,261888
DELETE,1949514,2400452,450938
DELETE,2647270,3071406,424136
ADD,3254666,3951928,697262
ADD,121175,685029,563854
ADD,290271,784947,494676
ADD,2283119,2735920,452801
ADD,3181921,3631090,449169
DELETE,1022059,1558518,536459
ADD,785893,1288258,502365
ADD,3558943,4138241,579298
ADD,2899897,3409656,509759
DELETE,80527,458128,377601
RETRIEVE,612426,679884,67458
DELETE,570513,849058,278545
RETRIEVE,4152247,4258403,106156
ADD,1817254,2288741,471487
ADD,2033379,2495917,462538
RETRIEVE,1557244,1700442,143198
ADD,1983662,2548201,564539
ADD,3655627,4045735,390108
RETRIEVE,1865608,1945386,79778
ADD,380026,705561,325535
ADD,2803388,3305624,502236
ADD,840508,1384869,544361
ADD,2161877,2698011,536134
RETRIEVE,3354806,3459142,104336
RETRIEVE,926010,1050082,124072
RETRIEVE,1628943,1698449,69506
DELETE,2986829,3520842,534013
ADD,4050246,4419648,369402
RETRIEVE,1887281,1997159,109878
RETRIEVE,3330227,3429801,99574
ADD,3698880,4099976,401096
ADD,2834916,3494638,659722
ADD,179608,555792,376184
ADD,1639538,2102641,463103
ADD,1142993,1571623,428630
DELETE,775572,1172304,396732
DELETE,3518828,4130894,612066
DELETE,1332146,1657477,325331
ADD,2980703,3465123,484420
RETRIEVE,1988215,2069661,81446
ADD,2056428,2709221,652793
DELETE,828526,1130094,301568
RETRIEVE,3748056,3809136,61080
ADD,1942984,2332805,389821
ADD,4245407,4756611,511204
RETRIEVE,3077467,3153515,76048
ADD,3146314,3629345,483031
DELETE,4202026,4644849,442823
DELETE,420583,966362,545779
ADD,3699473,4220312,520839
DELETE,3657407,4024409,367002
ADD,1814131,2218080,403949
ADD,3841241,4413201,571960
RETRIEVE,776142,884048,107906
ADD,3453612,3876081,422469
DELETE,3047992,3545077,497085
RETRIEVE,2683598,2769516,85918
DELETE,971824,1393403,421579
DELETE,4480389,4823878,343489
RETRIEVE,667799,762201,94402
DELETE,3602460,3997265,394805
ADD,3834660,4497551,662891
ADD,3318801,3746838,428037
DELETE,1287708,1688748,401040
DELETE,2082318,2312540,230222
ADD,3836463,4328545,492082
DELETE,3838943,4351907,512964
RETRIEVE,1943630,2097974,154344
ADD,3012877,3217705,204828
ADD,812737,1012868,200131
DELETE,2549798,3022415,472617
ADD,4051597,4663181,611584
RETRIEVE,623561,713419,89858
ADD,632401,1119054,486653
ADD,724203,1403529,679326
ADD,2826758,3201348,374590
ADD,3729657,3919875,190218
ADD,3855776,4185406,329630
DELETE,3983600,4750818,767218
DELETE,1273584,1983186,709602
DELETE,3931422,4221075,289653
ADD,395182,751725,356543
ADD,152668,663344,510676
ADD,4090969,4548457,457488
RETRIEVE,4476740,4585784,109044
ADD,1507148,1939817,432669
ADD,698880,1153459,454579
RETRIEVE,1231610,1353422,121812
DELETE,2915029,3258453,343424
DELETE,1056428,1548816,492388
RETRIEVE,435737,462507,26770
ADD,2342738,2947439,604701
ADD,419838,723425,303587
RETRIEVE,3756911,3852005,95094
ADD,1101557,1429417,327860
DELETE,2445303,3054191,608888
RETRIEVE,1102519,1228989,126470
DELETE,59446,303583,244137
RETRIEVE,2067585,2176301,108716
RETRIEVE,398856,499960,101104
ADD,1974865,2510054,535189
RETRIEVE,3991418,4066930,75512
DELETE,2659908,2951507,291599
DELETE,1219575,1864428,644853
DELETE,3041964,3451425,409461
ADD,3101557,3568041,466484
RETRIEVE,423714,535042,111328
ADD,3422716,3800215,377499
ADD,188298,825424,637126
DELETE,1756911,2350633,593722
RETRIEVE,3612426,3717886,105460
ADD,2302389,2508384,205995
ADD,1344067,1619722,275655
DELETE,4032711,4721894,689183
ADD,1812737,2156708,343971
DELETE,2286197,2632104,345907
ADD,2463149,2765319,302170
DELETE,3806865,4202365,395500
ADD,59997,440442,380445
RETRIEVE,1476740,1603874,127134
DELETE,2005934,2672586,666652
ADD,2822670,3174256,351586
RETRIEVE,4785889,4879711,93822
DELETE,983783,1506373,522590
ADD,1972704,2446016,473312
DELETE,3900859,4406374,505515
ADD,352262,809593,457331
DELETE,603866,996596,392730
RETRIEVE,1741049,1881009,139960
RETRIEVE,3342738,3485140,142402
ADD,3847911,4327106,479195
ADD,2472067,2965844,493777
DELETE,899725,1293928,394203
ADD,382928,757722,374794
RETRIEVE,1085239,1143927,58688
ADD,4267072,4783779,516707
ADD,996456,1149838,153382
DELETE,3692556,4029597,337041
ADD,2785459,3420112,634653
RETRIEVE,2815108,2909458,94350
ADD,3363551,3930953,567402
ADD,3855768,4190011,334243
RETRIEVE,4855776,4899454,43678
DELETE,467272,1053759,586487
RETRIEVE,2537509,2626841,89332
DELETE,4406064,4774743,368679
ADD,2528118,2771292,243174
RETRIEVE,15884,48736,32852
ADD,505569,892824,387255
ADD,1621395,1916792,295397
DELETE,158453,551868,393415
DELETE,3381709,3908505,526796
ADD,2742657,2989027,246370
DELETE,2754973,3253040,498067
ADD,518828,1024445,505617
DELETE,3302822,3729951,427129
DELETE,51651,475630,423979
ADD,3067990,3777138,709148
ADD,2660218,2995267,335049
DELETE,155206,534317,379111
ADD,3650880,4221534,570654
ADD,2004209,2366802,362593
DELETE,676621,1065080,388459
RETRIEVE,1115351,1214287,98936
DELETE,1394635,1713490,318855
ADD,1770387,2157827,387440
ADD,3395182,3905469,510287
DELETE,2210721,2299512,88791
RETRIEVE,536563,610425,73862
DELETE,67990,587291,519301
RETRIEVE,608160,705434,97274
ADD,1747813,2364835,617022
RETRIEVE,4575523,4662377,86854
RETRIEVE,1748056,1856914,108858
ADD,4377612,4756214,378602
ADD,2048947,2468368,419421
ADD,2998733,3536776,538043
DELETE,2955854,3385892,430038
DELETE,2292197,2888847,596650
ADD,2063717,2568917,505200
DELETE,668387,1092644,424257
ADD,3926010,4363098,437088
ADD,2136292,2568609,432317
ADD,453612,699417,245805
DELETE,4294055,4593557,299502
DELETE,4071666,4362107,290441
ADD,3888816,4471884,583068
ADD,1662506,2157358,494852
ADD,427080,945093,518013
ADD,2406064,2779570,373506
RETRIEVE,2618139,2746923,128784
DELETE,3572706,3832352,259646
DELETE,900859,1250528,349669
ADD,3662827,4080840,418013
ADD,4305699,4791268,485569
ADD,1401771,1934552,532781
ADD,1553128,1847497,294369
ADD,2211193,2862040,650847
DELETE,955854,1341635,385781
RETRIEVE,2699473,2796011,96538
ADD,1827418,2328218,500800
RETRIEVE,2250930,2348462,97532
ADD,887281,1389823,502542
ADD,711280,1236427,525147
RETRIEVE,3353827,3424501,70674
DELETE,17322,544942,527620
ADD,3544366,3942877,398511
ADD,3663943,4017456,353513
ADD,1659908,2064950,405042
ADD,981288,1424037,442749
ADD,1174069,1609434,435365
DELETE,1612426,2093428,481002
ADD,2667799,3075130,407331
ADD,4182425,4607997,425572
RETRIEVE,657407,748223,90816
RETRIEVE,2530951,2613315,82364
ADD,4132699,4692986,560287
DELETE,509005,800780,291775
RETRIEVE,48947,172509,123562
ADD,4035638,4602410,566772
DELETE,71666,466202,394536
ADD,2041964,2496553,454589
DELETE,463945,996161,532216
RETRIEVE,1144980,1245180,100200
ADD,438780,838412,399632
DELETE,3316602,3550891,234289
RETRIEVE,3799274,3882352,83078
DELETE,693559,1293563,600004
DELETE,1040496,1793669,753173
ADD,419137,758531,339394
DELETE,3499537,3962408,462871
DELETE,1359822,1774018,414196
ADD,915029,1162779,247750
DELETE,537440,1066941,529501
ADD,2750642,3069543,318901
ADD,4125953,4597329,471376
ADD,878772,1339346,460574
ADD,947385,1733947,786562
DELETE,137610,499313,361703
ADD,2823781,3415734,591953
DELETE,2685108,3070491,385383
DELETE,4208361,4688751,480390
DELETE,2771967,3388684,616717
ADD,3560641,4181953,621312
ADD,2899725,3309075,409350
DELETE,1493852,1939463,445611
ADD,3115351,3808601,693250
ADD,990723,1383898,393175
DELETE,2004403,2518256,513853
ADD,3640637,4004536,363899
RETRIEVE,677895,739541,61646
ADD,4287837,4897272,609435
ADD,3052829,3285265,232436
ADD,616523,1119231,502708
ADD,574515,1042871,468356
ADD,1233072,1783038,549966
ADD,1476459,1931159,454700
ADD,993065,1394142,401077
ADD,887194,1401084,513890
DELETE,1823567,2411870,588303
ADD,3377612,3830718,453106
RETRIEVE,4017322,4104152,86830
DELETE,4009874,4407338,397464
RETRIEVE,4625100,4784314,159214
ADD,3542006,3983254,441248
ADD,572970,961355,388385
ADD,3247188,3868732,621544
ADD,1688685,2315129,626444
ADD,267984,708898,440914
ADD,2418165,2835158,416993
RETRIEVE,3952643,4041545,88902
RETRIEVE,3373920,3401276,27356
RETRIEVE,2432720,2456078,23358
RETRIEVE,2234315,2290047,55732
ADD,1666804,2159210,492406
DELETE,4051651,4641297,589646
ADD,557544,1051229,493685
DELETE,1734114,2084894,350780
ADD,2247188,2811070,563882
ADD,2770725,3054949,284224
DELETE,3155206,3366371,211165
ADD,3035638,3471642,436004
DELETE,1706061,2201960,495899
ADD,2958715,3509422,550707
ADD,2220705,2934763,714058
RETRIEVE,2855768,2905326,49558
DELETE,929131,1332089,402958
ADD,1780596,2213172,432576
DELETE,1702088,2278328,576240
ADD,108906,481189,372283
RETRIEVE,850346,937800,87454
ADD,3133358,3653307,519949
DELETE,3327392,3739864,412472
RETRIEVE,3912016,4004022,92006
DELETE,3928646,4451477,522831
ADD,2135422,2479078,343656
ADD,2572970,2994494,421524
ADD,80782,165265,84483
ADD,2733491,3407833,674342
DELETE,1151893,1860708,708815
ADD,2832752,3287304,454552
DELETE,974925,1343113,368188
ADD,887283,1396699,509416
DELETE,4067990,4624191,556201
ADD,824686,1419418,594732
ADD,56428,618308,561880
DELETE,4328661,4847675,519014
ADD,3645909,4162458,516549
RETRIEVE,3409780,3509744,99964
RETRIEVE,2684746,2770346,85600
DELETE,2233426,2594045,360619
DELETE,423665,1000860,577195
ADD,4125255,4720895,595640
DELETE,122232,625718,503486
RETRIEVE,1309998,1481890,171892
RETRIEVE,3152668,3240966,88298
ADD,3233781,3580124,346343
ADD,582433,1108608,526175
RETRIEVE,2306506,2390698,84192
ADD,2530606,3055021,524415
RETRIEVE,2892509,3002719,110210
RETRIEVE,4812737,4889221,76484
DELETE,1602460,2167212,564752
DELETE,3339671,3780233,440562
ADD,3742198,4068576,326378
RETRIEVE,1668627,1776871,108244
RETRIEVE,3225113,3329743,104630
DELETE,318801,729124,410323
DELETE,1537231,2088920,551689
DELETE,2770387,3325717,555330
ADD,4121175,4831287,710112
RETRIEVE,2254033,2360479,106446
ADD,1069220,1368555,299335
RETRIEVE,3332146,3407910,75764
ADD,1032711,1412387,379676
ADD,688909,1109006,420097
ADD,2799274,3097599,298325
DELETE,1009874,1571643,561769
RETRIEVE,2203874,2289104,85230
DELETE,3608160,4012878,404718
DELETE,4193572,4574360,380788
DELETE,1034567,1454794,420227
RETRIEVE,2528691,2619031,90340
DELETE,827418,1113208,285790
ADD,2735916,3106263,370347
ADD,3571196,4175758,604562
ADD,3966538,4362946,396408
DELETE,431934,635493,203559
DELETE,2913967,3429627,515660
RETRIEVE,3328661,3446809,118148
ADD,1700040,2203147,503107
RETRIEVE,2052829,2108969,56140
DELETE,3887836,4458925,571089
ADD,175256,598207,422951
RETRIEVE,3263378,3343190,79812
ADD,3082318,3445040,362722
RETRIEVE,26046,129018,102972
ADD,2294055,2790260,496205
ADD,2582433,3032093,449660
ADD,4620235,4737310,117075
ADD,2338607,2828827,490220
ADD,4222024,4683663,461639
DELETE,2264427,2745271,480844
DELETE,1497336,1556304,58968
ADD,1684130,1825626,141496
ADD,3887194,4649594,762400
RETRIEVE,1746733,1836605,89872
ADD,205168,693109,487941
DELETE,2570513,2797168,226655
ADD,2362585,2629707,267122
DELETE,612978,1001344,388366
ADD,1618347,2044049,425702
DELETE,1900859,2312803,411944
DELETE,3463149,4060318,597169
DELETE,3073972,3521575,447603
ADD,3751831,4237548,485717
RETRIEVE,3505569,3613233,107664
ADD,1989124,2332975,343851
DELETE,2662827,3018638,355811
DELETE,3496826,3955917,459091
ADD,1005934,1295763,289829
RETRIEVE,3447104,3519600,72496
DELETE,826758,1369526,542768
ADD,808868,897056,88188
ADD,2098413,2700418,602005
ADD,4220705,4740136,519431
DELETE,2073663,2469978,396315
ADD,736338,1230041,493703
DELETE,4316602,4724544,407942
ADD,4363130,4872583,509453
DELETE,368838,875576,506738
DELETE,4133358,4793729,660371
RETRIEVE,3980703,4075199,94496
DELETE,1038953,1316785,277832
ADD,3770387,4063617,293230
DELETE,1628429,2063905,435476
ADD,418772,837831,419059
ADD,3287516,3436146,148630
ADD,3353707,3821924,468217
ADD,4202689,4630633,427944
ADD,4255715,4733502,477787
RETRIEVE,931566,1043338,111772
DELETE,4054531,4599643,545112
DELETE,4557627,4766568,208941
ADD,4422546,4798757,376211
DELETE,2218034,2706003,487969
DELETE,5934,334100,328166
DELETE,1496826,1896532,399706
ADD,268180,743577,475397
ADD,3677690,4161323,483633
RETRIEVE,82442,144892,62450
DELETE,2209951,2558925,348974
ADD,3701414,4189466,488052
RETRIEVE,3546593,3606253,59660
ADD,4039678,4587866,548188
ADD,3069220,3837948,768728
RETRIEVE,1377612,1424576,46964
ADD,3187552,3791391,603839
ADD,142993,604715,461722
ADD,1137610,1511894,374284
DELETE,3108906,3521499,412593
DELETE,2665303,3114602,449299
ADD,905304,1375281,469977
ADD,2476365,3136986,660621
ADD,2876977,3393814,516837
DELETE,2035470,2520872,485402
DELETE,3355879,3929497,573618
DELETE,4786704,4877764,91060
ADD,1245040,1734296,489256
RETRIEVE,3497774,3593796,96022
RETRIEVE,1618971,1725253,106282
ADD,2326982,2643317,316335
ADD,2038953,2458244,419291
DELETE,4475300,4814796,339496
ADD,716356,1247210,530854
ADD,3676621,4124280,447659
RETRIEVE,1650880,1746846,95966
ADD,354113,881817,527704
DELETE,3553735,4031346,477611
RETRIEVE,3848537,3935263,86726
RETRIEVE,1182425,1233493,51068
DELETE,3638934,4113701,474767
DELETE,3713105,4226829,513724
DELETE,520362,940014,419652
DELETE,75492,527561,452069
ADD,2968061,3556280,588219
ADD,3790905,4320517,529612
ADD,1718147,2164963,446816
DELETE,3040313,3434423,394110
RETRIEVE,2639916,2721312,81396
RETRIEVE,307284,436572,129288
DELETE,62288,674067,611779
ADD,1012877,1854563,841686
ADD,1403856,1828826,424970
ADD,2775572,3080030,304458
ADD,758764,1115214,356450
ADD,893950,1531762,637812
DELETE,2154229,2426354,272125
DELETE,3656726,3833640,176914
ADD,1260841,1557563,296722
ADD,628214,1045949,417735
ADD,2726028,3223956,497928
DELETE,3306506,3656573,350067
DELETE,567514,1086139,518625
ADD,838943,1214561,375618
ADD,1509371,1893531,384160
RETRIEVE,3820435,3886461,66026
RETRIEVE,1667641,1724759,57118
DELETE,655627,919173,263546
RETRIEVE,4248459,4303403,54944
ADD,3729694,4330550,600856
RETRIEVE,4543750,4630962,87212
ADD,4519561,4855194,335633
RETRIEVE,2520926,2585244,64318
DELETE,4146314,4518199,371885
ADD,3597461,4305961,708500
DELETE,1681454,2238498,557044
ADD,1074989,1337164,262175
DELETE,1137258,1533481,396223
DELETE,2075535,2442278,366743
ADD,2375291,2876906,501615
ADD,478583,866773,388190
ADD,523972,950045,426073
ADD,992864,1321234,328370
DELETE,2408733,2782786,374053
ADD,3119847,3490370,370523
ADD,4449796,4742377,292581
ADD,2463945,3068748,604803
ADD,1836463,1984176,147713
ADD,3775572,4262911,487339
RETRIEVE,1890859,1951993,61134
RETRIEVE,4591064,4702552,111488
RETRIEVE,949514,1049542,100028
DELETE,2208599,2616671,408072
RETRIEVE,3002345,3102793,100448
ADD,1356360,1896691,540331
ADD,3553128,4092051,538923
DELETE,3955854,4395684,439830
DELETE,2546780,3148581,601801
RETRIEVE,2723833,2800795,76962
DELETE,67442,605133,537691
ADD,202433,488547,286114
DELETE,2957618,3393983,436365
ADD,3290342,3729329,438987
DELETE,3082442,3686596,604154
ADD,3993065,4209585,216520
DELETE,3927827,4516333,588506
ADD,1792880,2270417,477537
DELETE,391430,923544,532114
ADD,696022,1154622,458600
RETRIEVE,938680,1052536,113856
RETRIEVE,1606602,1722120,115518
ADD,232165,556736,324571
DELETE,9874,487698,477824
DELETE,1723752,2109793,386041
ADD,1867824,2286541,418717
DELETE,2423665,2966007,542342
RETRIEVE,3685047,3774627,89580
RETRIEVE,2572706,2669806,97100
RETRIEVE,2884058,2968482,84424
DELETE,688685,1396073,707388
ADD,1091891,1615574,523683
ADD,3297786,3756655,458869
ADD,2946010,3402313,456303
RETRIEVE,1958454,2091396,132942
DELETE,4202433,4581813,379380
ADD,3161877,3643888,482011
DELETE,1981288,2537424,556136
ADD,2701414,3363138,661724
ADD,181389,524786,343397
RETRIEVE,553735,653729,99994
RETRIEVE,537231,665197,127966
ADD,4269349,4673261,403912
ADD,3529036,3934023,404987
DELETE,4197135,4613146,416011
ADD,802422,1548952,746530
ADD,3992864,4366277,373413
DELETE,22059,606693,584634
DELETE,2853326,3474925,621599
ADD,519729,909948,390219
ADD,3080782,3538159,457377
DELETE,3725700,4216327,490627
RETRIEVE,1080926,1176884,95958
ADD,994409,1336166,341757
ADD,1354113,1793378,439265
