type,start,end,duration
DELETE,2887194,3886153,998959
RETRIEVE,1268480,1419290,150810
RETRIEVE,2642499,2798891,156392
RETRIEVE,2343658,2497934,154276
ADD,2510689,3714958,1204269
ADD,1316602,2251099,934497
ADD,3041543,3862393,820850
RETRIEVE,655627,875099,219472
DELETE,2173432,2862310,688878
ADD,1397129,2285563,888434
RETRIEVE,786704,979626,192922
DELETE,216080,1295269,1079189
DELETE,3591064,4534826,943762
DELETE,359822,982051,622229
RETRIEVE,3988215,4195877,207662
RETRIEVE,4549798,4725766,175968
RETRIEVE,1395182,1554304,159122
DELETE,3668627,4307440,638813
DELETE,1101557,1698920,597363
ADD,2766938,3957718,1190780
DELETE,474862,1571181,1096319
RETRIEVE,4026080,4290632,264552
RETRIEVE,660218,849780,189562
DELETE,3752926,4826501,1073575
RETRIEVE,2557244,2777308,220064
RETRIEVE,1638663,1697525,58862
DELETE,3098413,4526641,1428228
RETRIEVE,1352262,1481468,129206
ADD,3419137,4415048,995911
RETRIEVE,1561010,1706128,145118
RETRIEVE,1638873,1900055,261182
ADD,1245040,2035595,790555
RETRIEVE,2950506,3036522,86016
DELETE,1665303,2860660,1195357
RETRIEVE,785459,1034369,248910
RETRIEVE,3683598,3806268,122670
RETRIEVE,3770697,3996677,225980
RETRIEVE,4155379,4439253,283874
RETRIEVE,3696022,3971628,275606
RETRIEVE,336860,531794,194934
DELETE,248581,1002921,754340
DELETE,1685339,2353900,668561
ADD,3017322,4275112,1257790
RETRIEVE,757136,1020898,263762
ADD,2722150,3187967,465817
ADD,494646,1391112,896466
DELETE,1442729,2075798,633069
DELETE,2185801,2837880,652079
DELETE,2531608,3234827,703219
RETRIEVE,830607,1136883,306276
RETRIEVE,1712929,2035965,323036
DELETE,2677895,3404220,726325
DELETE,3977644,4761084,783440
RETRIEVE,41547,227473,185926
RETRIEVE,2771973,2959581,187608
ADD,1681038,2178327,497289
DELETE,1951257,3026055,1074798
RETRIEVE,4065825,4256609,190784
DELETE,3786704,4770553,983849
RETRIEVE,1520362,1602288,81926
ADD,3048947,4136567,1087620
RETRIEVE,770181,903321,133140
DELETE,3232638,3982244,749606
ADD,2935283,4022801,1087518
RETRIEVE,4233581,4435427,201846
ADD,493852,1169787,675935
RETRIEVE,2125255,2302937,177682
RETRIEVE,3832752,4106324,273572
RETRIEVE,2222024,2403642,181618
DELETE,2657407,3347137,689730
ADD,4014179,4837957,823778
DELETE,1966538,2947654,981116
ADD,3232687,4492478,1259791
RETRIEVE,2957618,3115322,157704
RETRIEVE,4510689,4757505,246816
ADD,617905,1362777,744872
ADD,1391545,2105381,713836
ADD,2287516,3223440,935924
DELETE,2017220,3226288,1209068
DELETE,572970,1502205,929235
RETRIEVE,1940969,2166131,225162
DELETE,2726028,3272807,546779
DELETE,1713694,2268126,554432
DELETE,1952643,2941078,988435
DELETE,2338607,3468834,1130227
RETRIEVE,726028,842180,116152
DELETE,1537440,2653928,1116488
RETRIEVE,4656726,4796538,139812
RETRIEVE,4558562,4707874,149312
ADD,4442729,4817615,374886
RETRIEVE,4660218,4886754,226536
RETRIEVE,1872757,1996753,123996
RETRIEVE,2338846,2528514,189668
RETRIEVE,2628943,2827449,198506
DELETE,2650880,3466875,815995
RETRIEVE,1824686,2039786,215100
RETRIEVE,4137610,4424236,286626
DELETE,1857388,2672457,815069
RETRIEVE,2409581,2644175,234594
RETRIEVE,3372638,3652088,279450
RETRIEVE,4302389,4600925,298536
RETRIEVE,292197,453155,160958
DELETE,663709,1674990,1011281
RETRIEVE,1216080,1363682,147602
ADD,646944,1964758,1317814
DELETE,441699,1219302,777603
DELETE,3175517,3820676,645159
DELETE,723752,1339802,616050
RETRIEVE,3559448,3698126,138678
RETRIEVE,2371455,2636727,265272
DELETE,1992832,2861570,868738
ADD,4151922,4758689,606767
DELETE,3248475,3727022,478547
ADD,2750642,3207695,457053
DELETE,2840508,3782407,941899
DELETE,684746,1704597,1019851
RETRIEVE,1969085,2173395,204310
RETRIEVE,239967,489213,249246
DELETE,2800560,4054283,1253723
DELETE,125255,956500,831245
ADD,1474862,2763521,1288659
DELETE,2757136,3601647,844511
DELETE,3469818,4255092,785274
DELETE,3923652,4813328,889676
RETRIEVE,1449796,1649774,199978
RETRIEVE,510689,701531,190842
RETRIEVE,4582433,4706437,124004
ADD,4290271,4805570,515299
ADD,3059781,4112196,1052415
RETRIEVE,1803388,2012924,209536
ADD,2090372,2959351,868979
ADD,3569727,4489948,920221
RETRIEVE,3454491,3731929,277438
DELETE,1292584,2285716,993132
ADD,1266573,2315829,1049256
DELETE,3674594,4597251,922657
ADD,1175517,2230563,1055046
RETRIEVE,1833995,2115879,281884
DELETE,2799274,3416806,617532
DELETE,2489436,3222320,732884
ADD,628629,1619185,990556
DELETE,3557627,4217090,659463
RETRIEVE,2235124,2393878,158754
RETRIEVE,4158453,4371831,213378
RETRIEVE,1187552,1429390,241838
RETRIEVE,926010,1147830,221820
RETRIEVE,3668402,3876884,208482
DELETE,518828,1602279,1083451
RETRIEVE,2012877,2119097,106220
ADD,3940064,4781944,841880
DELETE,3022059,3993614,971555
ADD,51597,909801,858204
DELETE,957741,1853022,895281
RETRIEVE,531837,727221,195384
ADD,1336860,2287320,950460
RETRIEVE,1808868,1997346,188478
RETRIEVE,3751537,3940041,188504
ADD,1387998,2072799,684801
ADD,3376799,4423276,1046477
RETRIEVE,2069761,2292049,222288
RETRIEVE,4557319,4759445,202126
ADD,784938,1734592,949654
RETRIEVE,2669212,2904564,235352
RETRIEVE,3726028,3841242,115214
RETRIEVE,3476365,3592125,115760
RETRIEVE,555759,712377,156618
ADD,1050246,1722596,672350
DELETE,318801,1073299,754498
RETRIEVE,265417,419807,154390
ADD,3230873,3703018,472145
DELETE,1785459,3068179,1282720
RETRIEVE,1814131,1928903,114772
RETRIEVE,623561,764169,140608
ADD,966310,1732120,765810
ADD,3639538,4407562,768024
ADD,3345800,3582720,236920
RETRIEVE,1086160,1230708,144548
DELETE,2620940,3328421,707481
DELETE,3392900,4441952,1049052
RETRIEVE,2454119,2711563,257444
ADD,2190823,3065657,874834
DELETE,327392,1406155,1078763
ADD,2710256,3592539,882283
DELETE,2591064,4159751,1568687
DELETE,1990784,2990012,999228
DELETE,2179608,3206879,1027271
ADD,1202026,2400384,1198358
ADD,2791047,3927602,1136555
ADD,3822670,4667348,844678
RETRIEVE,3756722,3981428,224706
RETRIEVE,4652241,4832881,180640
RETRIEVE,2234438,2431726,197288
RETRIEVE,3069220,3291216,221996
RETRIEVE,736338,930986,194648
RETRIEVE,1751537,1898837,147300
ADD,3480389,4728081,1247692
RETRIEVE,4035467,4285489,250022
RETRIEVE,1022059,1226285,204226
ADD,3632788,4535786,902998
DELETE,1286197,2090223,804026
RETRIEVE,4326982,4469782,142800
RETRIEVE,4497055,4647579,150524
RETRIEVE,4184335,4301863,117528
RETRIEVE,3073972,3283784,209812
ADD,310715,1036928,726213
ADD,1054531,1985415,930884
DELETE,1080926,1785701,704775
RETRIEVE,3494646,3678056,183410
ADD,2700040,3489317,789277
RETRIEVE,2949072,3160742,211670
DELETE,73663,934072,860409
RETRIEVE,1865608,2056006,190398
ADD,683598,1228172,544574
DELETE,1623030,2191192,568162
RETRIEVE,823567,1024939,201372
ADD,3620235,4316219,695984
ADD,3481414,4703841,1222427
RETRIEVE,4343889,4494637,150748
RETRIEVE,2618139,2749109,130970
RETRIEVE,2922123,3126855,204732
RETRIEVE,1332146,1566706,234560
ADD,3390379,3848553,458174
DELETE,793656,1321063,527407
RETRIEVE,2117384,2347272,229888
RETRIEVE,555231,699069,143838
RETRIEVE,1888816,2004324,115508
DELETE,3935283,4889504,954221
DELETE,91070,747337,656267
RETRIEVE,4290342,4457980,167638
RETRIEVE,2608099,2745465,137366
RETRIEVE,3440478,3659176,218698
DELETE,1696796,2519869,823073
RETRIEVE,852480,1038232,185752
DELETE,4095175,4747754,652579
DELETE,841965,1695852,853887
DELETE,3733298,4491529,758231
RETRIEVE,4665303,4851921,186618
DELETE,2391430,3038997,647567
RETRIEVE,3653848,3871648,217800
ADD,3558562,4338861,780299
RETRIEVE,3368838,3577076,208238
ADD,3050246,3848945,798699
ADD,320315,963500,643185
ADD,4209,912617,908408
RETRIEVE,1353707,1531355,177648
DELETE,2101972,3078196,976224
ADD,3267072,4042452,775380
DELETE,1338906,2161386,822480
DELETE,3846038,4236971,390933
DELETE,2867824,3393638,525814
DELETE,3603866,4481683,877817
RETRIEVE,4664519,4853383,188864
DELETE,91812,704823,613011
ADD,3992832,4730913,738081
RETRIEVE,4498305,4683807,185502
DELETE,4171355,4507970,336615
DELETE,2623561,3688076,1064515
RETRIEVE,1929131,2128039,198908
ADD,2065825,2928180,862355
DELETE,3111496,3703995,592499
ADD,618347,1086564,468217
RETRIEVE,1338607,1644823,306216
ADD,2786704,3424951,638247
ADD,2372638,3197416,824778
ADD,3287708,3886303,598595
ADD,2876977,3979828,1102851
RETRIEVE,850346,1024226,173880
RETRIEVE,2387178,2589834,202656
ADD,1254033,1997052,743019
RETRIEVE,4140994,4228032,87038
DELETE,665303,1666532,1001229
RETRIEVE,2455987,2712583,256596
DELETE,2603866,3341308,737442
DELETE,1208599,2354122,1145523
RETRIEVE,1544894,1742490,197596
DELETE,2820435,3444452,624017
RETRIEVE,1069220,1295574,226354
ADD,2476365,3078036,601671
DELETE,2857388,3666602,809214
ADD,1935283,2794395,859112
RETRIEVE,3368883,3676443,307560
DELETE,135422,1050093,914671
ADD,1387488,1895644,508156
RETRIEVE,182425,365341,182916
RETRIEVE,43102,214564,171462
DELETE,2972704,3785151,812447
RETRIEVE,3234438,3373636,139198
ADD,2210721,2684478,473757
ADD,799295,1123218,323923
DELETE,1332698,1812921,480223
DELETE,3777558,4753143,975585
ADD,3899897,4761918,862021
DELETE,4349264,4461058,111794
ADD,2582433,3495752,913319
RETRIEVE,2225113,2420539,195426
RETRIEVE,3799295,3887979,88684
ADD,2216080,3118226,902146
ADD,1935942,2988746,1052804
DELETE,1479190,2462937,983747
DELETE,2074989,2983221,908232
DELETE,2348739,3627837,1279098
DELETE,943630,1803650,860020
ADD,23468,843901,820433
RETRIEVE,3119847,3248437,128590
RETRIEVE,2328661,2586799,258138
RETRIEVE,3741049,3930395,189346
RETRIEVE,889091,1073105,184014
ADD,3069292,3525382,456090
DELETE,2305699,2725666,419967
RETRIEVE,3573673,3804729,231056
RETRIEVE,4124349,4308641,184292
RETRIEVE,245040,406652,161612
DELETE,3652241,4479530,827289
ADD,2192272,3316792,1124520
DELETE,1974865,2688340,713475
RETRIEVE,1668387,1840923,172536
DELETE,955854,2006833,1050979
RETRIEVE,1210771,1439887,229116
ADD,2992914,3799599,806685
DELETE,3697729,4642982,945253
RETRIEVE,2628629,2792429,163800
RETRIEVE,1905563,2058777,153214
RETRIEVE,3520773,3729705,208932
RETRIEVE,1668627,1823891,155264
RETRIEVE,181921,362835,180914
DELETE,2390379,3275886,885507
RETRIEVE,4194170,4347022,152852
DELETE,1219575,1882836,663261
RETRIEVE,2480389,2671331,190942
RETRIEVE,3770181,3930423,160242
RETRIEVE,2091070,2189548,98478
DELETE,3575725,4588609,1012884
ADD,1695260,2715463,1020203
ADD,299459,911015,611556
RETRIEVE,317878,501126,183248
RETRIEVE,3865608,4048992,183384
ADD,2146205,3015730,869525
DELETE,1558786,2340188,781402
ADD,4111496,4816225,704729
ADD,1872085,3220333,1348248
DELETE,3508940,4097761,588821
RETRIEVE,520362,605352,84990
RETRIEVE,1498305,1640041,141736
DELETE,3040496,4607098,1566602
ADD,1441699,1935504,493805
DELETE,1766685,1868390,101705
DELETE,647270,1576783,929513
RETRIEVE,941547,1105907,164360
ADD,3990723,4787309,796586
ADD,673610,1377450,703840
RETRIEVE,360715,461057,100342
DELETE,3418772,4514906,1096134
RETRIEVE,2356360,2564798,208438
ADD,1833100,2670737,837637
RETRIEVE,4318801,4478871,160070
RETRIEVE,2833995,2999477,165482
RETRIEVE,2326982,2478234,151252
DELETE,2001580,3449986,1448406
DELETE,3302152,4253427,951275
RETRIEVE,2667312,2859946,192634
RETRIEVE,3334940,3456014,121074
RETRIEVE,1557544,1702130,144586
ADD,1630485,2526220,895735
RETRIEVE,3151573,3287739,136166
RETRIEVE,3890859,4163071,272212
ADD,2441699,3215170,773471
RETRIEVE,1012344,1225750,213406
DELETE,3523972,4446120,922148
DELETE,3569967,4218980,649013
RETRIEVE,1430458,1620378,189920
DELETE,3044241,3778774,734533
ADD,3423714,4027377,603663
RETRIEVE,4054014,4188840,134826
DELETE,3194299,4296418,1102119
ADD,3544894,4513827,968933
ADD,656726,1452923,796197
ADD,2472067,3486294,1014227
RETRIEVE,2176751,2451879,275128
ADD,1852696,2674120,821424
DELETE,3144980,3500485,355505
DELETE,2033379,2985395,952016
ADD,3674059,4371655,697596
DELETE,2171537,3088126,916589
DELETE,2887642,4005770,1118128
RETRIEVE,3292039,3585997,293958
ADD,2528691,3409278,880587
DELETE,853326,1909410,1056084
ADD,3205650,3920413,714763
RETRIEVE,729657,937129,207472
DELETE,660228,1026100,365872
DELETE,608580,1531617,923037
DELETE,530606,1814670,1284064
RETRIEVE,1224296,1373092,148796
ADD,725700,1757585,1031885
RETRIEVE,3913967,4087735,173768
RETRIEVE,2680498,2991152,310654
RETRIEVE,1983810,2111460,127650
ADD,3273584,3576615,303031
DELETE,1343658,2335965,992307
RETRIEVE,2991418,3208786,217368
ADD,3716356,4637929,921573
ADD,326982,1045237,718255
RETRIEVE,3872574,4072400,199826
RETRIEVE,2785459,3052335,266876
ADD,2734114,3126844,392730
DELETE,1290271,2010425,720154
DELETE,1499537,2432153,932616
DELETE,3757136,4732128,974992
ADD,222510,1736462,1513952
RETRIEVE,1847911,1993005,145094
ADD,2155379,3253570,1098191
ADD,3098653,3618816,520163
DELETE,1184335,2073390,889055
DELETE,2137258,2430515,293257
DELETE,3101557,3910261,808704
RETRIEVE,1234315,1391959,157644
RETRIEVE,1986829,2336889,350060
RETRIEVE,2098413,2456141,357728
RETRIEVE,463149,625245,162096
RETRIEVE,4426551,4601743,175192
RETRIEVE,224296,353572,129276
ADD,922123,1940964,1018841
DELETE,2232638,3089323,856685
RETRIEVE,676621,896875,220254
DELETE,2608160,3554645,946485
RETRIEVE,469104,624006,154902
DELETE,1406064,2381973,975909
RETRIEVE,3687328,3963492,276164
RETRIEVE,3317878,3555680,237802
RETRIEVE,1481414,1679180,197766
ADD,1701390,2614236,912846
DELETE,286197,1242920,956723
ADD,4040313,4487240,446927
ADD,190823,1036900,846077
DELETE,657407,1501918,844511
RETRIEVE,4651126,4769290,118164
DELETE,1940663,2758493,817830
ADD,3807396,4638696,831300
DELETE,3765420,4548980,783560
DELETE,3074989,4406061,1331072
DELETE,1652752,2197929,545177
RETRIEVE,4192272,4293416,101144
DELETE,1572706,2396530,823824
RETRIEVE,1372638,1639936,267298
DELETE,1292197,2098233,806036
DELETE,2597461,3669304,1071843
DELETE,3095066,3972994,877928
ADD,763060,912181,149121
DELETE,1534467,2320084,785617
ADD,3593714,4138789,545075
RETRIEVE,1250930,1452656,201726
ADD,3268480,3848686,580206
DELETE,1958454,2846332,887878
DELETE,2776142,4184035,1407893
DELETE,2957741,3904319,946578
RETRIEVE,2089776,2284424,194648
RETRIEVE,2348464,2467212,118748
RETRIEVE,2430458,2617778,187320
RETRIEVE,4230873,4234819,3946
DELETE,4266573,4767651,501078
ADD,1507148,2520032,1012884
RETRIEVE,2481414,2731328,249914
RETRIEVE,2685339,2877819,192480
RETRIEVE,4088332,4271158,182826
ADD,497336,1714084,1216748
RETRIEVE,287516,525804,238288
RETRIEVE,1453612,1770876,317264
ADD,1992015,2920944,928929
DELETE,2231730,3041639,809909
RETRIEVE,2989124,3180856,191732
ADD,2520362,3220144,699782
DELETE,1052829,1684091,631262
DELETE,1931422,2828972,897550
DELETE,560641,1097609,536968
RETRIEVE,1502047,1730209,228162
ADD,2936712,3805468,868756
DELETE,1735916,2715216,979300
RETRIEVE,4403,172805,168402
RETRIEVE,4075535,4230845,155310
RETRIEVE,608160,728086,119926
DELETE,2075535,3172114,1096579
RETRIEVE,1098413,1409031,310618
ADD,1475300,2420377,945077
ADD,2014863,2658928,644065
DELETE,544366,1399995,855629
DELETE,419137,1424025,1004888
RETRIEVE,339671,523163,183492
RETRIEVE,1202689,1416795,214106
RETRIEVE,1161877,1355961,194084
ADD,1834660,2487610,652950
ADD,363130,992873,629743
RETRIEVE,4544894,4789854,244960
RETRIEVE,2174069,2422785,248716
DELETE,1182425,2440178,1257753
RETRIEVE,3238339,3415787,177448
ADD,1035079,1905179,870100
RETRIEVE,2418165,2575009,156844
ADD,2574515,3522872,948357
RETRIEVE,3746733,3859893,113160
ADD,1213881,2590765,1376884
DELETE,1571501,2746281,1174780
ADD,1765420,2584269,818849
DELETE,254033,1021390,767357
ADD,454491,1488998,1034507
DELETE,3422546,4551143,1128597
DELETE,219557,1558374,1338817
DELETE,2055050,2734848,679798
RETRIEVE,4620665,4783005,162340
RETRIEVE,292039,398899,106860
RETRIEVE,808868,988666,179798
DELETE,2790905,3360808,569903
DELETE,2544366,3262603,718237
RETRIEVE,1248779,1385003,136224
RETRIEVE,1981288,2131384,150096
RETRIEVE,1593556,1651004,57448
ADD,1174069,1960983,786914
ADD,1373920,2283588,909668
DELETE,3102562,3739892,637330
ADD,3065825,3808242,742417
DELETE,2651156,3628733,977577
ADD,3219557,3808249,588692
ADD,1983284,2805357,822073
RETRIEVE,2438780,2656380,217600
ADD,603866,1529052,925186
DELETE,1664519,2772345,1107826
ADD,2846038,3232283,386245
RETRIEVE,3647270,3909892,262622
RETRIEVE,1408733,1541845,133112
RETRIEVE,3996456,4145596,149140
ADD,1368883,2556717,1187834
ADD,1546593,2445830,899237
RETRIEVE,4137485,4315969,178484
RETRIEVE,682992,838672,155680
RETRIEVE,2618305,2851979,233674
RETRIEVE,1613996,1874328,260332
ADD,2432720,3285829,853109
RETRIEVE,4101557,4334037,232480
RETRIEVE,98653,252609,153956
DELETE,1419838,2130459,710621
RETRIEVE,2497336,2713494,216158
ADD,3457312,4102035,644723
DELETE,356360,1422542,1066182
DELETE,3520362,4250337,729975
DELETE,1337065,1999604,662539
DELETE,2095175,3051129,955954
ADD,2366014,3076608,710594
ADD,2668402,3312847,644445
RETRIEVE,3667312,3838712,171400
RETRIEVE,2243200,2373920,130720
RETRIEVE,4476459,4699869,223410
RETRIEVE,3364293,3641105,276812
ADD,3840508,4867511,1027003
RETRIEVE,230632,468724,238092
ADD,2497882,3559858,1061976
RETRIEVE,1401771,1562333,160562
DELETE,3401771,4254389,852618
RETRIEVE,748056,917188,169132
RETRIEVE,3498305,3674545,176240
DELETE,255715,1380069,1124354
RETRIEVE,620665,769441,148776
RETRIEVE,2979265,3165501,186236
RETRIEVE,1222510,1385472,162962
RETRIEVE,2349264,2513266,164002
DELETE,3596907,4512912,916005
RETRIEVE,2665991,2916303,250312
RETRIEVE,921018,1092728,171710
ADD,3233426,3772877,539451
RETRIEVE,313105,538645,225540
RETRIEVE,2663943,2845845,181902
DELETE,14863,560299,545436
RETRIEVE,1558562,1701076,142514
DELETE,1646944,2709124,1062180
RETRIEVE,2090303,2218169,127866
RETRIEVE,3257338,3490386,233048
ADD,1859382,2679092,819710
ADD,716356,1792729,1076373
RETRIEVE,696765,852597,155832
DELETE,557544,1161763,604219
DELETE,2409780,3816125,1406345
ADD,62288,1002353,940065
ADD,348464,1075354,726890
ADD,2193572,3345914,1152342
ADD,2542006,3000273,458267
RETRIEVE,3233581,3410685,177104
RETRIEVE,3190823,3400671,209848
ADD,3210721,3824649,613928
DELETE,3593556,4704893,1111337
RETRIEVE,1688909,1826471,137562
ADD,1438780,2164123,725343
ADD,1684130,2677883,993753
DELETE,1521008,2212165,691157
DELETE,2834916,3510064,675148
ADD,1403856,2405076,1001220
RETRIEVE,3140994,3348596,207602
ADD,2306506,3619308,1312802
DELETE,3754973,4423756,668783
ADD,1187450,1977125,789675
ADD,1647330,2440498,793168
ADD,238523,1470873,1232350
RETRIEVE,889131,1072763,183632
RETRIEVE,1119847,1283797,163950
RETRIEVE,4343810,4528140,184330
ADD,202689,1054640,851951
RETRIEVE,2239967,2450521,210554
ADD,2696765,3455728,758963
ADD,992015,1881950,889935
ADD,2770725,3443029,672304
DELETE,3334256,4304727,970471
ADD,1267984,2290392,1022408
RETRIEVE,560340,756910,196570
RETRIEVE,2789846,3052948,263102
DELETE,263378,899745,636367
DELETE,4004403,4728384,723981
RETRIEVE,1625100,1849222,224122
RETRIEVE,1210721,1475689,264968
RETRIEVE,2652241,2778549,126308
DELETE,3290271,4332699,1042428
RETRIEVE,3866957,4211771,344814
ADD,1233781,2230063,996282
ADD,2264427,2999729,735302
DELETE,777612,1595293,817681
DELETE,1528439,2270152,741713
DELETE,1692556,2411738,719182
ADD,2754973,3916755,1161782
DELETE,2343889,3003491,659602
DELETE,90303,1705608,1615305
ADD,2171355,2914763,743408
ADD,2855776,3569547,713771
RETRIEVE,3887283,4004591,117308
DELETE,3455987,4692997,1237010
RETRIEVE,3511480,3773640,262160
ADD,4190823,4617137,426314
DELETE,3231730,3886348,654618
RETRIEVE,4233781,4410521,176740
ADD,220884,1218213,997329
ADD,1992864,2523162,530298
ADD,2766685,3392184,625499
ADD,3202026,4336459,1134433
RETRIEVE,4459222,4623742,164520
RETRIEVE,4667312,4833966,166654
DELETE,701414,1792332,1090918
RETRIEVE,4624441,4758449,134008
DELETE,931886,2109066,1177180
DELETE,702088,1622133,920045
ADD,2872085,3688868,816783
RETRIEVE,2495492,2664974,169482
RETRIEVE,3497882,3640860,142978
ADD,812737,1766662,953925
RETRIEVE,3222024,3390224,168200
RETRIEVE,4173432,4340992,167560
RETRIEVE,599925,680199,80274
DELETE,581104,1483574,902470
RETRIEVE,1526961,1737317,210356
ADD,314363,1391950,1077587
DELETE,1887836,2461510,573674
DELETE,2763060,3626610,863550
DELETE,1318801,2366139,1047338
RETRIEVE,4455987,4691537,235550
DELETE,1580,862777,861197
ADD,3307284,4112319,805035
DELETE,3265417,4515712,1250295
RETRIEVE,1305930,1514184,208254
RETRIEVE,75492,305858,230366
DELETE,2091812,3239030,1147218
RETRIEVE,665023,918331,253308
DELETE,3192272,4182263,989991
ADD,2986829,4587812,1600983
ADD,4276085,4871317,595232
ADD,1478322,2660143,1181821
RETRIEVE,1777558,1985770,208212
DELETE,3188138,3977544,789406
ADD,1497882,2383935,886053
RETRIEVE,3979265,4134891,155626
RETRIEVE,2756722,2855246,98524
ADD,4053446,4740462,687016
DELETE,2751831,3712750,960919
DELETE,1155206,2340853,1185647
ADD,3108906,3818073,709167
DELETE,4154229,4888901,734672
ADD,2711280,3722932,1011652
ADD,231610,902783,671173
RETRIEVE,3509005,3796915,287910
RETRIEVE,1484488,1702090,217602
RETRIEVE,294055,430169,136114
ADD,1602460,2349583,747123
RETRIEVE,459222,593126,133904
DELETE,3287837,4379200,1091363
ADD,1342738,2173631,830893
ADD,2463149,2831476,368327
DELETE,3225100,4085722,860622
RETRIEVE,1947385,2100037,152652
DELETE,3040313,4084863,1044550
RETRIEVE,1216750,1421418,204668
RETRIEVE,3171355,3352161,180806
RETRIEVE,3254033,3420971,166938
ADD,3497336,4423949,926613
RETRIEVE,1218034,1409866,191832
ADD,3606602,4669597,1062995
RETRIEVE,185801,311317,125516
DELETE,2382928,3356243,973315
RETRIEVE,826758,1085868,259110
RETRIEVE,1581017,1778781,197764
DELETE,789195,1804608,1015413
ADD,1478968,2070680,591712
RETRIEVE,3403856,3560778,156922
RETRIEVE,1841241,1956849,115608
DELETE,729694,1539112,809418
DELETE,1820435,2555172,734737
DELETE,3146314,4159059,1012745
ADD,1066760,1832199,765439
RETRIEVE,1928646,2105186,176540
ADD,1035470,1471317,435847
RETRIEVE,478583,638067,159484
RETRIEVE,2245040,2404510,159470
ADD,422546,1330084,907538
DELETE,3581828,4281221,699393
RETRIEVE,935942,1096928,160986
DELETE,1867824,2492823,624999
DELETE,1947266,2709639,762373
ADD,666804,1568690,901886
RETRIEVE,4080782,4337340,256558
DELETE,3979461,4652246,672785
ADD,292584,1161127,868543
RETRIEVE,2880594,3104200,223606
RETRIEVE,438780,612432,173652
RETRIEVE,2213881,2247525,33644
DELETE,1742657,2650593,907936
ADD,669572,1421958,752386
RETRIEVE,2713114,2826432,113318
RETRIEVE,3090372,3275778,185406
RETRIEVE,1915029,2143057,228028
ADD,1080527,2256623,1176096
DELETE,2142993,3431078,1288085
ADD,278083,1179524,901441
DELETE,1334940,2084815,749875
DELETE,2232687,3175689,943002
RETRIEVE,2085239,2186431,101192
DELETE,2321705,3204543,882838
ADD,1639916,2858999,1219083
RETRIEVE,2628429,2855033,226604
ADD,2082442,2709526,627084
RETRIEVE,2701414,2804538,103124
RETRIEVE,401771,529417,127646
DELETE,2090969,3139234,1048265
RETRIEVE,4687328,4896636,209308
RETRIEVE,771973,940403,168430
ADD,1544366,2433903,889537
RETRIEVE,1264427,1417487,153060
ADD,1880313,2431039,550726
RETRIEVE,1305699,1462555,156856
RETRIEVE,983600,1120354,136754
RETRIEVE,4100097,4314755,214658
RETRIEVE,1287837,1514227,226390
RETRIEVE,4209951,4371635,161684
RETRIEVE,155206,311410,156204
RETRIEVE,375291,597055,221764
DELETE,1363551,2008534,644983
DELETE,1546883,2179738,632855
RETRIEVE,121175,232257,111082
RETRIEVE,1097897,1271373,173476
DELETE,1706061,2798999,1092938
DELETE,664519,1461281,796762
RETRIEVE,2497774,2505168,7394
DELETE,2345800,3267670,921870
ADD,2793600,3788075,994475
RETRIEVE,1980104,2094452,114348
RETRIEVE,194299,354947,160648
DELETE,1245407,2015228,769821
DELETE,3638873,4329150,690277
ADD,979265,1515918,536653
ADD,4264427,4833978,569551
DELETE,2692556,3536104,843548
DELETE,986829,2702302,1715473
RETRIEVE,1913967,2140433,226466
RETRIEVE,2557544,2573940,16396
RETRIEVE,2100097,2303847,203750
RETRIEVE,2478600,2634716,156116
ADD,2771967,3163752,391785
ADD,3867824,4678075,810251
DELETE,1137610,2016039,878429
RETRIEVE,2505569,2753595,248026
DELETE,4038953,4884224,845271
DELETE,2387488,2896394,508906
ADD,2865608,3470355,604747
ADD,2549798,3299691,749893
ADD,1624441,2931657,1307216
DELETE,511933,1836232,1324299
RETRIEVE,2993065,3168857,175792
RETRIEVE,4421718,4553442,131724
RETRIEVE,3391430,3535692,144262
DELETE,1952547,3206270,1253723
RETRIEVE,290342,468378,178036
RETRIEVE,1194299,1357521,163222
RETRIEVE,1573673,1946475,372802
ADD,1949514,2448007,498493
ADD,2476459,3742374,1265915
DELETE,2041964,2190103,148139
RETRIEVE,3475300,3680354,205054
ADD,2344067,3055142,711075
RETRIEVE,4073663,4134367,60704
ADD,874783,1948645,1073862
DELETE,2865406,4180246,1314840
ADD,283119,910286,627167
RETRIEVE,2478968,2608522,129554
RETRIEVE,3260841,3595995,335154
ADD,2940969,3883091,942122
DELETE,1265417,2093817,828400
RETRIEVE,3659908,3860762,200854
ADD,2879213,3484572,605359
RETRIEVE,1937063,2080617,143554
RETRIEVE,3630485,3924215,293730
ADD,1596907,2283478,686571
ADD,2056428,3149329,1092901
ADD,3502047,4477530,975483
DELETE,1069292,1695338,626046
DELETE,4129491,4129491,0
RETRIEVE,802422,973382,170960
RETRIEVE,4069292,4169974,100682
ADD,1233072,2115716,882644
DELETE,696022,1886793,1190771
RETRIEVE,1478600,1714722,236122
RETRIEVE,1752398,1964420,212022
RETRIEVE,1858771,1951143,92372
DELETE,2640637,3159984,519347
ADD,1371455,2272859,901404
RETRIEVE,4606602,4870872,264270
RETRIEVE,3620339,3775373,155034
DELETE,2359822,3276096,916274
RETRIEVE,59997,353839,293842
RETRIEVE,3842891,4049259,206368
ADD,2974725,4071730,1097005
DELETE,917240,1762168,844928
RETRIEVE,2248779,2384523,135744
ADD,1681454,2054312,372858
RETRIEVE,2080782,2362048,281266
ADD,1530606,2850718,1320112
ADD,95175,791807,696632
RETRIEVE,625100,787374,162274
DELETE,1618971,1965981,347010
DELETE,3202433,4059396,856963
RETRIEVE,4834660,4862802,28142
RETRIEVE,3398856,3570696,171840
ADD,3778770,4869225,1090455
ADD,2746733,3571919,825186
ADD,4059446,4561154,501708
RETRIEVE,3320315,3489319,169004
ADD,1248475,2193209,944734
DELETE,2367359,3316123,948764
RETRIEVE,645909,792313,146404
ADD,1029366,1776184,746818
ADD,1905304,2889255,983951
ADD,1663709,1663709,0
ADD,1993185,2580154,586969
RETRIEVE,3822639,4045691,223052
ADD,92225,690885,598660
ADD,2677690,3179129,501439
RETRIEVE,2543750,2757296,213546
RETRIEVE,3438780,3515194,76414
ADD,1653848,2565768,911920
DELETE,3049450,3988283,938833
ADD,3629706,4487975,858269
DELETE,1494646,2249616,754970
ADD,3245040,4095129,850089
DELETE,497774,1245555,747781
RETRIEVE,2005934,2188664,182730
DELETE,2593556,3752448,1158892
ADD,3883573,4567151,683578
DELETE,3192811,3720450,527639
DELETE,3729330,4719497,990167
RETRIEVE,3472067,3734221,262154
RETRIEVE,927827,1073709,145882
RETRIEVE,2040388,2274420,234032
RETRIEVE,3382928,3537994,155066
ADD,3170722,3688226,517504
ADD,254666,1208878,954212
RETRIEVE,2528118,2684226,156108
ADD,2467956,3650630,1182674
RETRIEVE,4181389,4361009,179620
RETRIEVE,1628943,1806785,177842
RETRIEVE,1754973,2019789,264816
RETRIEVE,1957618,2139498,181880
RETRIEVE,2302389,2551497,249108
RETRIEVE,2928646,3138038,209392
ADD,1122345,1659091,536746
ADD,2842891,3342755,499864
RETRIEVE,1354113,1555235,201122
RETRIEVE,2660218,2868728,208510
RETRIEVE,1409581,1608583,199002
ADD,3283119,3800539,517420
DELETE,3660240,4634296,974056
DELETE,1673610,2413822,740212
RETRIEVE,983810,1108458,124648
RETRIEVE,642499,812123,169624
RETRIEVE,2927827,3121917,194090
DELETE,440478,1407771,967293
RETRIEVE,1890859,2126955,236096
ADD,205650,888756,683106
DELETE,2267072,3142545,875473
ADD,129491,1009161,879670
DELETE,1320315,1728618,408303
RETRIEVE,1038953,1229207,190254
ADD,4248581,4896158,647577
RETRIEVE,1710071,1878425,168354
RETRIEVE,2645679,2784785,139106
ADD,2889131,3794325,905194
RETRIEVE,3618305,3881401,263096
DELETE,3537231,4401559,864328
RETRIEVE,3664908,3821040,156132
ADD,983783,2289405,1305622
ADD,2817254,3613081,795827
DELETE,2188298,2848057,659759
RETRIEVE,1243006,1377962,134956
RETRIEVE,1171537,1343277,171740
ADD,1950506,2755921,805415
DELETE,273584,708828,435244
RETRIEVE,1420691,1627009,206318
DELETE,2949750,3928420,978670
RETRIEVE,758764,949596,190832
DELETE,3421718,4139075,717357
ADD,280987,1042081,761094
ADD,1201761,1940305,738544
DELETE,3679816,4626014,946198
RETRIEVE,3231610,3391200,159590
DELETE,2978846,4004895,1026049
DELETE,495492,1530138,1034646
DELETE,240322,1221067,980745
DELETE,3978846,4479572,500726
RETRIEVE,4660228,4819570,159342
RETRIEVE,44241,312583,268342
ADD,4187552,4823817,636265
RETRIEVE,2537161,2689865,152704
DELETE,2188138,3055282,867144
RETRIEVE,3122345,3242833,120488
RETRIEVE,4069220,4198286,129066
ADD,3403487,4212497,809010
DELETE,135287,804783,669496
DELETE,1713114,2363285,650171
RETRIEVE,1108455,1315709,207254
RETRIEVE,4555759,4619905,64146
RETRIEVE,59144,250806,191662
RETRIEVE,1175256,1320144,144888
DELETE,1039678,1784115,744437
RETRIEVE,2571196,2736642,165446
RETRIEVE,3343658,3571602,227944
DELETE,487338,1349331,861993
RETRIEVE,2197135,2359363,162228
ADD,2427080,3086024,658944
RETRIEVE,3651126,3898784,247658
ADD,620235,1327660,707425
DELETE,751831,2035246,1283415
RETRIEVE,1758764,1969156,210392
ADD,1220884,2128848,907964
RETRIEVE,2838943,2952897,113954
RETRIEVE,3803388,4101600,298212
RETRIEVE,1567514,1679934,112420
ADD,3818101,4590331,772230
RETRIEVE,1787903,1909693,121790
DELETE,3059997,4204677,1144680
RETRIEVE,3974925,4137245,162320
RETRIEVE,4726028,4865130,139102
ADD,1674059,2328695,654636
ADD,406660,1197771,791111
RETRIEVE,912016,1136290,224274
ADD,981288,2144858,1163570
RETRIEVE,1035467,1124203,88736
RETRIEVE,71912,341128,269216
RETRIEVE,2254258,2392766,138508
RETRIEVE,1063717,1278669,214952
DELETE,2257338,2601513,344175
ADD,3268180,4347860,1079680
RETRIEVE,2019887,2252411,232524
ADD,2181389,2855647,674258
RETRIEVE,260841,494561,233720
RETRIEVE,4082442,4274310,191868
ADD,1785889,2849579,1063690
RETRIEVE,1422546,1613360,190814
RETRIEVE,4652752,4799154,146402
RETRIEVE,3349264,3430240,80976
RETRIEVE,1337421,1488785,151364
RETRIEVE,4618347,4815991,197644
DELETE,2059144,2844946,785802
RETRIEVE,1606602,1789242,182640
ADD,3937063,4822153,885090
ADD,2674059,3745290,1071231
DELETE,818101,1648642,830541
DELETE,2238523,3556208,1317685
ADD,1001580,1838365,836785
DELETE,14179,574762,560583
RETRIEVE,604031,685993,81962
DELETE,395182,1331828,936646
RETRIEVE,3949514,4122958,173444
ADD,4121552,4746088,624536
RETRIEVE,834660,994054,159394
DELETE,2878772,3492941,614169
DELETE,2373920,2957164,583244
DELETE,233426,1135155,901729
DELETE,3019887,3941432,921545
RETRIEVE,558310,793552,235242
RETRIEVE,1467956,1686184,218228
RETRIEVE,338906,483594,144688
DELETE,2474862,3164147,689285
RETRIEVE,1292039,1584395,292356
DELETE,2502047,2905227,403180
DELETE,2956235,3761938,805703
DELETE,2050246,2869716,819470
RETRIEVE,620339,817327,196988
RETRIEVE,1956235,2141425,185190
RETRIEVE,593714,709122,115408
ADD,2012344,2975070,962726
ADD,409581,1758209,1348628
ADD,1667799,2712034,1044235
RETRIEVE,4555980,4754774,198794
RETRIEVE,624441,791067,166626
ADD,2255715,3475039,1219324
ADD,733491,1857539,1124048
ADD,2121175,2867159,745984
ADD,2905304,3917548,1012244
RETRIEVE,123538,343726,220188
DELETE,1313105,2537228,1224123
DELETE,1321705,2224119,902414
RETRIEVE,4014863,4231273,216410
DELETE,872574,1856960,984386
ADD,3088935,3704410,615475
ADD,663943,1355294,691351
DELETE,1419137,1968862,549725
RETRIEVE,2248475,2471997,223522
DELETE,848537,1617710,769173
DELETE,54531,870860,816329
RETRIEVE,4581828,4774654,192826
ADD,338607,1614398,1275791
RETRIEVE,558786,725404,166618
DELETE,3555759,4195859,640100
ADD,1974925,3160684,1185759
ADD,1608160,2308118,699958
ADD,1696022,2867810,1171788
DELETE,2038953,2993044,954091
ADD,1344067,1960200,616133
RETRIEVE,3972228,4157166,184938
DELETE,1793600,3012859,1219259
DELETE,2546883,3862427,1315544
DELETE,67442,928138,860696
ADD,3397129,4345866,948737
RETRIEVE,1392900,1563056,170156
DELETE,2858771,3259403,400632
RETRIEVE,2608580,2825714,217134
RETRIEVE,1771973,1897451,125478
RETRIEVE,1530951,1740731,209780
RETRIEVE,376799,510161,133362
DELETE,3121175,3998557,877382
RETRIEVE,382928,580562,197634
DELETE,3433245,4328831,895586
RETRIEVE,4354113,4539697,185584
RETRIEVE,4224296,4358584,134288
DELETE,3418027,4306609,888582
ADD,3053446,3814401,760955
ADD,2250930,3227404,976474
DELETE,2108455,2927943,819488
ADD,1238339,1983489,745150
DELETE,2836291,4215223,1378932
RETRIEVE,4307284,4496456,189172
ADD,3171537,4018717,847180
DELETE,947385,1551863,604478
DELETE,4308882,4884094,575212
ADD,3555980,4504253,948273
ADD,235124,955010,719886
RETRIEVE,1459222,1690082,230860
RETRIEVE,4367359,4648123,280764
ADD,192811,876065,683254
DELETE,1179608,2168802,989194
RETRIEVE,1874783,2087969,213186
ADD,1026046,1899157,873111
ADD,2606602,3377980,771378
ADD,3867776,4314027,446251
ADD,628943,1276677,647734
RETRIEVE,847911,977511,129600
RETRIEVE,1152247,1267075,114828
RETRIEVE,3620665,3845735,225070
ADD,1900859,2685179,784320
DELETE,3435737,4119408,683671
DELETE,2899897,3560963,661066
DELETE,3608099,3990777,382678
ADD,2403487,2803675,400188
RETRIEVE,2474746,2672874,198128
RETRIEVE,958715,1144593,185878
DELETE,254258,1117048,862790
ADD,836291,2079545,1243254
ADD,3054014,3880478,826464
ADD,3525518,4089853,564335
RETRIEVE,4665991,4825539,159548
ADD,387178,1366043,978865
RETRIEVE,225113,439369,214256
DELETE,3713694,4650146,936452
DELETE,146205,807456,661251
DELETE,1725700,2555527,829827
RETRIEVE,620940,768246,147306
DELETE,3325970,4405234,1079264
ADD,1193572,1655915,462343
RETRIEVE,4523972,4684158,160186
ADD,3625578,4564995,939417
ADD,3475922,4460327,984405
DELETE,1082318,1895747,813429
RETRIEVE,418027,418027,0
ADD,3184335,3824565,640230
DELETE,3921018,4662888,741870
DELETE,2222510,3110222,887712
RETRIEVE,822670,1028712,206042
RETRIEVE,4004836,4164234,159398
DELETE,3889131,4717578,828447
DELETE,2088305,2880963,792658
RETRIEVE,1225100,1437902,212802
ADD,2942984,3939534,996550
DELETE,2266573,3033930,767357
RETRIEVE,2144877,2234077,89200
RETRIEVE,2310715,2504843,194128
RETRIEVE,2071666,2149718,78052
RETRIEVE,1528118,1745490,217372
ADD,2408733,2994914,586181
ADD,2534467,3349026,814559
ADD,2520926,3321746,800820
DELETE,1117384,2137966,1020582
ADD,2887836,3834710,946874
RETRIEVE,3041964,3204918,162954
DELETE,2469104,3267099,797995
RETRIEVE,4263378,4421446,158068
RETRIEVE,4494646,4680162,185516
DELETE,1729330,2499049,769719
DELETE,1151893,1808549,656656
DELETE,499537,1598191,1098654
ADD,1746733,2480812,734079
ADD,56048,784883,728835
DELETE,2655627,3096764,441137
RETRIEVE,4599925,4767495,167570
RETRIEVE,3091812,3312528,220716
DELETE,2775572,4041931,1266359
RETRIEVE,4546780,4720144,173364
RETRIEVE,712803,861885,149082
DELETE,2353827,3307103,953276
RETRIEVE,667312,855108,187796
RETRIEVE,1343810,1523584,179774
ADD,453755,1593793,1140038
DELETE,213881,1206411,992530
DELETE,822639,1618568,795929
ADD,2683598,3400510,716912
DELETE,2681038,3163476,482438
RETRIEVE,1784087,1863911,79824
DELETE,2066760,2887137,820377
ADD,432720,1487646,1054926
RETRIEVE,1963467,2079339,115872
DELETE,1203874,2516658,1312784
RETRIEVE,4056428,4231058,174630
ADD,3137610,3867974,730364
RETRIEVE,346194,536740,190546
DELETE,2557319,3621861,1064542
ADD,2992864,3450751,457887
RETRIEVE,1685030,1994126,309096
DELETE,2983810,3877136,893326
DELETE,3278083,4600502,1322419
ADD,2395182,3026648,631466
DELETE,3667641,4236034,568393
RETRIEVE,2172560,2385506,212946
ADD,3292584,4308645,1016061
ADD,652752,1288350,635598
RETRIEVE,2493852,2637312,143460
DELETE,1055030,1946818,891788
DELETE,2612426,3480793,868367
DELETE,2940064,3509217,569153
RETRIEVE,4497336,4667138,169802
ADD,1912016,3070695,1158679
ADD,2638997,3438909,799912
DELETE,3302389,4237386,934997
DELETE,1742198,2209609,467411
ADD,2083468,2874681,791213
RETRIEVE,4017694,4082086,64392
RETRIEVE,681062,914024,232962
ADD,2887283,3543142,655859
RETRIEVE,1158453,1359469,201016
RETRIEVE,2787903,2924255,136352
ADD,3012253,3678007,665754
ADD,3722150,4426221,704071
ADD,937249,2208472,1271223
ADD,2364293,3237330,873037
RETRIEVE,1537231,1700407,163176
ADD,1363130,1797374,434244
RETRIEVE,4366014,4579804,213790
RETRIEVE,2904193,3056191,151998
RETRIEVE,669212,949426,280214
RETRIEVE,194170,415672,221502
RETRIEVE,1560340,1729342,169002
DELETE,1423665,1808381,384716
DELETE,2685030,3055043,370013
RETRIEVE,2558562,2772690,214128
ADD,3310715,3751972,441257
RETRIEVE,3942984,4187822,244838
RETRIEVE,2511933,2711371,199438
ADD,1832752,3030036,1197284
DELETE,2688685,3400474,711789
RETRIEVE,3698766,3888284,189518
DELETE,308882,965492,656610
RETRIEVE,2841965,3069923,227958
RETRIEVE,1902750,2091508,188758
RETRIEVE,3893021,4091317,198296
DELETE,2665303,3696428,1031125
ADD,2324152,2925740,601588
RETRIEVE,4023468,4172940,149472
ADD,3604031,4424149,820118
ADD,3176154,3954925,778771
RETRIEVE,2687328,3001722,314394
ADD,2509005,3928765,1419760
RETRIEVE,3865406,4085798,220392
RETRIEVE,3953635,4208909,255274
ADD,3300968,4316798,1015830
ADD,3478583,4751474,1272891
DELETE,1051651,1591917,540266
DELETE,1102519,2004804,902285
DELETE,2684746,3608885,924139
RETRIEVE,2625100,2834128,209028
ADD,1536292,2774256,1237964
RETRIEVE,3478600,3623100,144500
RETRIEVE,2292197,2464817,172620
RETRIEVE,597461,806679,209218
ADD,2981288,4158672,1177384
DELETE,1085490,2283543,1198053
RETRIEVE,633008,859820,226812
RETRIEVE,2822670,3073096,250426
RETRIEVE,4632401,4819489,187088
ADD,1463149,2294079,830930
ADD,2487338,4071191,1583853
ADD,2647270,3584120,936850
RETRIEVE,3519729,3813425,293696
RETRIEVE,102562,220078,117516
RETRIEVE,3507148,3689640,182492
ADD,474746,1811413,1336667
DELETE,526961,1293327,766366
DELETE,2454491,3384773,930282
ADD,3205168,4346244,1141076
DELETE,3941547,4875386,933839
RETRIEVE,4185801,4439855,254054
DELETE,232638,1012122,779484
DELETE,1391430,2499840,1108410
ADD,3336860,4726038,1389178
RETRIEVE,3175133,3278175,103042
DELETE,3067442,3815575,748133
DELETE,2055030,3190214,1135184
RETRIEVE,3243006,3415738,172732
ADD,1135422,2240978,1105556
ADD,2302822,2687909,385087
DELETE,3531837,4640034,1108197
RETRIEVE,1249406,1453710,204304
ADD,3546883,4639172,1092289
DELETE,2201761,3100358,898597
RETRIEVE,4119847,4351679,231832
RETRIEVE,3535083,3722805,187722
DELETE,3394635,4180660,786025
DELETE,1693962,2516591,822629
RETRIEVE,3947078,4076718,129640
DELETE,3366014,4249353,883339
RETRIEVE,638997,908731,269734
RETRIEVE,324152,435846,111694
RETRIEVE,2971824,3254582,282758
RETRIEVE,3880594,4029956,149362
DELETE,1364293,2606945,1242652
RETRIEVE,3055030,3344984,289954
RETRIEVE,3624441,3841665,217224
ADD,4756722,4841399,84677
ADD,420691,705101,284410
ADD,137610,933020,795410
ADD,332146,1748775,1416629
ADD,752398,1815625,1063227
ADD,2833100,4109224,1276124
ADD,3750642,4510569,759927
RETRIEVE,946010,1092380,146370
DELETE,4098653,4528413,429760
RETRIEVE,267984,537344,269360
RETRIEVE,12344,194824,182480
RETRIEVE,3294842,3531552,236710
DELETE,1453755,1918989,465234
RETRIEVE,697729,852439,154710
RETRIEVE,1632788,1782538,149750
RETRIEVE,2712929,2953481,240552
RETRIEVE,479190,648586,169396
ADD,1546780,2191892,645112
RETRIEVE,1953635,2277993,324358
DELETE,1135287,1972044,836757
ADD,2154229,3083325,929096
RETRIEVE,3164799,3265777,100978
DELETE,2741049,3630808,889759
ADD,3837289,4730578,893289
RETRIEVE,2695260,2868332,173072
RETRIEVE,4090372,4303502,213130
RETRIEVE,154229,414485,260256
DELETE,3642499,4374910,732411
ADD,2827935,3700666,872731
ADD,1982500,2992623,1010123
RETRIEVE,1697729,1859977,162248
ADD,732710,1403049,670339
DELETE,793600,1882008,1088408
ADD,3089776,4260656,1170880
DELETE,1998362,3000295,1001933
DELETE,3055050,4097515,1042465
RETRIEVE,4660066,4872740,212674
RETRIEVE,3493852,3656264,162412
RETRIEVE,4558786,4732440,173654
RETRIEVE,3887281,4059817,172536
RETRIEVE,2394254,2566402,172148
RETRIEVE,574515,700301,125786
RETRIEVE,746733,901725,154992
ADD,1044447,1653280,608833
DELETE,398856,939048,540192
RETRIEVE,2785889,3023739,237850
DELETE,3253780,4096670,842890
DELETE,2009874,2653430,643556
ADD,3071666,3979963,908297
DELETE,902750,1783726,880976
RETRIEVE,4317878,4530592,212714
DELETE,706061,1906569,1200508
ADD,4102562,4546793,444231
RETRIEVE,2054014,2232712,178698
RETRIEVE,3248459,3486789,238330
DELETE,3294055,3663855,369800
RETRIEVE,3802422,4035932,233510
DELETE,2992015,3542148,550133
RETRIEVE,638663,793757,155094
DELETE,2239056,2914889,675833
RETRIEVE,3174069,3344211,170142
RETRIEVE,668402,936636,268234
ADD,1455987,2300850,844863
RETRIEVE,54014,229118,175104
ADD,4041543,4820249,778706
DELETE,3628629,4701102,1072473
RETRIEVE,1280987,1489887,208900
ADD,2175256,2313584,138328
RETRIEVE,38953,193327,154374
RETRIEVE,940340,1152928,212588
RETRIEVE,421718,640104,218386
RETRIEVE,3550130,3730654,180524
ADD,815108,2043159,1228051
DELETE,3664519,4563876,899357
ADD,3616523,4362062,745539
DELETE,1478525,2223314,744789
ADD,1121552,2192922,1071370
RETRIEVE,3871527,3989701,118174
RETRIEVE,3943630,4191132,247502
DELETE,2175133,2702346,527213
DELETE,1346194,2424828,1078634
DELETE,1622353,2524804,902451
RETRIEVE,4278083,4378699,100616
RETRIEVE,842891,998785,155894
RETRIEVE,4560641,4773977,213336
ADD,570513,1485610,915097
DELETE,963467,1449972,486505
ADD,2575523,3708520,1132997
RETRIEVE,1822670,2063056,240386
RETRIEVE,2268180,2411962,143782
ADD,2938195,3851449,913254
RETRIEVE,1758123,1961125,203002
RETRIEVE,4216080,4423354,207274
DELETE,571196,1278417,707221
RETRIEVE,2334256,2507800,173544
RETRIEVE,3474746,3668906,194160
DELETE,1176751,2088495,911744
ADD,1176154,1778196,602042
DELETE,2755954,3633623,877669
RETRIEVE,4423665,4500455,76790
RETRIEVE,1991418,2119640,128222
DELETE,2664519,3529134,864615
RETRIEVE,4339671,4502599,162928
RETRIEVE,4632788,4759154,126366
RETRIEVE,3989124,4256746,267622
DELETE,2377612,3375719,998107
DELETE,942984,1761416,818432
DELETE,3710071,4102199,392128
ADD,743449,1811466,1068017
RETRIEVE,1300968,1500908,199940
RETRIEVE,2082515,2249893,167378
RETRIEVE,3332698,3406050,73352
ADD,2710071,3492399,782328
RETRIEVE,2267984,2549084,281100
DELETE,618305,1545057,926752
RETRIEVE,1526505,1703557,177052
RETRIEVE,94945,343303,248358
RETRIEVE,612978,840776,227798
ADD,3531608,3812831,281223
ADD,2497055,3306927,809872
ADD,2927586,3811823,884237
RETRIEVE,475300,652612,177312
RETRIEVE,1827418,2071260,243842
ADD,1629706,2713444,1083738
RETRIEVE,3452454,3654310,201856
RETRIEVE,234438,423654,189216
ADD,2716356,3441949,725593
RETRIEVE,4669572,4889652,220080
RETRIEVE,4558310,4788060,229750
ADD,1845453,2392696,547243
ADD,1893950,2837165,943215
ADD,2248459,3019216,770757
ADD,1151922,1904965,753043
DELETE,1261066,1958791,697725
RETRIEVE,4569727,4777695,207968
DELETE,2496826,3013264,516438
DELETE,232165,1015160,782995
RETRIEVE,2409949,2574865,164916
RETRIEVE,1516715,1727439,210724
ADD,1030530,2048843,1018313
DELETE,1472067,2426659,954592
DELETE,16741,733690,716949
RETRIEVE,3082442,3197806,115364
DELETE,3100097,4477287,1377190
RETRIEVE,4509371,4690291,180920
RETRIEVE,277539,414513,136974
RETRIEVE,1231610,1455402,223792
DELETE,3431934,4225954,794020
RETRIEVE,3208599,3374181,165582
RETRIEVE,3161877,3384845,222968
DELETE,998362,1560279,561917
RETRIEVE,2073663,2209047,135384
DELETE,1508940,2167291,658351
DELETE,1569967,2091806,521839
DELETE,3332770,4133099,800329
DELETE,3650740,4803267,1152527
RETRIEVE,526505,661757,135252
RETRIEVE,3426722,3631868,205146
DELETE,2463945,3739152,1275207
RETRIEVE,2026080,2262930,236850
DELETE,1085239,1521188,435949
RETRIEVE,2662827,2856899,194072
DELETE,559448,1417763,858315
RETRIEVE,4292197,4461207,169010
DELETE,2343810,3115253,771443
ADD,3902750,4543100,640350
ADD,234315,1264199,1029884
ADD,647330,1607434,960104
DELETE,549798,1698202,1148404
DELETE,534819,1492459,957640
ADD,3274588,3950227,675639
RETRIEVE,3665991,3855089,189098
RETRIEVE,1755954,1935392,179438
RETRIEVE,1218645,1358399,139754
ADD,257338,909603,652265
DELETE,3693559,4639081,945522
ADD,146314,1227227,1080913
RETRIEVE,1620235,1939385,319150
RETRIEVE,1065825,1296139,230314
RETRIEVE,741049,992151,251102
RETRIEVE,1612426,1868002,255576
ADD,1889091,2955199,1066108
RETRIEVE,1669572,1875506,205934
DELETE,1421718,2298609,876891
DELETE,940663,1649283,708620
RETRIEVE,1469104,1649424,180320
RETRIEVE,337421,600575,263154
RETRIEVE,1652241,1843187,190946
DELETE,789846,1714930,925084
ADD,1381709,2120300,738591
DELETE,3182425,4100144,917719
DELETE,1710256,2832414,1122158
RETRIEVE,4526505,4631353,104848
RETRIEVE,2363130,2532028,168898
ADD,983284,1641867,658583
RETRIEVE,2368767,2544261,175494
RETRIEVE,2422546,2543118,120572
RETRIEVE,1677895,1893693,215798
DELETE,771967,1510493,738526
RETRIEVE,3017694,3127230,109536
ADD,3905563,4233275,327712
ADD,835347,1534656,699309
RETRIEVE,3224296,3375980,151684
RETRIEVE,3557544,3741774,184230
DELETE,2313105,3734728,1421623
ADD,3561010,4204853,643843
RETRIEVE,1711280,1906262,194982
DELETE,3182324,4020684,838360
RETRIEVE,1990723,2198331,207608
RETRIEVE,3990784,4222006,231222
DELETE,2421718,3196329,774611
RETRIEVE,2567514,2717820,150306
DELETE,2845453,3952278,1106825
RETRIEVE,2994409,3168487,174078
RETRIEVE,1557244,1837714,280470
DELETE,2059997,3149850,1089853
ADD,1734114,2743839,1009725
RETRIEVE,4170722,4361560,190838
DELETE,1466783,2822202,1355419
ADD,1142993,1930500,787507
RETRIEVE,3014863,3194763,179900
DELETE,2926010,3320361,394351
ADD,557244,1521980,964736
RETRIEVE,2053446,2245206,191760
DELETE,1418165,1996203,578038
DELETE,1899897,2753228,853331
ADD,3025947,4056878,1030931
DELETE,3696796,4483395,786599
DELETE,2633008,3200799,567791
ADD,3966310,4402360,436050
RETRIEVE,88332,262640,174308
RETRIEVE,2381709,2552325,170616
RETRIEVE,1310715,1510489,199774
RETRIEVE,1334256,1537540,203284
DELETE,233072,978963,745891
RETRIEVE,2203874,2360632,156758
ADD,3243200,3943093,699893
RETRIEVE,3899725,4132279,232554
RETRIEVE,618139,719411,101272
ADD,3530951,4474574,943623
RETRIEVE,1510689,1701167,190478
DELETE,445303,1095817,650514
ADD,1474974,2538664,1063690
DELETE,1647270,2496886,849616
RETRIEVE,1751831,1960185,208354
RETRIEVE,2733491,2877793,144302
ADD,2622353,3314668,692315
DELETE,1132699,2121477,988778
DELETE,2625578,3502256,876678
RETRIEVE,2016741,2157687,140946
RETRIEVE,3828526,3890986,62460
ADD,476365,1460631,984266
DELETE,2751537,3413427,661890
RETRIEVE,778770,978400,199630
ADD,248459,1024849,776390
ADD,1729036,2643170,914134
ADD,3249406,4312383,1062977
DELETE,2656726,3309676,652950
RETRIEVE,1467272,1666424,199152
ADD,786418,1955315,1168897
RETRIEVE,4683598,4781826,98228
DELETE,677895,1051586,373691
DELETE,2758123,3685690,927567
ADD,3040388,4080843,1040455
RETRIEVE,4337569,4559827,222258
ADD,2983600,3739071,755471
RETRIEVE,1409949,1557641,147692
DELETE,1581828,2137520,555692
ADD,2113180,2924941,811761
RETRIEVE,1663943,1808555,144612
RETRIEVE,4850346,4898472,48126
DELETE,1172560,2190548,1017988
RETRIEVE,3713114,3793912,80798
RETRIEVE,1656726,1782978,126252
RETRIEVE,1447104,1618720,171616
ADD,1698766,2784413,1085647
ADD,3237473,3831937,594464
RETRIEVE,4337421,4499323,161902
DELETE,523972,959244,435272
RETRIEVE,2035079,2207089,172010
RETRIEVE,3056048,3250730,194682
DELETE,3998733,4761615,762882
RETRIEVE,4233072,4409068,175996
ADD,1575523,2471897,896374
ADD,553735,1360438,806703
ADD,1822639,2750086,927447
RETRIEVE,35470,213342,177872
RETRIEVE,3968330,4046136,77806
DELETE,2696796,3072331,375535
DELETE,366014,1461713,1095699
RETRIEVE,106893,257933,151040
ADD,55030,825815,770785
RETRIEVE,833995,967539,133544
RETRIEVE,3016741,3148887,132146
ADD,3812737,4819599,1006862
DELETE,1558259,2315962,757703
DELETE,1786704,2481177,694473
DELETE,1253780,2086146,832366
ADD,1133358,1948195,814837
RETRIEVE,3685108,3837352,152244
RETRIEVE,4640580,4829136,188556
RETRIEVE,2651126,2852156,201030
RETRIEVE,4302822,4500196,197374
ADD,938680,1735081,796401
ADD,589675,1570244,980569
RETRIEVE,243006,392298,149292
DELETE,1368767,1939912,571145
DELETE,2176154,3055092,878938
RETRIEVE,2307284,2307284,0
RETRIEVE,4376799,4602711,225912
RETRIEVE,1454491,1765295,310804
DELETE,3408733,4102595,693862
RETRIEVE,4685339,4704037,18698
RETRIEVE,3387178,3554468,167290
DELETE,1696765,2361444,664679
RETRIEVE,3224445,3461387,236942
ADD,3747813,4271477,523664
RETRIEVE,3181389,3422151,240762
RETRIEVE,1790905,1963553,172648
ADD,3445303,4315597,870294
RETRIEVE,4250930,4513698,262768
DELETE,3946010,4630913,684903
ADD,442729,1227114,784385
RETRIEVE,4052829,4222195,169366
RETRIEVE,4243200,4404534,161334
ADD,2667799,3557623,889824
RETRIEVE,1946010,2166406,220396
RETRIEVE,4092225,4252575,160350
ADD,4419838,4878762,458924
RETRIEVE,261066,472618,211552
ADD,3092225,3708673,616448
DELETE,1852480,2868226,1015746
RETRIEVE,1926010,2103292,177282
ADD,987386,2376166,1388780
RETRIEVE,1700040,1905578,205538
ADD,2051597,2711681,660084
DELETE,2832752,3513681,680929
RETRIEVE,3794161,3941115,146954
ADD,650880,1626252,975372
RETRIEVE,2375291,2656997,281706
ADD,3010562,3620442,609880
DELETE,4219575,4855108,635533
RETRIEVE,1536563,1691423,154860
ADD,3530606,4853136,1322530
RETRIEVE,560385,730287,169902
RETRIEVE,1032711,1128587,95876
ADD,89776,821733,731957
RETRIEVE,791047,1044469,253422
ADD,1426722,2171094,744372
ADD,1034567,2313461,1278894
DELETE,2947266,3760547,813281
RETRIEVE,1375291,1507227,131936
RETRIEVE,2478583,2660523,181940
ADD,2305930,2980707,674777
RETRIEVE,3939255,4168567,229312
RETRIEVE,622727,833997,211270
RETRIEVE,264427,413571,149144
ADD,3080782,3686817,606035
ADD,3681062,4319309,638247
RETRIEVE,2059446,2266462,207016
RETRIEVE,1243200,1399770,156570
DELETE,95066,851204,756138
DELETE,3958454,4478487,520033
RETRIEVE,1012253,1134499,122246
DELETE,1582433,2584097,1001664
DELETE,3571501,4348854,777353
RETRIEVE,343810,612608,268798
ADD,3394254,4164677,770423
DELETE,1445303,2233551,788248
RETRIEVE,3106893,3183769,76876
DELETE,754973,1655831,900858
ADD,3773516,4779322,1005806
RETRIEVE,90969,238645,147676
ADD,1718147,2480270,762123
DELETE,845453,1303664,458211
RETRIEVE,569727,788701,218974
ADD,887836,1344203,456367
RETRIEVE,593556,815942,222386
RETRIEVE,822893,967729,144836
DELETE,836463,1444675,608212
DELETE,391430,1263531,872101
RETRIEVE,699473,954987,255514
ADD,966538,1723370,756832
DELETE,3543750,4221770,678020
RETRIEVE,3812565,4026863,214298
DELETE,3866274,4787430,921156
RETRIEVE,2237473,2398725,161252
DELETE,3155379,4099493,944114
ADD,3742657,4664962,922305
RETRIEVE,2334940,2585262,250322
DELETE,1339671,2152572,812901
RETRIEVE,751537,880521,128984
RETRIEVE,2161877,2351829,189952
RETRIEVE,1555231,1739493,184262
ADD,770725,1290776,520051
DELETE,2620235,3437574,817339
RETRIEVE,998733,1227229,228496
ADD,1684746,2549324,864578
RETRIEVE,709086,863748,154662
RETRIEVE,1188298,1405816,217518
RETRIEVE,621395,738869,117474
RETRIEVE,4230632,4475428,244796
DELETE,546593,1653150,1106557
RETRIEVE,2102519,2200595,98076
RETRIEVE,1512870,1639340,126470
RETRIEVE,74989,276991,202002
RETRIEVE,3137258,3373456,236198
RETRIEVE,3430458,3612126,181668
RETRIEVE,3239967,3436649,196682
DELETE,1520773,2380015,859242
RETRIEVE,2368838,2496962,128124
RETRIEVE,582433,744909,162476
DELETE,1327392,2302718,975326
DELETE,752995,1879118,1126123
DELETE,3581017,4420248,839231
RETRIEVE,1927586,2119032,191446
RETRIEVE,2612978,2828330,215352
RETRIEVE,2736338,2941662,205324
DELETE,2752398,4010725,1258327
RETRIEVE,1682992,1948108,265116
RETRIEVE,184335,277239,92904
RETRIEVE,3363130,3597954,234824
DELETE,2685108,3996650,1311542
RETRIEVE,362585,524739,162154
DELETE,1146205,1902658,756453
RETRIEVE,4144980,4296058,151078
RETRIEVE,3536563,3618367,81804
ADD,4077467,4657015,579548
RETRIEVE,2555231,2654841,99610
ADD,2905563,3326846,421283
RETRIEVE,1232638,1429482,196844
ADD,1955854,2851283,895429
RETRIEVE,3255133,3424555,169422
DELETE,2254033,3104418,850385
DELETE,2983662,3620446,636784
DELETE,3949072,4887368,938296
RETRIEVE,2130114,2390352,260238
RETRIEVE,119847,218631,98784
RETRIEVE,2555759,2731625,175866
DELETE,1771852,2375543,603691
ADD,1850346,2675717,825371
DELETE,2441810,3203849,762039
ADD,294842,1023270,728428
RETRIEVE,1482903,1620565,137662
RETRIEVE,3004836,3215322,210486
RETRIEVE,2433245,2610475,177230
ADD,3088305,3804568,716263
ADD,3743449,4679058,935609
ADD,871527,1373976,502449
RETRIEVE,2208599,2439467,230868
ADD,2713105,3465704,752599
RETRIEVE,2330227,2546135,215908
ADD,3700040,4401971,701931
ADD,1049450,1662341,612891
ADD,2187552,3414306,1226754
DELETE,1622727,2397644,774917
ADD,1943630,3008951,1065321
ADD,3963467,4869198,905731
DELETE,1628429,2543934,915505
RETRIEVE,2972228,3253408,281180
ADD,872085,1545806,673721
DELETE,193572,1195079,1001507
DELETE,1785893,2234571,448678
ADD,297786,987470,689684
RETRIEVE,1095175,1242175,147000
ADD,1837289,3047413,1210124
ADD,3771967,4412614,640647
ADD,3414571,4249762,835191
RETRIEVE,900859,1043057,142198
RETRIEVE,3267984,3526812,258828
RETRIEVE,2069292,2119392,50100
RETRIEVE,1893021,2135303,242282
ADD,3560385,4412595,852210
RETRIEVE,354806,491680,136874
ADD,2287708,3022964,735256
ADD,3913835,4628190,714355
RETRIEVE,4253780,4453700,199920
ADD,3449796,4398032,948236
RETRIEVE,1866274,2029168,162894
DELETE,3652752,4172090,519338
ADD,1511933,2401145,889212
RETRIEVE,352262,473520,121258
RETRIEVE,2889091,3064557,175466
ADD,1497336,2393200,895864
DELETE,4044447,4424957,380510
RETRIEVE,4534819,4725675,190856
DELETE,2387998,3072021,684023
DELETE,3982500,4125775,143275
ADD,845394,1122948,277554
RETRIEVE,2044241,2295371,251130
ADD,2220705,2921080,700375
DELETE,803388,2047976,1244588
DELETE,479208,1150956,671748
RETRIEVE,3427080,3661454,234374
ADD,1220705,2102534,881829
RETRIEVE,4268180,4354882,86702
ADD,2449796,3215643,765847
RETRIEVE,1878772,2088918,210146
RETRIEVE,1075492,1334238,258746
DELETE,467272,1175475,708203
ADD,1054014,2139568,1085554
RETRIEVE,1146314,1349014,202700
DELETE,865608,1562472,696864
RETRIEVE,4130114,4408340,278226
ADD,3015884,4236885,1221001
DELETE,2397129,3584231,1187102
RETRIEVE,2137485,2355825,218340
ADD,2199600,3071682,872082
ADD,3069761,4449360,1379599
DELETE,142993,841904,698911
RETRIEVE,2170722,2298498,127776
ADD,1623561,2534814,911253
RETRIEVE,1170722,1409178,238456
DELETE,880313,1570766,690453
RETRIEVE,3209951,3400837,190886
DELETE,3380026,4557132,1177106
DELETE,463945,1201998,738053
ADD,1971824,3233245,1261421
RETRIEVE,2342738,2524510,181772
RETRIEVE,4692556,4877698,185142
DELETE,770697,1454312,683615
RETRIEVE,233781,423415,189634
RETRIEVE,100097,418455,318358
ADD,828526,1627178,798652
ADD,3391545,4233685,842140
RETRIEVE,3052829,3222357,169528
DELETE,3137485,4259189,1121704
ADD,187450,1250241,1062791
DELETE,2893021,3783679,890658
RETRIEVE,4254033,4448091,194058
DELETE,3660228,4440889,780661
RETRIEVE,1823567,2085869,262302
ADD,2815108,4092770,1277662
ADD,1855768,2844824,989056
DELETE,3581104,4238640,657536
DELETE,1431934,2291695,859761
RETRIEVE,1071666,1266664,194998
RETRIEVE,575725,878429,302704
DELETE,1338846,2020868,682022
RETRIEVE,35079,223533,188454
RETRIEVE,2516715,2700647,183932
ADD,1983662,2660802,677140
RETRIEVE,3706061,3945737,239676
RETRIEVE,4248779,4311765,62986
ADD,735111,1603423,868312
ADD,1152856,2108578,955722
RETRIEVE,3420583,3611067,190484
ADD,1004403,1577808,573405
RETRIEVE,3823781,4036755,212974
RETRIEVE,3663709,3796341,132632
DELETE,3035467,3842179,806712
RETRIEVE,2777558,3049822,272264
ADD,1922123,2924769,1002646
RETRIEVE,571501,727987,156486
ADD,366355,1458329,1091974
DELETE,632401,1884382,1251981
ADD,2205168,2863844,658676
ADD,2414571,3604443,1189872
DELETE,3142993,3830212,687219
ADD,3299459,3999232,699773
DELETE,1281639,2467796,1186157
RETRIEVE,2917240,3169262,252022
RETRIEVE,1531837,1764821,232984
ADD,3017220,4024795,1007575
RETRIEVE,679816,872936,193120
DELETE,1662827,2431935,769108
RETRIEVE,1846038,1918100,72062
ADD,1493852,2448509,954657
RETRIEVE,3557319,3711417,154098
ADD,3125255,3713446,588191
ADD,1317878,1949131,631253
RETRIEVE,4012345,4256599,244254
DELETE,1222024,1977458,755434
RETRIEVE,3574515,3843401,268886
RETRIEVE,1422716,1675508,252792
DELETE,2931886,3721681,789795
RETRIEVE,2983783,3226073,242290
RETRIEVE,408733,577199,168466
RETRIEVE,1232165,1521281,289116
DELETE,2835347,3902567,1067220
DELETE,2137610,3030908,893298
ADD,1362585,2115452,752867
RETRIEVE,971824,1041682,69858
ADD,3030542,3972228,941686
ADD,47992,661855,613863
ADD,181793,916382,734589
DELETE,2622815,3402123,779308
DELETE,3238523,4032525,794002
RETRIEVE,2977644,3165216,187572
RETRIEVE,2368883,2654537,285654
RETRIEVE,3733491,3970415,236924
RETRIEVE,2041543,2190665,149122
DELETE,2052829,2926866,874037
ADD,3054531,3446316,391785
DELETE,3516715,4311069,794354
ADD,1197135,2154886,957751
RETRIEVE,3784087,3908827,124740
RETRIEVE,1983783,2167179,183396
ADD,17694,687237,669543
DELETE,1786418,2794271,1007853
RETRIEVE,2599925,2810219,210294
RETRIEVE,4569967,4793103,223136
ADD,1121175,1878888,757713
ADD,1382928,1985748,602820
RETRIEVE,1612426,1733862,121436
ADD,3083468,4347854,1264386
RETRIEVE,2523972,2719234,195262
DELETE,3613996,4871739,1257743
RETRIEVE,4313105,4601615,288510
DELETE,1056428,1690127,633699
DELETE,2539203,3262202,722999
RETRIEVE,1518828,1789818,270990
DELETE,476740,1066025,589285
RETRIEVE,1181389,1509857,328468
ADD,3959787,4852001,892214
DELETE,537509,1427518,890009
RETRIEVE,1645679,1858677,212998
RETRIEVE,3662506,3817260,154754
ADD,1688685,2687959,999274
RETRIEVE,275578,488460,212882
RETRIEVE,122232,227780,105548
RETRIEVE,1123538,1247102,123564
RETRIEVE,1784938,2014056,229118
RETRIEVE,988997,1091977,102980
DELETE,2069220,2896546,827326
DELETE,3308882,3595024,286142
ADD,1209951,1912169,702218
RETRIEVE,3123538,3275058,151520
DELETE,2620665,3429629,808964
DELETE,937063,1667168,730105
RETRIEVE,2245407,2399215,153808
RETRIEVE,3879213,4073635,194422
DELETE,3005934,3679220,673286
DELETE,3936712,4753421,816709
DELETE,4035470,4600435,564965
RETRIEVE,3555231,3789571,234340
DELETE,35467,585443,549976
DELETE,940969,1963784,1022815
ADD,3354113,4199097,844984
DELETE,1248459,1907755,659296
DELETE,1712803,2533014,820211
RETRIEVE,1041543,1274259,232716
RETRIEVE,4210771,4457713,246942
DELETE,1051597,1615775,564178
RETRIEVE,4067585,4225125,157540
RETRIEVE,4015884,4145988,130104
RETRIEVE,4392900,4507160,114260
DELETE,82442,498500,416058
ADD,780596,1936745,1156149
RETRIEVE,4261066,4451506,190440
DELETE,618971,1563149,944178
ADD,3992015,4885915,893900
DELETE,2192811,2975241,782430
DELETE,3211193,4094569,883376
RETRIEVE,151893,330555,178662
ADD,82515,978815,896300
DELETE,1612978,2751997,1139019
ADD,2151893,3123865,971972
RETRIEVE,4418027,4605947,187920
RETRIEVE,3792880,3993502,200622
DELETE,1469818,1837478,367660
RETRIEVE,1181793,1316801,135008
RETRIEVE,3667799,3819155,151356
ADD,1059144,1675759,616615
DELETE,1205650,2102960,897310
DELETE,2035470,3166624,1131154
ADD,1225113,2201124,976011
DELETE,1773516,2468527,695011
RETRIEVE,1359822,1517844,158022
DELETE,1332770,2138130,805360
ADD,4012344,4883463,871119
DELETE,3734114,4533554,799440
ADD,2476740,3583417,1106677
ADD,974925,1894367,919442
DELETE,2647330,4061106,1413776
RETRIEVE,345800,534658,188858
DELETE,3791047,4785995,994948
DELETE,1328661,2747828,1419167
RETRIEVE,2398856,2612294,213438
DELETE,2346194,3018442,672248
RETRIEVE,660240,894642,234402
RETRIEVE,4495492,4614758,119266
DELETE,2392900,3252272,859372
ADD,3097897,4149414,1051517
ADD,794161,1438949,644788
DELETE,2836463,3730159,893696
ADD,2220884,2816784,595900
RETRIEVE,2777612,3055702,278090
RETRIEVE,3904193,4053379,149186
DELETE,2593714,3200268,606554
RETRIEVE,792880,1010518,217638
DELETE,2192565,3390414,1197849
DELETE,1956928,2977807,1020879
RETRIEVE,4664908,4875398,210490
RETRIEVE,1838943,2042659,203716
DELETE,136292,769852,633560
RETRIEVE,531608,556680,25072
ADD,1988215,3069193,1080978
RETRIEVE,2536563,2734227,197664
DELETE,1883573,2610676,727103
RETRIEVE,3887642,4112632,224990
DELETE,659908,1404901,744993
RETRIEVE,3617905,3785729,167824
ADD,3645679,4673386,1027707
RETRIEVE,4059781,4203511,143730
DELETE,2336860,3309119,972259
RETRIEVE,4391545,4534619,143074
RETRIEVE,210721,332011,121290
ADD,2136292,2613143,476851
ADD,1592261,2536690,944429
RETRIEVE,101972,342156,240184
DELETE,1936712,2879019,942307
ADD,1349264,2042246,692982
DELETE,2067990,2781094,713104
ADD,2086160,2485477,399317
ADD,2269349,3125107,855758
DELETE,192565,1129517,936952
ADD,2983284,3667743,684459
RETRIEVE,1418027,1659743,241716
RETRIEVE,171355,300323,128968
RETRIEVE,2054531,2248437,193906
ADD,1553735,2373418,819683
RETRIEVE,1088935,1314843,225908
RETRIEVE,1570513,1738449,167936
RETRIEVE,722150,893008,170858
RETRIEVE,152247,295711,143464
ADD,1283119,1677720,394601
RETRIEVE,684130,974612,290482
ADD,3763060,4890452,1127392
DELETE,218645,1074848,856203
ADD,509371,1485299,975928
ADD,2732710,3446250,713540
ADD,2526505,3391046,864541
DELETE,921629,1571114,649485
RETRIEVE,3129491,3326319,196828
DELETE,3420905,4491460,1070555
ADD,3701390,4200115,498725
RETRIEVE,2656856,2808488,151632
DELETE,2702088,3404983,702895
ADD,2770387,3395433,625046
DELETE,1723833,2311895,588062
RETRIEVE,4676621,4876277,199656
DELETE,892509,1671447,778938
ADD,2558259,3453521,895262
DELETE,4055050,4759761,704711
RETRIEVE,3994409,4168825,174416
RETRIEVE,1077467,1221227,143760
DELETE,332770,962976,630206
RETRIEVE,4623030,4886748,263718
DELETE,990723,1446553,455830
DELETE,2233581,3348244,1114663
ADD,1040313,1885084,844771
ADD,1010562,1632912,622350
RETRIEVE,59781,240707,180926
ADD,1651126,2284361,633235
ADD,1978846,2926943,948097
DELETE,840508,1630869,790361
DELETE,724203,2071682,1347479
ADD,1784205,2628253,844048
DELETE,2848537,3751470,902933
RETRIEVE,1137258,1311472,174214
RETRIEVE,4211193,4430121,218928
ADD,354539,1198124,843585
RETRIEVE,1048947,1312007,263060
DELETE,1067442,2294066,1226624
RETRIEVE,3710256,3986472,276216
RETRIEVE,478600,632272,153672
ADD,1836463,2633457,796994
DELETE,3669572,4616456,946884
ADD,947078,1721013,773935
RETRIEVE,4232687,4449885,217198
RETRIEVE,1307284,1546438,239154
ADD,2560340,3513764,953424
DELETE,1088332,1838262,749930
DELETE,2234315,3003617,769302
DELETE,4161877,4895919,734042
ADD,528118,1130012,601894
DELETE,3346194,3852015,505821
DELETE,1727411,2395842,668431
RETRIEVE,4729657,4797097,67440
RETRIEVE,1255133,1430525,175392
ADD,2362585,2787073,424488
RETRIEVE,2108906,2226064,117158
ADD,1463945,2612136,1148191
DELETE,1939255,3011403,1072148
RETRIEVE,1553128,1763150,210022
DELETE,3685339,4322845,637506
RETRIEVE,4722150,4891346,169196
RETRIEVE,1002345,1177285,174940
RETRIEVE,2555980,2891996,336016
ADD,3747742,4781563,1033821
ADD,4040388,4834065,793677
DELETE,1387178,2183690,796512
DELETE,1938195,2683753,745558
DELETE,1409780,2191543,781763
ADD,1366355,2002972,636617
RETRIEVE,3628943,3731373,102430
ADD,2850275,4049356,1199081
ADD,3152856,4281508,1128652
DELETE,1884058,3029850,1145792
RETRIEVE,929131,1148535,219404
ADD,558562,836431,277869
DELETE,2837289,4045940,1208651
DELETE,3534467,4728749,1194282
RETRIEVE,1044241,1242851,198610
RETRIEVE,1028023,1168373,140350
DELETE,1348739,2341019,992280
RETRIEVE,3718147,3827887,109740
ADD,2080527,3025076,944549
RETRIEVE,4526961,4702561,175600
DELETE,3091070,3540211,449141
ADD,1354806,2391888,1037082
RETRIEVE,668627,822031,153404
RETRIEVE,1789195,1931121,141926
ADD,30530,767889,737359
DELETE,867776,1462397,594621
DELETE,1453519,2162445,708926
ADD,1766938,2594847,827909
ADD,269349,1125311,855962
RETRIEVE,467956,752680,284724
ADD,639916,1432546,792630
RETRIEVE,44447,187235,142788
DELETE,1224445,2368764,1144319
RETRIEVE,4684130,4822714,138584
DELETE,3453519,4369246,915727
RETRIEVE,3520926,3742012,221086
DELETE,1435737,2328970,893233
RETRIEVE,2679816,2856336,176520
RETRIEVE,3338906,3380602,41696
RETRIEVE,2699473,2842071,142598
ADD,452454,1346132,893678
ADD,3366355,4150017,783662
DELETE,2440478,3202851,762373
DELETE,3220884,4381610,1160726
ADD,3723752,4573729,849977
RETRIEVE,4176154,4277820,101666
DELETE,712929,2029984,1317055
RETRIEVE,991418,1127706,136288
DELETE,2243006,3322177,1079171
DELETE,3478968,4828309,1349341
ADD,651126,1256614,605488
ADD,1664908,2361772,696864
ADD,2352262,3300091,947829
RETRIEVE,334940,575368,240428
ADD,2900770,4239253,1338483
RETRIEVE,2756911,2948161,191250
RETRIEVE,3213881,3444457,230576
DELETE,1129491,2013321,883830
DELETE,3232165,4538630,1306465
RETRIEVE,3770725,3978731,208006
RETRIEVE,348739,496751,148012
ADD,3896783,4674970,778187
RETRIEVE,2743449,2941543,198094
RETRIEVE,784205,917121,132916
DELETE,2827223,3530146,702923
RETRIEVE,210771,210771,0
DELETE,841241,1450333,609092
RETRIEVE,2205650,2380290,174640
ADD,1326982,1820722,493740
DELETE,1633008,2481216,848208
ADD,2098653,2867390,768737
DELETE,2560385,3458695,898310
DELETE,1574515,3082121,1507606
ADD,3173432,3915729,742297
RETRIEVE,1497774,1612728,114954
ADD,1559448,2045258,485810
ADD,1306138,2662835,1356697
RETRIEVE,742198,858336,116138
ADD,1748056,2596069,848013
DELETE,12253,1087941,1075688
RETRIEVE,2040496,2406714,366218
ADD,652241,1522276,870035
ADD,2792880,3606902,814022
ADD,2406064,2894588,488524
DELETE,2638663,3351990,713327
ADD,2219557,3039675,820118
RETRIEVE,2726259,2889123,162864
DELETE,974725,1505282,530557
ADD,2939255,4002750,1063495
DELETE,2569727,3605790,1036063
RETRIEVE,4245040,4351662,106622
RETRIEVE,4608099,4797881,189782
ADD,2938680,3685776,747096
RETRIEVE,2828526,2961080,132554
ADD,3344067,4116427,772360
DELETE,1090303,2246369,1156066
ADD,3622353,4418328,795975
DELETE,441810,1304146,862336
DELETE,2669572,3645491,975919
RETRIEVE,3893950,4005206,111256
ADD,2596907,3113790,516883
RETRIEVE,85490,205946,120456
ADD,640637,1418852,778215
RETRIEVE,1680498,1846682,166184
RETRIEVE,3971824,4130910,159086
DELETE,1154229,2050056,895827
ADD,3151922,4021105,869183
DELETE,117384,1224117,1106733
DELETE,3822893,4755954,933061
DELETE,478322,1207018,728696
ADD,2640580,3807689,1167109
RETRIEVE,3035079,3197417,162338
RETRIEVE,3028023,3265471,237448
RETRIEVE,40313,210511,170198
ADD,2888816,3654200,765384
RETRIEVE,866274,1058426,192152
ADD,3528691,4450876,922185
DELETE,1887281,2732070,844789
ADD,3660218,4634413,974195
ADD,71666,842868,771202
ADD,3789846,4692714,902868
DELETE,3827223,4313987,486764
ADD,182324,865587,683263
DELETE,151573,1022859,871286
DELETE,1842891,2621004,778113
RETRIEVE,2729036,2930734,201698
DELETE,4044241,4757401,713160
DELETE,956235,1744141,787906
RETRIEVE,3557244,3702922,145678
ADD,1998733,3358386,1359653
DELETE,3445431,4355637,910206
DELETE,3246413,4073665,827252
RETRIEVE,2718147,2867469,149322
ADD,3239056,3867288,628232
RETRIEVE,2332770,2480862,148092
ADD,1713105,3029150,1316045
RETRIEVE,1452454,1582270,129816
RETRIEVE,2604031,2812729,208698
ADD,685108,1459997,774889
RETRIEVE,2423665,2578385,154720
ADD,1059997,2253621,1193624
DELETE,1807396,2475234,667838
DELETE,2620339,3754078,1133739
ADD,2931566,3874438,942872
DELETE,3094840,4031431,936591
RETRIEVE,1125255,1333517,208262
ADD,88935,1007145,918210
RETRIEVE,622353,821743,199390
DELETE,88305,1054616,966311
RETRIEVE,363551,527877,164326
DELETE,243200,784161,540961
RETRIEVE,3537509,3709745,172236
DELETE,2017694,2923119,905425
DELETE,1735111,2429696,694585
ADD,2044447,2721716,677269
ADD,606602,1525451,918849
DELETE,1294154,2611125,1316971
RETRIEVE,1445431,1518583,73152
ADD,2850346,3500785,650439
ADD,1543750,2432518,888768
ADD,2294154,3631118,1336964
DELETE,2638934,3177792,538858
RETRIEVE,3324152,3585132,260980
DELETE,3193572,4552891,1359319
RETRIEVE,1418772,1693920,275148
RETRIEVE,2693559,2861771,168212
RETRIEVE,2445303,2590779,145476
ADD,1098653,1470232,371579
RETRIEVE,3651156,3815536,164380
ADD,3623561,4476892,853331
ADD,2380026,3403629,1023603
RETRIEVE,3647330,3891686,244356
RETRIEVE,2073972,2162578,88606
DELETE,2401250,3635721,1234471
RETRIEVE,2559448,2587950,28502
DELETE,3785893,4759616,973723
DELETE,528691,1413670,884979
DELETE,2747742,3688835,941093
RETRIEVE,2474974,2668306,193332
DELETE,1062288,1915804,853516
RETRIEVE,1823781,2116903,293122
RETRIEVE,784087,990625,206538
ADD,19887,1033762,1013875
RETRIEVE,872757,1070793,198036
RETRIEVE,4497774,4604564,106790
RETRIEVE,2537509,2661363,123854
RETRIEVE,1287708,1414124,126416
RETRIEVE,1756911,1975585,218674
ADD,170722,803596,632874
DELETE,224445,1225035,1000590
DELETE,2668627,3301853,633226
RETRIEVE,3935942,4073792,137850
RETRIEVE,1539203,1679249,140046
RETRIEVE,4602460,4789932,187472
ADD,2152247,3074441,922194
RETRIEVE,742657,803003,60346
DELETE,2152668,3181903,1029235
ADD,905304,1970791,1065487
RETRIEVE,3331155,3610389,279234
ADD,2004403,2601238,596835
RETRIEVE,1122232,1243060,120828
RETRIEVE,1752995,1969973,216978
RETRIEVE,201761,379311,177550
RETRIEVE,2872757,3034465,161708
DELETE,354113,872163,518050
ADD,2230873,2769064,538191
RETRIEVE,305930,541770,235840
ADD,1750642,2803520,1052878
ADD,1931886,2881605,949719
DELETE,3192565,3955901,763336
ADD,4041547,4684890,643343
RETRIEVE,353707,507559,153852
RETRIEVE,542006,731672,189666
RETRIEVE,2216750,2511986,295236
RETRIEVE,4374850,4499972,125122
ADD,2088332,3101058,1012726
DELETE,158453,984917,826464
DELETE,2181793,3186783,1004990
ADD,2478525,3224166,745641
ADD,2255133,3133543,878410
RETRIEVE,1377612,1512134,134522
DELETE,1772246,2719806,947560
RETRIEVE,4406527,4582339,175812
ADD,2581104,3653317,1072213
RETRIEVE,4368767,4509677,140910
DELETE,2885032,3520268,635236
ADD,2785893,3426660,640767
ADD,1789846,2485894,696048
ADD,3772246,4650934,878688
ADD,496826,1239326,742500
RETRIEVE,3463367,3568509,105142
RETRIEVE,4453519,4559505,105986
RETRIEVE,1155379,1381187,225808
DELETE,700040,1492300,792260
DELETE,3250930,4317010,1066080
RETRIEVE,4363551,4544197,180646
DELETE,3199600,4001615,802015
ADD,202026,1335635,1133609
ADD,713105,1398796,685691
RETRIEVE,988215,1314627,326412
DELETE,3784938,4583748,798810
RETRIEVE,2095066,2327714,232648
DELETE,2419781,3294550,874769
ADD,2560641,3271105,710464
RETRIEVE,557627,741329,183702
ADD,3202689,4283435,1080746
RETRIEVE,2447104,2711230,264126
DELETE,216750,1023796,807046
ADD,532779,1501017,968238
ADD,1753918,2802424,1048506
RETRIEVE,2697729,2906545,208816
ADD,4085239,4613564,528325
DELETE,225100,864227,639127
ADD,406527,1963401,1556874
ADD,3181921,4192943,1011022
RETRIEVE,4345800,4459824,114024
DELETE,497055,1090416,593361
ADD,950506,2208954,1258448
ADD,2314363,3086862,772499
RETRIEVE,3321705,3480569,158864
DELETE,3857388,4523966,666578
RETRIEVE,3528439,3679755,151316
RETRIEVE,814131,1053279,239148
DELETE,1309998,2367472,1057474
DELETE,1188138,2133391,945253
RETRIEVE,1921018,2053312,132294
DELETE,2194170,2802790,608620
RETRIEVE,1025947,1306459,280512
ADD,2049450,3181289,1131839
ADD,3937249,4480360,543111
RETRIEVE,3102519,3240221,137702
DELETE,2178172,2985209,807037
RETRIEVE,956928,1096596,139668
DELETE,1426551,2171497,744946
DELETE,2254666,3285625,1030959
ADD,3124349,3515763,391414
DELETE,4016741,4807203,790462
RETRIEVE,4592261,4733359,141098
DELETE,777558,1796251,1018693
RETRIEVE,2122232,2266592,144360
DELETE,3326982,4229230,902248
ADD,3245407,4320075,1074668
RETRIEVE,520926,774316,253390
RETRIEVE,1519561,1686719,167158
ADD,2752926,3607369,854443
DELETE,984232,1911466,927234
ADD,2085490,3134589,1049099
RETRIEVE,806865,1093393,286528
ADD,2915029,4014248,1099219
RETRIEVE,1972704,2188966,216262
ADD,290271,1358315,1068044
DELETE,1082515,2009489,926974
ADD,2140994,2808017,667023
ADD,1729657,2786158,1056501
RETRIEVE,1537509,1824411,286902
RETRIEVE,321705,518787,197082
DELETE,771852,1740368,968516
RETRIEVE,2039678,2169170,129492
ADD,2778770,3737271,958501
DELETE,4445431,4685075,239644
RETRIEVE,1528691,1721623,192932
DELETE,4338846,4665502,326656
RETRIEVE,4409581,4653435,243854
DELETE,3085239,3553057,467818
ADD,1290342,2327499,1037157
RETRIEVE,244809,455389,210580
RETRIEVE,209322,419342,210020
RETRIEVE,2845394,2943406,98012
RETRIEVE,3753918,3971634,217716
DELETE,3254258,4010720,756462
DELETE,3002345,4163025,1160680
ADD,859382,2169229,1309847
DELETE,208361,1026784,818423
RETRIEVE,2653848,2810106,156258
DELETE,2947078,3371288,424210
DELETE,2892509,3754753,862244
RETRIEVE,628214,807452,179238
ADD,2232165,3380264,1148099
ADD,3467272,4660294,1193022
ADD,520773,1545404,1024631
RETRIEVE,3998362,4175022,176660
DELETE,3625100,4396144,771044
ADD,1040496,2753041,1712545
ADD,3618971,4514557,895586
ADD,101469,899890,798421
ADD,885032,2022078,1137046
DELETE,4142993,4706819,563826
RETRIEVE,535083,663487,128404
ADD,1239967,1942269,702302
RETRIEVE,343889,549119,205230
ADD,2812565,4551903,1739338
ADD,1090969,1909169,818200
DELETE,3771973,4254207,482234
ADD,3850275,4503762,653487
RETRIEVE,1752926,1857762,104836
RETRIEVE,1724203,1993323,269120
ADD,3348739,4602786,1254047
DELETE,2664908,3485211,820303
ADD,1676621,2219685,543064
ADD,1004209,1690363,686154
RETRIEVE,94840,299308,204468
DELETE,3467956,4613303,1145347
RETRIEVE,2115351,2259045,143694
DELETE,401250,1510215,1108965
DELETE,3419838,3952989,533151
DELETE,3612426,4353351,740925
RETRIEVE,2238339,2391755,153416
ADD,325970,1120388,794418
ADD,2276085,3109071,832986
ADD,2337421,3345997,1008576
DELETE,1511480,2599424,1087944
RETRIEVE,3026080,3324676,298596
ADD,1640580,2585694,945114
ADD,3337421,3936350,598929
ADD,2308882,2723115,414233
ADD,3685030,4821279,1136249
RETRIEVE,203874,356308,152434
ADD,330227,865139,534912
ADD,3878772,4562119,683347
ADD,1542006,2263281,721275
DELETE,2786418,3826224,1039806
ADD,2453612,3736583,1282971
RETRIEVE,1979265,2107895,128630
RETRIEVE,2187450,2313106,125656
ADD,1979461,2728104,748643
DELETE,3478525,4318840,840315
ADD,173432,958002,784570
ADD,2043102,2733221,690119
RETRIEVE,3608580,3775672,167092
RETRIEVE,3684746,3874470,189724
DELETE,1014179,2090228,1076049
ADD,1217713,2169840,952127
RETRIEVE,747813,905647,157834
RETRIEVE,3059144,3262026,202882
RETRIEVE,879213,1107827,228614
DELETE,2507148,2920343,413195
RETRIEVE,3442729,3613115,170386
ADD,217713,1436805,1219092
RETRIEVE,4497882,4661376,163494
ADD,3656856,4279919,623063
DELETE,3974725,4739831,765106
RETRIEVE,3885032,4089482,204450
ADD,3248779,4207058,958279
RETRIEVE,3203874,3410006,206132
RETRIEVE,3294154,3565026,270872
DELETE,124349,1320261,1195912
ADD,239056,633138,394082
RETRIEVE,915029,1149181,234152
ADD,2111496,3093353,981857
DELETE,1792880,2706875,913995
RETRIEVE,1657407,1850141,192734
ADD,373920,1077074,703154
RETRIEVE,2155206,2247252,92046
RETRIEVE,1260841,1601969,341128
RETRIEVE,2124349,2262279,137930
DELETE,2317878,2833492,515614
RETRIEVE,1968061,2145919,177858
ADD,1958715,3520425,1561710
RETRIEVE,1306506,1544112,237606
RETRIEVE,4647270,4804036,156766
ADD,766685,1455229,688544
RETRIEVE,449796,635130,185334
DELETE,1033050,2442907,1409857
DELETE,302822,796599,493777
RETRIEVE,3940663,4171133,230470
RETRIEVE,2708621,2822457,113836
RETRIEVE,3859382,4136884,277502
DELETE,640580,1447617,807037
RETRIEVE,1685108,1905652,220544
ADD,1178172,2065976,887804
RETRIEVE,2632788,2763230,130442
ADD,3558786,4461080,902294
DELETE,3567514,4133869,566355
RETRIEVE,3360715,3558731,198016
DELETE,174069,1137082,963013
ADD,3125953,3805909,679956
RETRIEVE,3519561,3732385,212824
RETRIEVE,3972704,4115372,142668
RETRIEVE,26080,265858,239778
ADD,3712803,4552664,839861
DELETE,1828526,2369283,540757
RETRIEVE,3264427,3479699,215272
RETRIEVE,307284,522160,214876
ADD,2026046,2770381,744335
ADD,3808868,4289406,480538
ADD,2300968,3284687,983719
DELETE,3853326,4536024,682698
RETRIEVE,3639916,3919034,279118
RETRIEVE,4085490,4085490,0
RETRIEVE,4088305,4265623,177318
DELETE,1190823,2223755,1032932
ADD,1278083,2360320,1082237
DELETE,3066760,4059781,993021
ADD,1917240,3170509,1253269
RETRIEVE,4475922,4611092,135170
ADD,2265417,3307771,1042354
ADD,968061,1904179,936118
ADD,2478322,3451433,973111
DELETE,3681038,4461486,780448
DELETE,3974865,4784097,809232
RETRIEVE,693559,830729,137170
DELETE,2494646,3366182,871536
DELETE,2998733,4020390,1021657
ADD,171537,1111843,940306
DELETE,3047992,3956549,908557
RETRIEVE,1082442,1180452,98010
ADD,2278083,3223095,945012
DELETE,2426551,3168375,741824
DELETE,4075492,4821643,746151
RETRIEVE,2479208,2770540,291332
RETRIEVE,294154,527046,232892
ADD,3711280,4443061,731781
DELETE,2618971,3343369,724398
RETRIEVE,3712929,3985919,272990
ADD,1966310,2537705,571395
RETRIEVE,478968,682608,203640
RETRIEVE,1432720,1568844,136124
RETRIEVE,4205650,4409366,203716
RETRIEVE,1420905,1598703,177798
RETRIEVE,2525518,2712086,186568
RETRIEVE,4478600,4606096,127496
RETRIEVE,4507148,4675314,168166
DELETE,1818101,2408896,590795
ADD,1367359,2405155,1037796
RETRIEVE,1100097,1351637,251540
DELETE,3115351,3955527,840176
DELETE,3589675,4238623,648948
RETRIEVE,785893,1013025,227132
RETRIEVE,3572970,3759374,186404
ADD,3305930,4287945,982015
ADD,949514,1707384,757870
DELETE,1656856,2772260,1115404
RETRIEVE,770387,915711,145324
ADD,188138,850380,662242
ADD,2063717,2778609,714892
RETRIEVE,423714,592058,168344
RETRIEVE,752926,885564,132638
DELETE,2951257,3863112,911855
RETRIEVE,2121552,2359116,237564
DELETE,1591064,2415509,824445
DELETE,380026,1383784,1003758
RETRIEVE,866957,1063797,196840
RETRIEVE,2423714,2626712,202998
ADD,1763060,2601225,838165
ADD,927586,1687059,759473
RETRIEVE,238339,411665,173326
RETRIEVE,1009874,1158050,148176
RETRIEVE,1520926,1742080,221154
DELETE,890859,1841958,951099
RETRIEVE,2023468,2165022,141554
ADD,2466783,3236048,769265
DELETE,2841241,3144337,303096
RETRIEVE,681038,864732,183694
RETRIEVE,498305,663303,164998
RETRIEVE,4478968,4705668,226700
DELETE,3188298,3855441,667143
ADD,3375291,4552749,1177458
DELETE,2133358,2905912,772554
ADD,4086160,4414974,328814
DELETE,274588,1016458,741870
ADD,2668387,3830401,1162014
DELETE,2632401,3442097,809696
RETRIEVE,2512870,2702708,189838
ADD,1247188,1969575,722387
RETRIEVE,2182324,2360232,177908
RETRIEVE,2260841,2644513,383672
ADD,2935942,3728545,792603
RETRIEVE,3950506,4160840,210334
RETRIEVE,1026080,1259384,233304
RETRIEVE,1799295,1940073,140778
RETRIEVE,645679,800069,154390
ADD,1638934,2360339,721405
DELETE,3441810,4380226,938416
DELETE,3949750,4756953,807203
ADD,1268180,2154493,886313
RETRIEVE,2729657,2899129,169472
RETRIEVE,3210771,3530929,320158
ADD,3368767,4507360,1138593
DELETE,2518828,3527561,1008733
DELETE,3459222,4325403,866181
ADD,3876977,4505636,628659
DELETE,3075492,3881926,806434
RETRIEVE,1233426,1368600,135174
ADD,2573673,3923978,1350305
RETRIEVE,3988997,4101305,112308
RETRIEVE,1782698,1972256,189558
DELETE,2772246,3771446,999200
RETRIEVE,4025947,4242901,216954
DELETE,1871200,2948185,1076985
ADD,2211193,3393366,1182173
ADD,787903,1701222,913319
RETRIEVE,977644,1136986,159342
DELETE,1994409,2855346,860937
RETRIEVE,1885032,2119682,234650
ADD,698880,1627781,928901
RETRIEVE,1427080,1702522,275442
DELETE,3479208,4317466,838258
DELETE,414571,1811930,1397359
ADD,25947,873497,847550
RETRIEVE,28023,229935,201912
ADD,1479208,2355395,876187
ADD,1115351,2046504,931153
RETRIEVE,4770181,4890341,120160
DELETE,3786418,4543343,756925
DELETE,2426722,2993411,566689
RETRIEVE,3095175,3292181,197006
RETRIEVE,1840508,2067348,226840
DELETE,2332146,3454147,1122001
DELETE,3682992,4679042,996050
RETRIEVE,978846,1160682,181836
ADD,1297786,1972841,675055
RETRIEVE,1059781,1308871,249090
DELETE,3558310,4458454,900144
RETRIEVE,1476740,1620154,143414
RETRIEVE,2660240,2889406,229166
RETRIEVE,2784087,2994787,210700
DELETE,3059446,3793006,733560
ADD,3702088,4339742,637654
DELETE,668387,1444554,776167
RETRIEVE,2420583,2603391,182808
ADD,4330227,4800982,470755
DELETE,3208361,4064425,856064
DELETE,3582433,4161277,578844
RETRIEVE,536563,743063,206500
RETRIEVE,651156,808268,157112
DELETE,2929131,3868103,938972
RETRIEVE,2871527,3032499,160972
ADD,1733298,2571926,838628
DELETE,1111496,1941898,830402
RETRIEVE,2376799,2557359,180560
ADD,1665023,3156676,1491653
RETRIEVE,2959787,3159927,200140
DELETE,2244809,3202810,958001
ADD,355879,1112508,756629
ADD,34567,1246803,1212236
DELETE,1012877,1834690,821813
DELETE,3638997,4662933,1023936
RETRIEVE,2940340,3108824,168484
DELETE,3151893,4166732,1014839
ADD,1660066,2732242,1072176
DELETE,3835347,4247847,412500
DELETE,1017220,1524375,507155
ADD,1017322,2389583,1372261
DELETE,713114,1120130,407016
RETRIEVE,1529036,1692436,163400
ADD,2912016,3866673,954657
DELETE,832752,1811867,979115
RETRIEVE,2151922,2365208,213286
RETRIEVE,1726028,1885834,159806
RETRIEVE,4612978,4874968,261990
RETRIEVE,4702088,4875508,173420
ADD,2391545,3492821,1101276
RETRIEVE,3872757,3980575,107818
ADD,3218645,4054290,835645
RETRIEVE,1698880,1940978,242098
DELETE,1423714,2292545,868831
DELETE,1581104,2424207,843103
RETRIEVE,4297786,4440820,143034
DELETE,374850,1346933,972083
ADD,2952547,4266164,1313617
ADD,2659908,3336714,676806
RETRIEVE,555980,884048,328068
RETRIEVE,334256,521548,187292
DELETE,1923652,2756898,833246
RETRIEVE,4182324,4310152,127828
RETRIEVE,2420691,2621521,200830
ADD,1089776,1950241,860465
RETRIEVE,4571501,4781123,209622
DELETE,2638873,3916090,1277217
DELETE,263333,1129153,865820
RETRIEVE,268180,335390,67210
RETRIEVE,2015884,2179470,163586
DELETE,2354806,3370960,1016154
ADD,3077467,3627498,550031
RETRIEVE,1793656,2086368,292712
RETRIEVE,2724203,2921187,196984
ADD,3814131,4628866,814735
RETRIEVE,2320315,2513019,192704
RETRIEVE,972228,1218192,245964
ADD,3023468,3981608,958140
DELETE,2550130,3804149,1254019
DELETE,2202433,3068317,865884
RETRIEVE,3026046,3282392,256346
RETRIEVE,4332146,4590602,258456
ADD,3476459,4704056,1227597
DELETE,2077467,3042629,965162
DELETE,1992914,2980265,987351
RETRIEVE,3175256,3296432,121176
RETRIEVE,1263378,1335388,72010
DELETE,3921629,4795064,873435
RETRIEVE,2406527,2492675,86148
RETRIEVE,3931886,4115918,184032
RETRIEVE,2623030,2745890,122860
RETRIEVE,1496826,1689002,192176
RETRIEVE,3666804,3851550,184746
RETRIEVE,1041547,1132861,91314
DELETE,1238523,2422521,1183998
ADD,1616523,2311274,694751
ADD,187552,1073559,886007
ADD,387488,1188744,801256
RETRIEVE,2808868,3058024,249156
RETRIEVE,4647330,4848816,201486
RETRIEVE,2231610,2425090,193480
DELETE,12877,515076,502199
RETRIEVE,4283119,4461871,178752
RETRIEVE,3276085,3496453,220368
ADD,1302389,1866604,564215
RETRIEVE,972704,1207586,234882
ADD,2872574,3693220,820646
DELETE,3085490,3978964,893474
DELETE,2949514,3726376,776862
RETRIEVE,2132699,2289429,156730
DELETE,2628214,3745731,1117517
RETRIEVE,1475922,1638340,162418
ADD,2673610,3694146,1020536
RETRIEVE,2034567,2257317,222750
RETRIEVE,2453755,2703885,250130
DELETE,3343889,4143968,800079
ADD,144980,571896,426916
DELETE,281639,1286750,1005111
RETRIEVE,3476740,3651878,175138
RETRIEVE,276085,431421,155336
ADD,3152668,3776185,623517
ADD,2613996,3525962,911966
DELETE,3474974,4370431,895457
DELETE,3261066,4020076,759010
DELETE,1669212,3240428,1571216
DELETE,2544894,3842262,1297368
ADD,2418772,2986999,568227
DELETE,232687,1502613,1269926
DELETE,65825,632412,566587
RETRIEVE,3830607,4014403,183796
RETRIEVE,4478322,4691794,213472
RETRIEVE,1348464,1524524,176060
ADD,2966310,3033894,67584
ADD,2366355,3438605,1072250
RETRIEVE,4176751,4353263,176512
RETRIEVE,2681062,2849402,168340
RETRIEVE,4659908,4806096,146188
RETRIEVE,1205168,1305284,100116
DELETE,899897,1425887,525990
RETRIEVE,4432720,4643292,210572
DELETE,3292197,4031937,739740
RETRIEVE,4332698,4383180,50482
DELETE,3419781,4493921,1074140
RETRIEVE,2521008,2670664,149656
RETRIEVE,3033050,3297586,264536
RETRIEVE,3646944,3906698,259754
RETRIEVE,3482903,3631499,148596
RETRIEVE,632788,809164,176376
RETRIEVE,1106893,1248247,141354
ADD,2855768,4058647,1202879
DELETE,952547,1531215,578668
ADD,2735916,3623387,887471
RETRIEVE,3956928,4097232,140304
DELETE,1558310,2253525,695215
DELETE,867824,1224941,357117
DELETE,3688909,4648670,959761
ADD,2453519,3126777,673258
RETRIEVE,1802422,1991510,189088
ADD,990784,1771982,781198
ADD,2479190,2691615,212425
RETRIEVE,3628214,3834328,206114
RETRIEVE,4612426,4749012,136586
RETRIEVE,2729694,2979094,249400
RETRIEVE,69292,259112,189820
DELETE,371455,1505972,1134517
DELETE,1240322,1910513,670191
RETRIEVE,1547293,1755039,207746
ADD,1597461,2194157,596696
RETRIEVE,3337569,3538383,200814
ADD,1993065,2886076,893011
RETRIEVE,4108455,4305379,196924
RETRIEVE,192272,313114,120842
RETRIEVE,1921629,2097255,175626
DELETE,3618139,4415309,797170
RETRIEVE,3442717,3606353,163636
ADD,865406,1768385,902979
DELETE,442717,907367,464650
RETRIEVE,2534819,2721513,186694
DELETE,4487338,4487338,0
ADD,4101972,4751346,649374
RETRIEVE,4697729,4861933,164204
DELETE,2709086,3539460,830374
RETRIEVE,1275578,1451554,175976
ADD,1420583,2279121,858538
ADD,40496,1662917,1622421
RETRIEVE,268480,491328,222848
RETRIEVE,2885254,3021896,136642
RETRIEVE,4474862,4607610,132748
RETRIEVE,4247188,4476060,228872
DELETE,3497055,4083857,586802
ADD,3669212,4717819,1048607
RETRIEVE,3012344,3213596,201252
RETRIEVE,4613996,4819510,205514
RETRIEVE,4733298,4890704,157406
RETRIEVE,827418,1054998,227580
DELETE,1913835,2793690,879855
RETRIEVE,4091812,4280552,188740
RETRIEVE,368883,686435,317552
DELETE,2012253,2814870,802617
ADD,2974865,3752941,778076
ADD,3969085,4585431,616346
ADD,4188298,4726434,538136
RETRIEVE,2958715,3248125,289410
DELETE,56428,861408,804980
ADD,3306138,4755906,1449768
ADD,1398856,2177414,778558
ADD,3732710,4360350,627640
ADD,591064,1514073,923009
DELETE,1324152,2098346,774194
DELETE,344067,710532,366465
RETRIEVE,2663709,2877229,213520
ADD,372638,1456701,1084063
RETRIEVE,1532779,1728803,196024
RETRIEVE,364293,527921,163628
DELETE,3793656,4352442,558786
RETRIEVE,2277539,2445191,167652
DELETE,3234315,4110881,876566
RETRIEVE,1830607,2059821,229214
ADD,2401771,3553612,1151841
ADD,59446,883214,823768
ADD,230873,393390,162517
RETRIEVE,592261,918139,325878
ADD,1130114,2438636,1308522
ADD,309998,1181654,871656
ADD,1463367,2142656,679289
DELETE,2233426,2780391,546965
RETRIEVE,2988215,3216923,228708
RETRIEVE,248779,435051,186272
ADD,1276085,2115482,839397
RETRIEVE,1968330,2091478,123148
RETRIEVE,3240322,3422372,182050
RETRIEVE,539203,667785,128582
ADD,85239,792192,706953
RETRIEVE,3387488,3560254,172766
RETRIEVE,529036,775456,246420
RETRIEVE,1302152,1494800,192648
DELETE,49450,896092,846642
DELETE,638873,1810253,1171380
RETRIEVE,151922,301338,149416
ADD,2992832,3605232,612400
ADD,3218034,3890143,672109
DELETE,1094945,2188494,1093549
DELETE,3135422,4189227,1053805
DELETE,3510689,4690843,1180154
RETRIEVE,1380026,1506190,126164
RETRIEVE,3277539,3462193,184654
RETRIEVE,3575523,3699201,123678
ADD,1345800,2281242,935442
RETRIEVE,4082318,4263668,181350
ADD,1132085,1910393,778308
RETRIEVE,3367359,3613019,245660
DELETE,1850275,2538754,688479
DELETE,1757136,2783101,1025965
ADD,3673610,4577210,903600
RETRIEVE,4310715,4465415,154700
ADD,2032711,2673654,640943
RETRIEVE,4005934,4147670,141736
DELETE,2827418,4180011,1352593
RETRIEVE,756911,931841,174930
RETRIEVE,1108906,1280910,172004
RETRIEVE,1937249,2019755,82506
ADD,1853326,2267846,414520
DELETE,3628429,4513917,885488
ADD,2530951,3488155,957204
ADD,1234438,1828457,594019
RETRIEVE,2622727,2853393,230666
DELETE,2674594,3601040,926446
DELETE,1880594,2719056,838462
ADD,1569727,2407049,837322
RETRIEVE,3546780,3722354,175574
RETRIEVE,2969085,3161409,192324
DELETE,1233581,2074970,841389
RETRIEVE,2355879,2626317,270438
RETRIEVE,2752995,2871227,118232
ADD,1800560,2934966,1134406
RETRIEVE,543750,778386,234636
DELETE,1549798,2695451,1145653
DELETE,2452454,3234365,781911
RETRIEVE,650740,853922,203182
DELETE,2445431,3247984,802553
ADD,1041964,1690949,648985
RETRIEVE,3549798,3739502,189704
DELETE,3558259,4737681,1179422
RETRIEVE,1091070,1231524,140454
ADD,35638,624404,588766
ADD,1959787,2651009,691222
RETRIEVE,2146314,2378894,232580
ADD,2742657,3650723,908066
RETRIEVE,4537231,4777143,239912
RETRIEVE,222024,459592,237568
DELETE,1938680,2840696,902016
DELETE,164799,898822,734023
RETRIEVE,2294842,2497320,202478
DELETE,1192811,1947096,754285
ADD,2290342,3334141,1043799
DELETE,3313105,4304273,991168
RETRIEVE,4199600,4375322,175722
DELETE,558259,1495823,937564
RETRIEVE,1394635,1593263,198628
RETRIEVE,1835347,1955999,120652
ADD,3088332,3700972,612640
ADD,1617905,2511991,894086
DELETE,3056428,3956091,899663
RETRIEVE,4359822,4479732,119910
DELETE,497882,1171056,673174
ADD,855776,1658023,802247
RETRIEVE,2106893,2258999,152106
DELETE,688909,1323061,634152
RETRIEVE,4300968,4614082,313114
RETRIEVE,4667799,4863909,196110
ADD,3406660,4305489,898829
RETRIEVE,1777612,1936586,158974
RETRIEVE,1246413,1407217,160804
ADD,1519729,3255194,1735465
DELETE,525518,1162357,636839
RETRIEVE,1302822,1508520,205698
RETRIEVE,1248581,1463673,215092
DELETE,3850346,4382043,531697
ADD,3684130,4011777,327647
DELETE,3782698,4225836,443138
ADD,3179608,3820431,640823
RETRIEVE,1023468,1154006,130538
ADD,3280987,4072339,791352
DELETE,1560641,2718551,1157910
ADD,3255715,4015299,759584
RETRIEVE,505569,709159,203590
RETRIEVE,1337569,1543885,206316
DELETE,3521008,4248556,727548
ADD,287837,1127911,840074
RETRIEVE,1208361,1426741,218380
DELETE,332698,1093950,761252
DELETE,638934,1343042,704108
ADD,1640637,2442912,802275
RETRIEVE,3474862,3692898,218036
ADD,2923652,3887647,963995
DELETE,1885254,2294345,409091
DELETE,2531837,3549473,1017636
DELETE,3305699,4555345,1249646
DELETE,2807396,3667166,859770
ADD,394254,1426927,1032673
ADD,1940064,2671113,731049
RETRIEVE,3409949,3615745,205796
RETRIEVE,3314363,3432825,118462
ADD,255133,962364,707231
ADD,3032711,3747455,714744
DELETE,3536292,4156918,620626
RETRIEVE,1277539,1491935,214396
RETRIEVE,80527,227913,147386
ADD,2022059,2942178,920119
DELETE,1314363,2416677,1102314
DELETE,596907,1423334,826427
RETRIEVE,4662827,4873947,211120
RETRIEVE,729036,946574,217538
ADD,2509371,2613680,104309
DELETE,9874,829649,819775
RETRIEVE,936712,1027936,91224
DELETE,567514,1435696,868182
RETRIEVE,4463945,4738225,274280
ADD,387998,1298259,910261
RETRIEVE,4666804,4860202,193398
RETRIEVE,1209322,1430154,220832
ADD,1770725,2642326,871601
RETRIEVE,1192565,1354343,161778
RETRIEVE,3012877,3177085,164208
DELETE,2723833,3678360,954527
RETRIEVE,90372,292342,201970
RETRIEVE,893950,1030072,136122
RETRIEVE,1666804,1931128,264324
ADD,108906,570656,461750
RETRIEVE,4218645,4423365,204720
ADD,1531608,2507777,976169
ADD,3766685,4297140,530455
ADD,1433245,2272300,839055
ADD,1726259,2429719,703460
RETRIEVE,3356360,3518996,162636
RETRIEVE,1693559,1871297,177738
RETRIEVE,3777612,4052298,274686
ADD,1557319,2498366,941047
ADD,729330,1698485,969155
ADD,1776142,3181024,1404882
DELETE,3680498,4853175,1172677
RETRIEVE,4441810,4551460,109650
DELETE,2713694,3661384,947690
DELETE,10562,780791,770229
RETRIEVE,2268480,2465320,196840
DELETE,4391430,4892230,500800
DELETE,2652752,3458973,806221
RETRIEVE,979461,1115439,135978
ADD,2353707,3264617,910910
ADD,3359822,4344394,984572
ADD,3665303,4556767,891464
DELETE,3547293,4210730,663437
ADD,3122232,3984327,862095
DELETE,211193,1059114,847921
RETRIEVE,2484488,2614270,129782
RETRIEVE,3709086,3817074,107988
RETRIEVE,622815,794807,171992
DELETE,3038953,3400054,361101
DELETE,4135287,4229451,94164
RETRIEVE,3885254,4034860,149606
RETRIEVE,338846,521134,182288
DELETE,1650880,2598625,947745
ADD,887642,1806000,918358
RETRIEVE,1124349,1341907,217558
RETRIEVE,4674059,4796519,122460
RETRIEVE,883573,1059527,175954
DELETE,3235124,4296730,1061606
ADD,3622815,4379240,756425
RETRIEVE,237473,403073,165600
ADD,1053446,1577370,523924
RETRIEVE,2650740,2858330,207590
ADD,1608099,2463450,855351
RETRIEVE,331155,491159,160004
ADD,3197135,3934790,737655
DELETE,846038,1549720,703682
ADD,4136292,4643086,506794
RETRIEVE,1660228,1817048,156820
DELETE,3726259,3760315,34056
RETRIEVE,662827,958793,295966
DELETE,481414,1516180,1034766
ADD,75535,661401,585866
RETRIEVE,2921629,3086601,164972
RETRIEVE,4059997,4254645,194648
RETRIEVE,2273584,2348134,74550
ADD,1230632,2360748,1130116
RETRIEVE,4122232,4290676,168444
ADD,2570513,3485610,915097
ADD,337065,1137107,800042
ADD,3286197,3775185,488988
ADD,3947385,4523672,576287
ADD,1589675,2931753,1342078
ADD,1074989,2084343,1009354
RETRIEVE,1091891,1302491,210600
ADD,3785889,4875825,1089936
ADD,871200,1737075,865875
RETRIEVE,4368838,4516610,147772
RETRIEVE,4353827,4627403,273576
RETRIEVE,766938,885250,118312
DELETE,2968330,3736725,768395
RETRIEVE,2818101,2975223,157122
ADD,3947266,4545250,597984
ADD,3668387,4584049,915662
DELETE,2902750,3636931,734181
ADD,3441699,4141907,700208
RETRIEVE,1487338,1656208,168870
RETRIEVE,558943,705811,146868
DELETE,300968,1372088,1071120
RETRIEVE,817254,1059794,242540
RETRIEVE,3216080,3426326,210246
RETRIEVE,4231610,4433728,202118
RETRIEVE,790905,958203,167298
ADD,1845394,2307515,462121
ADD,2337065,2763443,426378
ADD,1632401,2512127,879726
ADD,3696765,4637692,940927
DELETE,2616523,3215776,599253
DELETE,3993185,4490316,497131
RETRIEVE,1094840,1285586,190746
RETRIEVE,2812737,3040593,227856
ADD,1571196,2345177,773981
RETRIEVE,2987386,3152316,164930
RETRIEVE,858771,871723,12952
RETRIEVE,3478322,3683102,204780
ADD,2968061,3831741,863680
ADD,1152668,2043687,891019
ADD,857388,1459652,602264
RETRIEVE,3136292,3306436,170144
DELETE,1709086,2289801,580715
DELETE,734114,2036447,1302333
DELETE,1095066,2102604,1007538
DELETE,3338607,4583630,1245023
RETRIEVE,80782,345324,264542
RETRIEVE,3374850,3608284,233434
ADD,546883,1406792,859909
DELETE,1677690,2501245,823555
RETRIEVE,913835,1128127,214292
RETRIEVE,2557627,2646279,88652
DELETE,2931422,3865410,933988
DELETE,1708621,2486456,777835
RETRIEVE,249406,443660,194254
RETRIEVE,2345,231025,228680
DELETE,3539203,4104233,565030
ADD,2809699,3701644,891945
RETRIEVE,833100,1094410,261310
DELETE,2993185,3702908,709723
ADD,3693962,4515859,821897
DELETE,884058,1809013,924955
RETRIEVE,3371455,3611123,239668
RETRIEVE,1879213,1964205,84992
ADD,2952643,3681803,729160
RETRIEVE,2088935,2174515,85580
DELETE,253780,1098551,844771
ADD,2806865,4079256,1272391
ADD,3082515,4092619,1010104
DELETE,1625578,2536840,911262
RETRIEVE,550130,760918,210788
RETRIEVE,3957618,4123750,166132
DELETE,3735111,4485319,750208
DELETE,1071912,2200259,1128347
DELETE,1255715,2249273,993558
RETRIEVE,3432720,3597522,164802
DELETE,2287837,3703271,1415434
DELETE,1274588,2226197,951609
DELETE,1771967,2725317,953350
DELETE,1454119,2646983,1192864
ADD,958454,1617398,658944
ADD,1192272,1975258,782986
DELETE,2294055,2738962,444907
RETRIEVE,41964,203392,161428
RETRIEVE,1075535,1334933,259398
DELETE,2621395,3322261,700866
ADD,1806865,2881728,1074863
DELETE,2758764,3749626,990862
ADD,1622815,2198666,575851
RETRIEVE,4238523,4490697,252174
RETRIEVE,113180,268636,155456
DELETE,996456,2223951,1227495
RETRIEVE,2963467,3170117,206650
ADD,616523,1380443,763920
RETRIEVE,4174069,4410325,236256
RETRIEVE,4529036,4591066,62030
RETRIEVE,3063717,3260147,196430
DELETE,2589675,3576766,987091
DELETE,4012253,4719965,707712
RETRIEVE,3834916,3982150,147234
RETRIEVE,3560340,3738502,178162
DELETE,2017322,3304777,1287455
RETRIEVE,1235124,1423574,188450
DELETE,1841965,2278423,436458
DELETE,2318801,2776215,457414
RETRIEVE,2990723,3156111,165388
ADD,2558786,3503094,944308
ADD,512870,1148190,635320
RETRIEVE,3729036,3852564,123528
RETRIEVE,685339,845551,160212
ADD,1015884,2248493,1232609
DELETE,3623030,4680550,1057520
ADD,97897,369494,271597
RETRIEVE,1557627,1790551,232924
ADD,115351,1388927,1273576
RETRIEVE,2144980,2299018,154038
RETRIEVE,1171355,1373737,202382
DELETE,1535083,2305821,770738
DELETE,3029366,3641284,611918
DELETE,1067585,1880273,812688
RETRIEVE,3423665,3630913,207248
ADD,3035638,3578211,542573
RETRIEVE,137485,358813,221328
DELETE,482903,1211229,728326
RETRIEVE,2286197,2453823,167626
RETRIEVE,248475,421833,173358
ADD,711280,1757766,1046486
RETRIEVE,2729330,2856864,127534
RETRIEVE,931566,1182112,250546
RETRIEVE,420583,671073,250490
DELETE,29366,652503,623137
RETRIEVE,664908,786600,121692
DELETE,952643,2056809,1104166
RETRIEVE,1899725,2032503,132778
DELETE,3216750,4145216,928466
RETRIEVE,3230632,3509190,278558
RETRIEVE,4618305,4881903,263598
DELETE,2419838,3467797,1047959
RETRIEVE,701390,992160,290770
ADD,3132085,3883692,751607
DELETE,509005,1599330,1090325
DELETE,132699,1009469,876770
DELETE,3178172,3964957,786785
RETRIEVE,1330227,1540739,210512
RETRIEVE,2225100,2444164,219064
DELETE,2900859,3525293,624434
RETRIEVE,1984232,2151970,167738
RETRIEVE,2747813,2936941,189128
ADD,2435737,3403169,967432
RETRIEVE,4213881,4421309,207428
RETRIEVE,4525518,4691708,166190
DELETE,1088305,1374818,286513
DELETE,3657545,4131747,474202
DELETE,3454119,4595807,1141688
DELETE,403856,1684242,1280386
RETRIEVE,4017220,4221444,204224
DELETE,4122345,4753653,631308
ADD,3219575,3720894,501319
RETRIEVE,343658,497862,154204
RETRIEVE,1558943,1803137,244194
ADD,2519561,3907998,1388437
RETRIEVE,1620339,1753829,133490
ADD,1185801,2102538,916737
ADD,476459,1792281,1315822
ADD,765420,1497498,732078
DELETE,951257,1776220,824963
ADD,544894,1497624,952730
RETRIEVE,4423714,4590618,166904
ADD,3833100,4873434,1040334
DELETE,2536292,2998079,461787
DELETE,747742,1649545,901803
RETRIEVE,4082515,4271403,188888
RETRIEVE,772246,1001178,228932
DELETE,3983662,4682601,698939
RETRIEVE,130114,412612,282498
ADD,1989124,2896226,907102
RETRIEVE,48947,282457,233510
DELETE,1181921,2049399,867478
RETRIEVE,2181921,2375093,193172
RETRIEVE,2354113,2525989,171876
DELETE,3172560,4233109,1060549
RETRIEVE,507148,616750,109602
ADD,1525518,1865209,339691
ADD,3420691,4501289,1080598
ADD,1017694,1905545,887851
DELETE,2980703,4216026,1235323
ADD,2979461,3531364,551903
RETRIEVE,3537161,3635267,98106
RETRIEVE,1887283,2081129,193846
RETRIEVE,2048947,2325273,276326
ADD,172560,896152,723592
DELETE,2823781,4203046,1379265
DELETE,176751,942616,765865
ADD,1977644,2823693,846049
RETRIEVE,3723833,3935513,211680
ADD,1016741,2042845,1026104
RETRIEVE,3621395,3694347,72952
RETRIEVE,1254666,1393264,138598
ADD,1294842,2022769,727927
RETRIEVE,2316602,2531628,215026
DELETE,3512870,4110585,597715
RETRIEVE,4030542,4288442,257900
ADD,3727411,4499715,772304
RETRIEVE,3101972,3303512,201540
RETRIEVE,1949072,2172274,223202
DELETE,2646944,3295160,648216
RETRIEVE,121552,362122,240570
DELETE,287708,1234981,947273
RETRIEVE,2281639,2526051,244412
RETRIEVE,3181793,3377491,195698
DELETE,1019887,1852873,832986
RETRIEVE,785889,1073623,287734
RETRIEVE,3558943,3754247,195304
RETRIEVE,2899725,3044423,144698
RETRIEVE,80926,367752,286826
ADD,612426,1290038,677612
RETRIEVE,4152247,4199309,47062
RETRIEVE,1815108,2079698,264590
RETRIEVE,2033050,2307782,274732
RETRIEVE,1555980,1829428,273448
ADD,1983600,2655598,671998
ADD,3655627,4254093,598466
DELETE,1865406,2945920,1080514
RETRIEVE,377612,573302,195690
ADD,838943,1714750,875807
DELETE,2158453,3393628,1235175
RETRIEVE,3354806,3509474,154668
RETRIEVE,1628629,1808791,180162
ADD,923652,1821851,898199
ADD,2984232,3352457,368225
RETRIEVE,4287516,4520232,232716
RETRIEVE,1887194,2019608,132414
RETRIEVE,3698880,3908226,209346
RETRIEVE,2834660,2976062,141402
ADD,179608,1068329,888721
RETRIEVE,1638997,1792133,153136
DELETE,3518828,4517259,998431
ADD,1331155,1761925,430770
ADD,2980104,3609430,629326
DELETE,1987386,2692810,705424
DELETE,2056048,2786004,729956
RETRIEVE,827935,937221,109286
DELETE,3748056,4851277,1103221
RETRIEVE,4245407,4495389,249982
RETRIEVE,472067,788447,316380
RETRIEVE,3146205,3315737,169532
ADD,3075535,4229693,1154158
DELETE,419838,1251731,831893
RETRIEVE,3699473,3916955,217482
ADD,3657407,4544470,887063
RETRIEVE,1812737,2001345,188608
RETRIEVE,3841241,4001667,160426
RETRIEVE,775572,1065140,289568
ADD,3453612,4503100,1049488
RETRIEVE,3044447,3193815,149368
ADD,2682992,3686268,1003276
ADD,969085,1832005,862920
ADD,667641,1597107,929466
DELETE,3602460,4664167,1061707
ADD,3834660,4437517,602857
ADD,3318801,4222355,903554
DELETE,1287516,2101918,814402
RETRIEVE,3838943,4045461,206518
ADD,3836463,4463158,626695
DELETE,1942984,3047818,1104834
RETRIEVE,3012345,3176119,163774
RETRIEVE,4663709,4806545,142836
RETRIEVE,812565,1002365,189800
DELETE,2547293,3372701,825408
DELETE,4051597,4808124,756527
DELETE,623030,1467773,844743
ADD,630485,1335557,705072
RETRIEVE,723833,1007539,283706
ADD,2824686,3954283,1129597
RETRIEVE,3983600,4096432,112832
DELETE,3855776,4560338,704562
DELETE,1269349,2051705,782356
RETRIEVE,3931422,4137480,206058
RETRIEVE,394635,590527,195892
RETRIEVE,152856,452332,299476
RETRIEVE,4090969,4265029,174060
RETRIEVE,4535083,4721243,186160
DELETE,1505569,2193298,687729
RETRIEVE,698766,865576,166810
ADD,1230873,1976727,745854
RETRIEVE,2913967,3108815,194848
RETRIEVE,1056048,1112242,56194
ADD,433245,981442,548197
RETRIEVE,2339671,2504309,164638
DELETE,3756911,4544529,787618
DELETE,1101469,2092442,990973
DELETE,3263333,4061726,798393
RETRIEVE,2442729,2593661,150932
DELETE,1101972,2017579,915607
ADD,66760,1002091,935331
ADD,2067442,3070598,1003156
RETRIEVE,4558259,4703445,145186
RETRIEVE,397129,514587,117458
ADD,1974725,2551975,577250
ADD,3991418,4801336,809918
RETRIEVE,2297786,2368312,70526
DELETE,1219557,2305408,1085851
ADD,3041547,3681545,639998
ADD,3101469,4282419,1180950
RETRIEVE,423665,568929,145264
ADD,3422716,4584730,1162014
RETRIEVE,188298,390174,201876
DELETE,1756722,2323624,566902
ADD,3612426,4515442,903016
ADD,1555759,2350909,795150
ADD,2302152,2969805,667653
RETRIEVE,1343889,1494913,151024
DELETE,4032711,4560174,527463
RETRIEVE,1812565,1991389,178824
DELETE,2459222,3156697,697475
DELETE,2283119,3158796,875677
RETRIEVE,2004836,2035020,30184
DELETE,2822639,3721496,898857
ADD,983662,1390326,406664
DELETE,1972228,2527114,554886
ADD,3900859,4564120,663261
DELETE,349264,1125793,776529
ADD,602460,1492812,890352
DELETE,1736338,3113760,1377422
RETRIEVE,3342738,3513548,170810
DELETE,3847911,4407086,559175
RETRIEVE,2469818,2630646,160828
DELETE,896783,1490209,593426
RETRIEVE,381709,611073,229364
RETRIEVE,4246413,4432813,186400
ADD,1083468,1535527,452059
RETRIEVE,994409,1263195,268786
RETRIEVE,3692556,3950460,257904
ADD,2784938,3656520,871582
ADD,993065,2037383,1044318
RETRIEVE,2814131,3029335,215204
ADD,3363551,4118095,754544
DELETE,968330,1711794,743464
RETRIEVE,2299459,2503077,203618
ADD,3855768,4891692,1035924
ADD,466783,1429852,963069
RETRIEVE,4655627,4792309,136682
RETRIEVE,4467272,4678962,211690
DELETE,2526961,3703335,1176374
RETRIEVE,1474746,1666906,192160
RETRIEVE,15884,190146,174262
ADD,502047,1365903,863856
ADD,2561010,3402529,841519
ADD,1620940,2412940,792000
DELETE,161877,1040926,879049
DELETE,3381709,4242859,861150
DELETE,2742198,3476972,734774
ADD,2753918,3620747,866829
RETRIEVE,516715,699133,182418
DELETE,3302822,4114306,811484
DELETE,55050,828975,773925
ADD,155379,1178861,1023482
DELETE,1826758,2451099,624341
ADD,2002345,3088816,1086471
DELETE,674594,1349436,674842
RETRIEVE,447104,656652,209548
RETRIEVE,1113180,1199714,86534
RETRIEVE,1394254,1562932,168678
RETRIEVE,1770181,1973325,203144
RETRIEVE,3395182,3522780,127598
ADD,2209951,3170324,960373
RETRIEVE,536292,756438,220146
RETRIEVE,69761,303285,233524
RETRIEVE,608099,758747,150648
DELETE,1747742,2456038,708296
ADD,3931566,4830256,898690
RETRIEVE,1747813,1930567,182754
DELETE,2047992,2325481,277489
DELETE,2998362,3434459,436097
ADD,2953635,4345843,1392208
RETRIEVE,2062288,2197636,135348
ADD,1360715,1885315,524600
RETRIEVE,667799,889349,221550
RETRIEVE,3926010,4089706,163696
DELETE,2135422,3206236,1070814
DELETE,453519,1614050,1160531
RETRIEVE,4294055,4433855,139800
DELETE,3888816,4605144,716328
ADD,4071666,4826219,754553
RETRIEVE,4674594,4842348,167754
DELETE,1660240,2362458,702218
ADD,426722,1620355,1193633
RETRIEVE,2403856,2575704,171848
RETRIEVE,2617905,2800675,182770
ADD,1406527,2542165,1135638
RETRIEVE,4305699,4531299,225600
ADD,489436,995933,506497
ADD,2974925,3722400,747475
DELETE,1401250,2746228,1344978
RETRIEVE,2210771,2522677,311906
RETRIEVE,4622815,4757991,135176
ADD,2698880,3572158,873278
RETRIEVE,1827223,2029637,202414
RETRIEVE,887194,1158272,271078
RETRIEVE,3353827,3660977,307150
RETRIEVE,17322,322592,305270
ADD,3043102,3576920,533818
DELETE,67990,814428,746438
RETRIEVE,3663943,3826561,162618
ADD,1657545,2589652,932107
ADD,980703,2053528,1072825
DELETE,1608580,2546523,937943
RETRIEVE,2667641,2867077,199436
RETRIEVE,656856,784664,127808
RETRIEVE,2530606,2833182,302576
RETRIEVE,4132699,4326625,193926
ADD,2630485,3298008,667523
RETRIEVE,4035638,4221308,185670
RETRIEVE,73972,204038,130066
DELETE,2041547,2850816,809269
RETRIEVE,3266573,3364945,98372
RETRIEVE,463367,645559,182192
ADD,1144877,2032626,887749
ADD,435737,1093708,657971
ADD,3316602,4458169,1141567
DELETE,1659908,2264442,604534
DELETE,692556,1542756,850200
ADD,1040388,1969410,929022
RETRIEVE,418772,630850,212078
ADD,3499537,4247198,747661
RETRIEVE,1356360,1532448,176088
RETRIEVE,2676621,2951769,275148
ADD,537231,1585366,1048135
ADD,2748056,3592873,844817
DELETE,4125953,4670185,544232
ADD,947266,1568226,620960
DELETE,3980104,4331635,351531
RETRIEVE,140994,200030,59036
DELETE,2823567,3468364,644797
DELETE,4334940,4837871,502931
RETRIEVE,2685047,2776553,91506
RETRIEVE,4208361,4395301,186940
RETRIEVE,2771852,2952432,180580
RETRIEVE,2896783,3037851,141068
RETRIEVE,1489436,1631336,141900
DELETE,3113180,3484889,371709
ADD,989124,2120324,1131200
DELETE,2004209,2653277,649068
RETRIEVE,3640637,3895763,255126
RETRIEVE,677690,871210,193520
RETRIEVE,4287837,4459239,171402
RETRIEVE,3051651,3160181,108530
ADD,613996,1508044,894048
RETRIEVE,573673,874045,300372
RETRIEVE,2996456,3177668,181212
RETRIEVE,1476365,1615679,139314
ADD,885254,1566952,681698
RETRIEVE,1822893,1942367,119474
RETRIEVE,3377612,3639822,262210
ADD,4009874,4730844,720970
ADD,3542006,4774393,1232387
RETRIEVE,572706,838208,265502
DELETE,3247188,3788705,541517
RETRIEVE,1687328,1917078,229750
DELETE,266573,993852,727279
ADD,2418027,3668099,1250072
RETRIEVE,3373920,3498856,124936
DELETE,3121552,4212887,1091335
DELETE,2431934,3303433,871499
ADD,2233781,2773214,539433
DELETE,4051651,4885064,833413
ADD,557319,1377057,819738
DELETE,1733491,2699534,966043
DELETE,2246413,3356518,1110105
RETRIEVE,2770697,2971045,200348
ADD,3154229,4299002,1144773
RETRIEVE,3035470,3217546,182076
RETRIEVE,2218034,2465044,247010
RETRIEVE,2880313,3030469,150156
DELETE,1702088,2657838,955750
RETRIEVE,2958454,3085408,126954
RETRIEVE,2219575,2370527,150952
ADD,928646,1982284,1053638
RETRIEVE,1778770,1870002,91232
RETRIEVE,1701414,1904066,202652
ADD,111496,1258575,1147079
ADD,3132699,3711858,579159
RETRIEVE,3327392,3524484,197092
RETRIEVE,3912016,4137988,225972
ADD,3928646,4886295,957649
DELETE,992864,1580416,587552
DELETE,367359,1406415,1039056
ADD,2135287,2682242,546955
DELETE,2572706,3779032,1206326
RETRIEVE,82318,345656,263338
DELETE,2733298,3474974,741676
DELETE,1151573,1837634,686061
DELETE,887281,1283976,396695
ADD,974865,1610268,635403
DELETE,823781,1715300,891519
RETRIEVE,63717,258301,194584
RETRIEVE,3858771,4014725,155954
ADD,2990784,3716590,725806
ADD,3201761,3792352,590591
RETRIEVE,3645909,3905425,259516
DELETE,3409780,4526148,1116368
ADD,2684130,3857159,1173029
ADD,2233072,2978843,745771
RETRIEVE,422716,621684,198968
RETRIEVE,122345,319057,196712
ADD,1308882,1864435,555553
ADD,3152247,3738678,586431
ADD,3233781,3926985,693204
ADD,581828,1228830,647002
RETRIEVE,2306138,2587790,281652
DELETE,2529036,3423575,894539
RETRIEVE,2890859,3145643,254784
RETRIEVE,1599925,1777333,177408
DELETE,3339671,4155685,816014
RETRIEVE,3742198,3810432,68234
RETRIEVE,1668402,1895344,226942
ADD,3225113,4508667,1283554
RETRIEVE,316602,464284,147682
ADD,41543,634478,592935
ADD,1927827,2873525,945698
ADD,1537161,2219415,682254
RETRIEVE,2253780,2430476,176696
RETRIEVE,209951,266097,56146
RETRIEVE,1067990,1274072,206082
DELETE,1030542,1816465,785923
RETRIEVE,688685,977851,289166
RETRIEVE,1005934,1170372,164438
DELETE,1144980,1611316,466336
ADD,2202689,3433075,1230386
RETRIEVE,4713114,4840796,127682
RETRIEVE,1033379,1293323,259944
ADD,2528439,3591564,1063125
RETRIEVE,4343658,4515590,171932
ADD,1645909,2446349,800440
RETRIEVE,2735111,2976321,241210
DELETE,3571196,4402459,831263
RETRIEVE,430458,638240,207782
ADD,2913835,4138458,1224623
DELETE,3328661,4328167,999506
ADD,1699473,2712700,1013227
ADD,2051651,2812078,760427
RETRIEVE,3887836,4031218,143382
DELETE,245407,1010383,764976
RETRIEVE,32711,162051,129340
DELETE,175256,613326,438070
ADD,3263378,4009519,746141
RETRIEVE,4508940,4692840,183900
RETRIEVE,3080926,3246130,165204
DELETE,26046,1067409,1041363
ADD,2292584,2976014,683430
DELETE,2581828,3250667,668839
RETRIEVE,4620235,4796023,175788
ADD,2337569,3165516,827947
RETRIEVE,4414571,4688337,273766
ADD,4222024,4853008,630984
DELETE,2263378,3330866,1067488
ADD,1497055,2304351,807296
DELETE,52829,633618,580789
RETRIEVE,1743449,1877747,134298
ADD,205168,865502,660334
RETRIEVE,2569967,2759225,189258
ADD,612426,1144845,532419
RETRIEVE,1618305,1848735,230430
DELETE,1900770,2833423,932653
RETRIEVE,3463149,3686069,222920
RETRIEVE,3073663,3216929,143266
RETRIEVE,3751831,3973585,221754
RETRIEVE,3505569,3783131,277562
DELETE,1988997,2704621,715624
DELETE,2662506,3510408,847902
ADD,3496826,4642812,1145986
DELETE,1004836,2004462,999626
RETRIEVE,3447104,3562322,115218
DELETE,824686,2145715,1321029
DELETE,2097897,2442915,345018
RETRIEVE,2071912,2310892,238980
RETRIEVE,3845453,3949001,103548
DELETE,735916,1536421,800505
DELETE,368767,1550338,1181571
DELETE,4133358,4881093,747735
RETRIEVE,3638663,3744815,106152
ADD,1035638,1345803,310165
RETRIEVE,3770387,3902309,131922
ADD,1628214,2458486,830272
DELETE,418165,1593909,1175744
ADD,3287516,4366891,1079375
DELETE,3353707,4185128,831421
RETRIEVE,4255715,4422329,166614
RETRIEVE,4700040,4878488,178448
RETRIEVE,931422,1077320,145898
DELETE,4054531,4767292,712761
ADD,2217713,3184895,967182
DELETE,4836,1007964,1003128
DELETE,1495492,2152027,656535
RETRIEVE,2799295,2980687,181392
RETRIEVE,267072,466782,199710
RETRIEVE,3677690,3847200,169510
ADD,83468,603464,519996
ADD,2209322,3190429,981107
ADD,3701414,4441672,740258
RETRIEVE,3546593,3824583,277990
RETRIEVE,3067990,3185200,117210
RETRIEVE,1376799,1563005,186206
ADD,3187450,4293377,1105927
ADD,144877,932569,787692
DELETE,1137485,2250805,1113320
ADD,3108455,4258888,1150433
DELETE,2665023,3903533,1238510
DELETE,755954,1324773,568819
ADD,904193,1751891,847698
ADD,2475922,3404814,928892
RETRIEVE,2874783,3112247,237464
DELETE,2035467,2835175,799708
RETRIEVE,3355879,3655517,299638
RETRIEVE,3497774,3670314,172540
DELETE,1618347,2306298,687951
RETRIEVE,2325970,2522874,196904
RETRIEVE,67585,279635,212050
ADD,2035638,2793888,758250
ADD,4026046,4870696,844650
RETRIEVE,713694,910370,196676
ADD,3676621,4696120,1019499
RETRIEVE,1650740,1866072,215332
ADD,353827,1373409,1019582
RETRIEVE,1059446,1278472,219026
ADD,3553735,4524604,970869
RETRIEVE,3848537,3909909,61372
DELETE,1182324,2125131,942807
DELETE,3713105,4425283,712178
RETRIEVE,519729,826229,306500
RETRIEVE,4789846,4875546,85700
DELETE,77467,1246846,1169379
RETRIEVE,1164799,1288807,124008
DELETE,2966538,3957437,990899
ADD,3790905,4214921,424016
ADD,1716356,2502066,785710
DELETE,3039678,4422343,1382665
RETRIEVE,2639538,2767884,128346
RETRIEVE,1012345,1237171,224826
RETRIEVE,1403487,1494547,91060
RETRIEVE,2773516,3049556,276040
ADD,758123,1638210,880087
DELETE,2152856,3346276,1193420
RETRIEVE,3656726,3692610,35884
RETRIEVE,2725700,2847610,121910
ADD,3306506,4499083,1192577
RETRIEVE,837289,1019697,182408
DELETE,1509005,2498728,989723
RETRIEVE,3820435,3921877,101442
DELETE,1667312,2409488,742176
ADD,653848,1590235,936387
RETRIEVE,4543750,4674366,130616
RETRIEVE,4519561,4749249,229688
RETRIEVE,2520773,2724421,203648
RETRIEVE,4146314,4365474,219160
ADD,3597461,4168152,570691
DELETE,1681062,2139690,458628
ADD,1073972,1738410,664438
DELETE,2075492,2920142,844650
RETRIEVE,2374850,2474628,99778
RETRIEVE,4033050,4269308,236258
RETRIEVE,521008,732624,211616
RETRIEVE,992832,1166664,173832
ADD,2406660,2869179,462519
ADD,3117384,3984139,866755
RETRIEVE,1836291,2092095,255804
DELETE,1889131,2766735,877604
RETRIEVE,4591064,4741378,150314
DELETE,949072,2445107,1496035
RETRIEVE,3133358,3374336,240978
ADD,2208361,3302420,1094059
ADD,3001580,4346039,1344459
ADD,1355879,2618718,1262839
ADD,3553128,4146711,593583
DELETE,3955854,4809787,853933
RETRIEVE,2546593,2738665,192072
ADD,2723752,3399252,675500
RETRIEVE,69220,235928,166708
RETRIEVE,1102562,1217500,114938
RETRIEVE,202433,312827,110394
DELETE,3290342,3972957,682615
RETRIEVE,3993065,4031801,38736
RETRIEVE,3927827,3955641,27814
DELETE,1791047,3016902,1225855
RETRIEVE,4630485,4777419,146934
RETRIEVE,695260,910674,215414
DELETE,390379,1292599,902220
RETRIEVE,938195,996773,58578
RETRIEVE,1604031,1749059,145028
RETRIEVE,1866957,2017709,150752
RETRIEVE,1722150,1933934,211784
RETRIEVE,1867776,1966116,98340
RETRIEVE,2422716,2679666,256950
ADD,3685047,4491185,806138
ADD,2571501,3893392,1321891
ADD,2883573,3493971,610398
RETRIEVE,687328,935544,248216
ADD,1091812,2294534,1202722
ADD,3297786,3724767,426981
RETRIEVE,1957741,2179825,222084
ADD,3599925,4466078,866153
RETRIEVE,3158453,3414471,256018
RETRIEVE,1980703,2220155,239452
DELETE,2701390,3446466,745076
DELETE,181389,810974,629585
RETRIEVE,553128,733428,180300
RETRIEVE,537161,645255,108094
RETRIEVE,3529036,3664958,135922
ADD,3992864,4706830,713966
RETRIEVE,2852696,3101896,249200
RETRIEVE,519561,775331,255770
DELETE,3080527,4250230,1169703
DELETE,3725700,4360955,635255
RETRIEVE,1080782,1281336,200554
RETRIEVE,993185,1164573,171388
RETRIEVE,1353827,1541967,188140
