type,start,end,duration
ADD,2887642,3382225,494583
RETRIEVE,1274588,1401386,126798
ADD,2646944,3192649,545705
ADD,2344067,3066806,722739
ADD,2512870,2851857,338987
RETRIEVE,1320315,1422109,101794
ADD,3043102,3886761,843659
RETRIEVE,657407,748223,90816
RETRIEVE,2175256,2237578,62322
ADD,1401771,1934552,532781
RETRIEVE,4113180,4209762,96582
RETRIEVE,218034,309892,91858
ADD,789846,1327704,537858
RETRIEVE,3593556,3657034,63478
ADD,3528439,3765137,236698
ADD,363130,816561,453431
RETRIEVE,3989124,4090244,101120
RETRIEVE,4553128,4682670,129542
RETRIEVE,3669572,3755244,85672
RETRIEVE,1102562,1150942,48380
RETRIEVE,2770697,2863231,92534
ADD,475922,937292,461370
ADD,4029366,4380461,351095
ADD,662506,1062434,399928
ADD,3753918,4155208,401290
DELETE,2557627,3014050,456423
RETRIEVE,3660228,3739870,79642
RETRIEVE,1638997,1711317,72320
RETRIEVE,3101469,3204035,102566
DELETE,1354113,1793378,439265
DELETE,1202433,1557901,355468
RETRIEVE,3419838,3505116,85278
RETRIEVE,1569967,1650455,80488
DELETE,1639538,2102641,463103
DELETE,1247188,1939280,692092
DELETE,880594,1238916,358322
DELETE,2952643,3435451,482808
DELETE,1667312,2007929,340617
DELETE,786418,1057617,271199
RETRIEVE,3684746,3781038,96292
RETRIEVE,3771852,3868406,96554
ADD,4161877,4381361,219484
RETRIEVE,3696796,3862644,165848
RETRIEVE,337569,473585,136016
RETRIEVE,253780,355108,101328
RETRIEVE,1688909,1771719,82810
DELETE,3022059,3463677,441618
DELETE,763060,1181684,418624
RETRIEVE,2724203,2847031,122828
DELETE,1447104,1773556,326452
DELETE,2188138,2641708,453570
DELETE,2534467,2935924,401457
DELETE,3274588,3803376,528788
RETRIEVE,833995,957607,123612
RETRIEVE,1713694,1851804,138110
RETRIEVE,2681038,2799832,118794
DELETE,3979265,4542711,563446
RETRIEVE,40496,160554,120058
DELETE,2775572,3080030,304458
RETRIEVE,1682992,1755280,72288
RETRIEVE,1953635,2013513,59878
DELETE,4067442,4609543,542101
DELETE,958715,1354771,396056
DELETE,1521008,1751017,230009
RETRIEVE,4699473,4779087,79614
DELETE,3051597,3303331,251734
RETRIEVE,770725,856477,85752
ADD,2937063,3445413,508350
ADD,3233072,3601084,368012
DELETE,4234315,4693610,459295
RETRIEVE,4569967,4696873,126906
ADD,496826,894596,397770
RETRIEVE,2130114,2237806,107692
RETRIEVE,3833995,3962445,128450
RETRIEVE,2224445,2313001,88556
ADD,2660066,3108670,448604
RETRIEVE,1409780,1513330,103550
ADD,4015884,4326290,310406
ADD,101972,557107,455135
ADD,1969085,2490582,521497
ADD,3233426,3676295,442869
ADD,2958715,3509422,550707
DELETE,4511933,4788348,276415
RETRIEVE,4190823,4294629,103806
RETRIEVE,3692556,3765316,72760
DELETE,618347,988110,369763
RETRIEVE,1394635,1463469,68834
ADD,2290271,2794406,504135
ADD,2019887,2636771,616884
ADD,575523,1051967,476444
RETRIEVE,1943630,2097974,154344
ADD,1722150,2190181,468031
DELETE,1956235,2464317,508082
RETRIEVE,2339671,2454925,115254
RETRIEVE,4455987,4554873,98886
DELETE,1542006,2047734,505728
RETRIEVE,4558943,4696071,137128
ADD,4445431,4884668,439237
ADD,2342738,2947439,604701
RETRIEVE,2652241,2741067,88826
DELETE,1827418,2328218,500800
RETRIEVE,4142993,4271943,128950
DELETE,1865406,2205013,339607
RETRIEVE,4176154,4266792,90638
RETRIEVE,2414571,2498735,84164
RETRIEVE,3374850,3491260,116410
ADD,4253780,4630371,376591
ADD,4305699,4791268,485569
ADD,294842,695882,401040
RETRIEVE,1218034,1265044,47010
ADD,650740,905392,254652
RETRIEVE,442729,539089,96360
DELETE,3178172,3699039,520867
ADD,725700,1219088,493388
ADD,3560385,3990969,430584
DELETE,2374850,2835470,460620
RETRIEVE,1993065,2099975,106910
ADD,2784938,3092018,307080
RETRIEVE,3248779,3311131,62352
DELETE,2752398,3086966,334568
ADD,685108,1126235,441127
ADD,1972704,2446016,473312
DELETE,243200,790100,546900
RETRIEVE,2806865,2859225,52360
RETRIEVE,125953,205759,79806
DELETE,1475922,2003950,528028
ADD,2763060,3423496,660436
RETRIEVE,1453612,1542322,88710
DELETE,512870,992473,479603
RETRIEVE,4292039,4355685,63646
ADD,3063717,3569798,506081
ADD,1808868,2204850,395982
DELETE,2091812,2504257,412445
RETRIEVE,3570513,3636741,66228
RETRIEVE,3457312,3626038,168726
RETRIEVE,1268180,1367584,99404
ADD,1294842,1838055,543213
ADD,3677690,4161323,483633
DELETE,4741049,4855808,114759
ADD,1178172,1456754,278582
RETRIEVE,1835347,1956813,121466
DELETE,2802422,3269805,467383
ADD,2495492,2900377,404885
ADD,630485,825567,195082
RETRIEVE,3558310,3618930,60620
DELETE,2238523,2716245,477722
DELETE,4164799,4505249,340450
ADD,1190823,1653713,462890
ADD,928646,1266614,337968
DELETE,3427080,3705134,278054
DELETE,520362,940014,419652
ADD,4375291,4764750,389459
ADD,2015884,2244253,228369
RETRIEVE,4100097,4269315,169218
DELETE,2187552,2632876,445324
DELETE,3940663,4625853,685190
ADD,3026046,3601276,575230
RETRIEVE,48947,172509,123562
RETRIEVE,959787,1065739,105952
DELETE,534819,855110,320291
RETRIEVE,1337569,1424343,86774
DELETE,1812737,2156708,343971
DELETE,3752398,4073161,320763
DELETE,1391545,1815885,424340
DELETE,3380026,3840053,460027
RETRIEVE,2073663,2159219,85556
RETRIEVE,4557627,4643539,85912
ADD,785893,1288258,502365
RETRIEVE,1872757,1987369,114612
DELETE,2674059,3254265,580206
RETRIEVE,3727411,3786257,58846
DELETE,3476740,3847921,371181
RETRIEVE,557319,679659,122340
ADD,1052829,1384765,331936
RETRIEVE,325970,428700,102730
DELETE,268180,743577,475397
RETRIEVE,3231730,3303006,71276
DELETE,1786418,2169828,383410
DELETE,1818101,2287068,468967
ADD,625578,1002947,377369
ADD,968330,1094707,126377
RETRIEVE,3348464,3443506,95042
DELETE,1088935,1476412,387477
ADD,4030530,4408131,377601
RETRIEVE,2622727,2688213,65486
RETRIEVE,3394635,3430643,36008
ADD,2192811,2599919,407108
DELETE,2457312,2805850,348538
ADD,332146,479544,147398
RETRIEVE,4484488,4591808,107320
RETRIEVE,2712929,2830423,117494
ADD,2593714,2974419,380705
RETRIEVE,4474974,4593036,118062
ADD,1992832,2598061,605229
DELETE,1050246,1563451,513205
RETRIEVE,2181921,2293391,111470
RETRIEVE,1203874,1311232,107358
ADD,2793656,3176325,382669
RETRIEVE,4243200,4356280,113080
RETRIEVE,3823567,3941575,118008
RETRIEVE,3757136,3896022,138886
RETRIEVE,4653848,4745820,91972
DELETE,2238339,2523166,284827
DELETE,3071666,3460208,388542
ADD,742657,1158659,416002
ADD,4182425,4607997,425572
RETRIEVE,855776,935994,80218
DELETE,1752926,2220846,467920
RETRIEVE,3482903,3550009,67106
ADD,4035638,4602410,566772
RETRIEVE,1026046,1154308,128262
RETRIEVE,4328661,4440705,112044
ADD,1622353,2178767,556414
RETRIEVE,4497774,4579576,81802
RETRIEVE,4187450,4245286,57836
DELETE,3075535,3580420,504885
RETRIEVE,317878,406768,88890
DELETE,1056048,1572180,516132
ADD,1082515,1368666,286151
RETRIEVE,3496826,3595934,99108
RETRIEVE,2702088,2845304,143216
DELETE,2950506,3324883,374377
DELETE,71912,504210,432298
DELETE,463367,752020,288653
DELETE,685030,1074647,389617
ADD,1625100,2376290,751190
DELETE,826758,1369526,542768
RETRIEVE,2700040,2777942,77902
ADD,3620665,3972029,351364
ADD,3484488,4019668,535180
DELETE,4345800,4841782,495982
RETRIEVE,2618971,2697959,78988
RETRIEVE,2927586,2986712,59126
ADD,1334256,1934482,600226
RETRIEVE,3391545,3495493,103948
RETRIEVE,799295,915501,116206
RETRIEVE,2121552,2261654,140102
ADD,4232638,4665603,432965
RETRIEVE,557244,650268,93024
RETRIEVE,1890859,1951993,61134
RETRIEVE,2244809,2334313,89504
RETRIEVE,1912016,1984216,72200
DELETE,3936712,4292819,356107
ADD,91812,640046,548234
RETRIEVE,4537231,4637143,99912
ADD,4438780,4809646,370866
RETRIEVE,1618971,1725253,106282
DELETE,2612426,3024583,412157
RETRIEVE,3441810,3559506,117696
ADD,855768,1140391,284623
DELETE,4098413,4441402,342989
ADD,845453,1417024,571571
RETRIEVE,4188138,4285976,97838
RETRIEVE,3511480,3613306,101826
ADD,3734114,4173259,439145
RETRIEVE,2394254,2537318,143064
DELETE,3656726,3833640,176914
DELETE,3558943,4138241,579298
ADD,3371455,3780833,409378
ADD,3052829,3285265,232436
DELETE,3467956,3845501,377545
RETRIEVE,326982,382456,55474
DELETE,4836,318809,313973
RETRIEVE,2616523,2731123,114600
RETRIEVE,1354539,1438365,83826
DELETE,2106893,2726491,619598
DELETE,3268180,3682320,414140
RETRIEVE,1343658,1449050,105392
RETRIEVE,3848537,3935263,86726
ADD,2872085,3543092,671007
DELETE,3606602,4034389,427787
RETRIEVE,4372638,4506618,133980
RETRIEVE,2422716,2482738,60022
RETRIEVE,4665023,4775263,110240
DELETE,4012344,4704492,692148
DELETE,4264427,4664661,400234
RETRIEVE,305930,408610,102680
RETRIEVE,91891,170075,78184
ADD,4181793,4631731,449938
RETRIEVE,4502047,4568103,66056
RETRIEVE,4172560,4282896,110336
RETRIEVE,2625578,2748790,123212
RETRIEVE,2067585,2176301,108716
RETRIEVE,3117384,3179514,62130
RETRIEVE,620339,732585,112246
RETRIEVE,1339671,1402661,62990
RETRIEVE,2789846,2923256,133410
DELETE,2375291,2876906,501615
ADD,2880313,3309424,429111
ADD,3290271,3716835,426564
RETRIEVE,853326,951266,97940
RETRIEVE,2390379,2437009,46630
RETRIEVE,1255133,1334055,78922
RETRIEVE,4144877,4257613,112736
ADD,4238339,4661178,422839
DELETE,667312,978496,311184
DELETE,2463149,2765319,302170
DELETE,1210721,1595493,384772
RETRIEVE,1546883,1634425,87542
ADD,2822893,3322655,499762
RETRIEVE,4193572,4275776,82204
RETRIEVE,1071666,1161496,89830
ADD,2865406,3369458,504052
DELETE,4232687,4782820,550133
RETRIEVE,4454119,4565971,111852
ADD,4307284,4813133,505849
ADD,1937063,2360078,423015
ADD,3372638,3876847,504209
ADD,136292,511651,375359
RETRIEVE,1391430,1523224,131794
ADD,185801,586424,400623
ADD,41547,482508,440961
RETRIEVE,2974925,3067981,93056
RETRIEVE,4080926,4111180,30254
RETRIEVE,2213881,2293425,79544
DELETE,803388,1271308,467920
RETRIEVE,1334940,1426078,91138
RETRIEVE,3778770,3824524,45754
DELETE,1800560,2301647,501087
RETRIEVE,3900859,4009989,109130
DELETE,2938680,3544993,606313
RETRIEVE,4353707,4461783,108076
DELETE,2592261,3117000,524739
DELETE,2220705,2934763,714058
RETRIEVE,2231610,2340160,108550
RETRIEVE,3802422,3867184,64762
RETRIEVE,2218034,2323376,105342
ADD,2033379,2495917,462538
ADD,4051597,4663181,611584
DELETE,1937249,2361960,424711
DELETE,1481414,1771475,290061
RETRIEVE,2077467,2167861,90394
RETRIEVE,2353707,2433641,79934
ADD,947266,1360683,413417
RETRIEVE,26046,129018,102972
RETRIEVE,2332146,2427460,95314
RETRIEVE,2014863,2157557,142694
RETRIEVE,3742657,3815801,73144
RETRIEVE,222510,302948,80438
RETRIEVE,4280987,4343317,62330
RETRIEVE,892509,980187,87678
RETRIEVE,3071912,3134946,63034
RETRIEVE,4558259,4690015,131756
RETRIEVE,2306506,2390698,84192
ADD,4125953,4597329,471376
DELETE,248459,738957,490498
RETRIEVE,2193572,2310458,116886
ADD,1978846,2582917,604071
DELETE,957618,1407241,449623
RETRIEVE,1669212,1741958,72746
RETRIEVE,1216080,1319546,103466
RETRIEVE,2994409,3109333,114924
RETRIEVE,2871200,2957264,86064
ADD,3698880,4099976,401096
RETRIEVE,2630485,2717763,87278
ADD,1913967,2431591,517624
RETRIEVE,3521008,3628438,107430
RETRIEVE,4546593,4673797,127204
RETRIEVE,3902750,3998258,95508
ADD,3091070,3700236,609166
RETRIEVE,4571501,4658515,87014
RETRIEVE,1673610,1729522,55912
RETRIEVE,182425,262019,79594
DELETE,2392900,2664256,271356
DELETE,4197135,4613146,416011
RETRIEVE,1222024,1301764,79740
RETRIEVE,2484488,2600700,116212
ADD,3770697,4128333,357636
RETRIEVE,2092225,2150775,58550
ADD,3581104,4101693,520589
ADD,4528691,4819512,290821
DELETE,1696796,2206879,510083
ADD,302822,615155,312333
RETRIEVE,324152,379762,55610
DELETE,3866957,4334729,467772
ADD,2867824,3211248,343424
DELETE,2151893,2524880,372987
RETRIEVE,1560340,1633268,72928
DELETE,4115351,4670190,554839
ADD,1874783,2247335,372552
DELETE,3509371,3868147,358776
RETRIEVE,521008,658700,137692
ADD,3493852,3675473,181621
DELETE,1505569,1891443,385874
DELETE,3041964,3451425,409461
RETRIEVE,4663709,4785435,121726
DELETE,1442729,1895187,452458
ADD,1770387,2157827,387440
DELETE,650880,1078176,427296
RETRIEVE,946010,995974,49964
RETRIEVE,3991418,4066930,75512
DELETE,676621,1065080,388459
DELETE,1095066,1454416,359350
RETRIEVE,4202433,4284333,81900
ADD,363551,884232,520681
RETRIEVE,3419781,3502571,82790
RETRIEVE,1834916,1940250,105334
ADD,2362585,2629707,267122
DELETE,4321705,4782204,460499
RETRIEVE,2835347,2940911,105564
RETRIEVE,2004403,2115333,110930
RETRIEVE,2330227,2435607,105380
RETRIEVE,3302822,3395030,92208
ADD,2668387,2722473,54086
RETRIEVE,3337065,3379223,42158
RETRIEVE,4599925,4671029,71104
DELETE,1558310,1937375,379065
DELETE,1633008,1873115,240107
RETRIEVE,3152247,3206275,54028
RETRIEVE,3893021,3972019,78998
DELETE,2442729,2777213,334484
DELETE,1014179,1427930,413751
ADD,3526505,3923849,397344
RETRIEVE,4387178,4501140,113962
RETRIEVE,3489436,3580572,91136
ADD,3571196,4175758,604562
ADD,1073663,1188246,114583
ADD,1433245,2090401,657156
DELETE,3048947,3471166,422219
RETRIEVE,3426722,3505766,79044
ADD,4055030,4483233,428203
RETRIEVE,3472067,3613597,141530
ADD,3201761,3705850,504089
DELETE,3546780,4138168,591388
RETRIEVE,657545,767449,109904
ADD,966538,1718636,752098
DELETE,1855776,2268109,412333
RETRIEVE,3151573,3226587,75014
RETRIEVE,2035467,2146305,110838
DELETE,3224445,3875811,651366
ADD,3676621,4124280,447659
ADD,2174069,2621348,447279
RETRIEVE,2889091,2980415,91324
ADD,3292584,3674623,382039
RETRIEVE,2530951,2613315,82364
ADD,857388,1324141,466753
ADD,3209322,3529493,320171
DELETE,1622815,2073716,450901
DELETE,733298,1360493,627195
RETRIEVE,662827,722747,59920
DELETE,2642499,2851904,209405
RETRIEVE,531837,634499,102662
DELETE,612978,1001344,388366
DELETE,727411,1079785,352374
DELETE,3917240,4493267,576027
DELETE,2681454,3036755,355301
ADD,1987386,2479579,492193
DELETE,3146314,3629345,483031
ADD,3275578,3961602,686024
DELETE,1344067,1619722,275655
DELETE,2992864,3445164,452300
RETRIEVE,3722150,3805952,83802
RETRIEVE,4373920,4446042,72122
RETRIEVE,331155,417289,86134
RETRIEVE,3874783,3981663,106880
DELETE,2786418,3041821,255403
DELETE,3696765,4132232,435467
DELETE,1292197,1920142,627945
ADD,1507148,1939817,432669
RETRIEVE,3758764,3834878,76114
ADD,225100,620100,395000
RETRIEVE,2164799,2227605,62806
ADD,3101557,3568041,466484
RETRIEVE,1187552,1328998,141446
ADD,2140994,2414546,273552
DELETE,3102562,3520565,418003
RETRIEVE,1237473,1323691,86218
RETRIEVE,1988997,2045325,56328
RETRIEVE,2101469,2217513,116044
ADD,466783,950657,483874
RETRIEVE,4427080,4519136,92056
ADD,225113,687113,462000
RETRIEVE,927586,1055970,128384
RETRIEVE,2233426,2311276,77850
ADD,679816,1125585,445769
RETRIEVE,2612426,2723256,110830
RETRIEVE,3353827,3424501,70674
ADD,1408733,2002706,593973
ADD,3688909,3993367,304458
RETRIEVE,3320315,3405103,84788
RETRIEVE,1487338,1510688,23350
RETRIEVE,1706061,1813115,107054
RETRIEVE,3339671,3434779,95108
DELETE,290271,784947,494676
ADD,582433,1108608,526175
ADD,4040496,4647207,606711
RETRIEVE,660066,742146,82080
RETRIEVE,4652241,4724821,72580
DELETE,1942984,2332805,389821
RETRIEVE,4646944,4754542,107598
DELETE,3809699,4297890,488191
RETRIEVE,3766938,3827450,60512
DELETE,681454,1048781,367327
RETRIEVE,3077467,3153515,76048
RETRIEVE,1656726,1746804,90078
DELETE,4192811,4497084,304273
RETRIEVE,1574515,1679291,104776
RETRIEVE,900859,976345,75486
RETRIEVE,1294154,1446076,151922
ADD,2603866,2857508,253642
DELETE,3098413,3641533,543120
ADD,766938,1139647,372709
RETRIEVE,1536292,1654174,117882
ADD,3597461,4305961,708500
ADD,4342738,4657850,315112
RETRIEVE,1254258,1374188,119930
DELETE,3273584,4093137,819553
RETRIEVE,1216750,1322262,105512
RETRIEVE,1963467,2044951,81484
RETRIEVE,2778770,2903874,125104
RETRIEVE,2959787,3065637,105850
RETRIEVE,2090969,2183459,92490
RETRIEVE,2647330,2686266,38936
ADD,2352262,2794279,442017
ADD,2433245,2915562,482317
RETRIEVE,2277539,2383839,106300
DELETE,4231730,4659971,428241
RETRIEVE,4267984,4301062,33078
DELETE,1509371,1893531,384160
DELETE,2487338,2839842,352504
ADD,2688909,3020864,331955
ADD,3053446,3430630,377184
RETRIEVE,4089776,4172380,82604
RETRIEVE,498305,584577,86272
RETRIEVE,4205650,4277196,71546
RETRIEVE,290342,378120,87778
RETRIEVE,1454491,1508445,53954
ADD,1935942,2299202,363260
ADD,1992914,2455655,462741
DELETE,2232687,2874918,642231
RETRIEVE,2521008,2622292,101284
ADD,1054531,1445056,390525
RETRIEVE,569727,647427,77700
RETRIEVE,1508940,1643304,134364
ADD,2938195,3016202,78007
ADD,982500,1536645,554145
RETRIEVE,1742198,1813080,70882
RETRIEVE,5934,76778,70844
ADD,4080527,4568023,487496
RETRIEVE,612426,679884,67458
RETRIEVE,1101469,1189995,88526
ADD,1476459,1931159,454700
RETRIEVE,2017220,2144988,127768
DELETE,420583,966362,545779
RETRIEVE,343810,420364,76554
DELETE,1205650,1668558,462908
DELETE,1171355,1631790,460435
RETRIEVE,1836291,1949387,113096
DELETE,366014,786018,420004
DELETE,2398856,2946006,547150
DELETE,1187450,1575196,387746
ADD,2175517,2576390,400873
ADD,3239056,3597442,358386
ADD,1035638,1478859,443221
RETRIEVE,2419781,2449451,29670
DELETE,2581017,3055534,474517
RETRIEVE,3747813,3846375,98562
ADD,1217713,1745676,527963
RETRIEVE,4233072,4320088,87016
ADD,1573673,1891824,318151
DELETE,1770181,2307890,537709
ADD,255715,546610,290895
ADD,3423665,3659918,236253
ADD,220884,461779,240895
RETRIEVE,2059144,2162650,103506
ADD,812737,1012868,200131
ADD,2793600,3204711,411111
RETRIEVE,2546780,2676696,129916
RETRIEVE,1253780,1340096,86316
ADD,1983600,2617595,633995
ADD,1597461,2285162,687701
DELETE,1175517,1605490,429973
RETRIEVE,4463945,4578469,114524
RETRIEVE,3108906,3197976,89070
DELETE,3067585,3293314,225729
RETRIEVE,2653848,2737878,84030
ADD,3220705,3789367,568662
DELETE,1983783,2516573,532790
ADD,2696765,2917824,221059
DELETE,2441810,3178001,736191
DELETE,608099,1277429,669330
DELETE,4238523,4559898,321375
ADD,1665303,2113722,448419
DELETE,2850275,3281990,431715
RETRIEVE,1409949,1528557,118608
RETRIEVE,3998733,4100033,101300
DELETE,1373920,1651279,277359
RETRIEVE,1547293,1619103,71810
DELETE,4140994,4480518,339524
ADD,684746,1177199,492453
DELETE,2620235,3022924,402689
RETRIEVE,1618139,1723987,105848
RETRIEVE,2438780,2504144,65364
ADD,4102519,4583576,481057
RETRIEVE,4230873,4290921,60048
RETRIEVE,3463149,3592065,128916
DELETE,4366355,4762763,396408
RETRIEVE,4095066,4218980,123914
RETRIEVE,362585,470551,107966
RETRIEVE,3520926,3564778,43852
RETRIEVE,4137258,4168142,30884
RETRIEVE,1338607,1445655,107048
DELETE,2098653,2628738,530085
DELETE,2368767,2833889,465122
ADD,2669572,2943207,273635
DELETE,3667799,4225788,557989
DELETE,3218645,3798332,579687
DELETE,2245407,2789527,544120
RETRIEVE,4478322,4570494,92172
RETRIEVE,3366355,3459633,93278
DELETE,4044241,4520722,476481
RETRIEVE,3841965,3891623,49658
DELETE,231730,647806,416076
RETRIEVE,2502047,2613417,111370
RETRIEVE,3403856,3510736,106880
ADD,751831,978588,226757
RETRIEVE,3502047,3575689,73642
RETRIEVE,263333,343709,80376
ADD,622353,1282594,660241
DELETE,2980703,3465123,484420
RETRIEVE,1225100,1318480,93380
RETRIEVE,2353827,2431821,77994
DELETE,2667641,3178335,510694
RETRIEVE,4447104,4489310,42206
ADD,4418027,4892682,474655
ADD,3233781,3580124,346343
DELETE,318801,729124,410323
DELETE,16741,450179,433438
RETRIEVE,4656726,4728834,72108
DELETE,1559448,1943580,384132
DELETE,1650740,2148112,497372
DELETE,4208361,4688751,480390
RETRIEVE,2091070,2225914,134844
ADD,3261066,3991013,729947
RETRIEVE,1866274,1983804,117530
RETRIEVE,723752,810716,86964
ADD,698766,1000296,301530
ADD,2418027,2795609,377582
RETRIEVE,2028023,2083397,55374
ADD,352262,809593,457331
DELETE,4125255,4720895,595640
RETRIEVE,660240,818408,158168
ADD,2197135,2658811,461676
ADD,2544894,2991024,446130
RETRIEVE,3234315,3394577,160262
RETRIEVE,4765420,4841528,76108
RETRIEVE,2132699,2247439,114740
ADD,2628214,3288566,660352
RETRIEVE,3213881,3231467,17586
DELETE,3596907,4192890,595983
DELETE,1693962,2098013,404051
RETRIEVE,1685047,1775753,90706
ADD,1441810,1906645,464835
ADD,2836463,3236577,400114
ADD,3144980,3604646,459666
RETRIEVE,4382928,4472846,89918
RETRIEVE,2309998,2424974,114976
DELETE,3756722,4286770,530048
ADD,1188298,1630898,442600
DELETE,240322,576881,336559
DELETE,893021,1327700,434679
ADD,1122232,1816900,694668
ADD,2866274,3262839,396565
ADD,2558943,3136091,577148
DELETE,205168,693109,487941
DELETE,2771973,3138790,366817
RETRIEVE,3336860,3446266,109406
RETRIEVE,1269349,1342487,73138
RETRIEVE,561010,669586,108576
RETRIEVE,2792880,2866458,73578
RETRIEVE,267072,338322,71250
RETRIEVE,1628429,1722439,94010
ADD,1213881,1655212,441331
ADD,2655627,3282034,626407
DELETE,3292039,3664322,372283
RETRIEVE,3867824,3944566,76742
RETRIEVE,3765420,3859968,94548
RETRIEVE,1235124,1333756,98632
ADD,2267072,2642181,375109
RETRIEVE,640637,708725,68088
RETRIEVE,782698,880818,98120
ADD,1530606,1911070,380464
DELETE,1695260,1881253,185993
ADD,2756911,3193805,436894
RETRIEVE,2346194,2486974,140780
ADD,2859382,3341180,481798
RETRIEVE,3887836,4011122,123286
RETRIEVE,3459222,3528612,69390
ADD,3512870,3952617,439747
DELETE,4192565,4800128,607563
DELETE,3232638,3897965,665327
RETRIEVE,4234438,4315074,80636
DELETE,224296,794023,569727
DELETE,1993185,2328318,335133
DELETE,2770387,3325717,555330
DELETE,3203874,3631003,427129
RETRIEVE,4667799,4736445,68646
RETRIEVE,4771973,4848253,76280
RETRIEVE,4004403,4079969,75566
RETRIEVE,936712,1028708,91996
RETRIEVE,709086,828430,119344
DELETE,2874783,3301671,426888
ADD,1896783,2217046,320263
ADD,2497336,2951165,453829
RETRIEVE,3499537,3599461,99924
RETRIEVE,817254,903496,86242
RETRIEVE,3224296,3341326,117030
DELETE,4175133,4584159,409026
DELETE,589675,890316,300641
DELETE,604031,1157573,553542
ADD,1528691,1928832,400141
RETRIEVE,320315,414507,94192
DELETE,1889131,2297833,408702
DELETE,2766938,3184534,417596
RETRIEVE,1324152,1440792,116640
RETRIEVE,3827223,3922455,95232
RETRIEVE,4459222,4550716,91494
RETRIEVE,2345,120151,117806
RETRIEVE,3309998,3412562,102564
DELETE,3267072,3640522,373450
ADD,1307284,1730235,422951
RETRIEVE,75492,173084,97592
DELETE,2094840,2435337,340497
ADD,666804,1037957,371153
ADD,3193572,3783246,589674
RETRIEVE,2988997,3145103,156106
RETRIEVE,4278083,4353955,75872
ADD,1780596,2213172,432576
DELETE,3192272,3589032,396760
RETRIEVE,1502047,1599579,97532
RETRIEVE,4054531,4172209,117678
RETRIEVE,2752995,2847021,94026
ADD,1161877,1547631,385754
ADD,3115351,3808601,693250
RETRIEVE,4155379,4304201,148822
RETRIEVE,2713105,2825647,112542
RETRIEVE,232638,315312,82674
ADD,3510689,3961878,451189
DELETE,1493852,1939463,445611
ADD,4101972,4625850,523878
RETRIEVE,1606602,1722120,115518
ADD,2539203,2786749,247546
DELETE,463945,996161,532216
ADD,3290342,3729329,438987
RETRIEVE,1343889,1413171,69282
RETRIEVE,2466783,2561849,95066
DELETE,3230632,3845450,614818
DELETE,1949750,2242711,292961
RETRIEVE,3041543,3163929,122386
RETRIEVE,2030542,2162540,131998
ADD,3173432,3550560,377128
RETRIEVE,3497882,3609944,112062
ADD,3254666,3951928,697262
RETRIEVE,1219575,1358785,139210
RETRIEVE,3608160,3695530,87370
DELETE,187552,766053,578501
RETRIEVE,2387998,2492836,104838
ADD,827935,1375733,547798
RETRIEVE,1582433,1717167,134734
RETRIEVE,791047,814747,23700
RETRIEVE,1480389,1555087,74698
ADD,3406527,4025106,618579
RETRIEVE,1845394,1972630,127236
DELETE,1822893,2281975,459082
DELETE,3151922,3544124,392202
ADD,1067990,1442135,374145
DELETE,1039678,1849559,809881
ADD,479190,944016,464826
DELETE,2247188,2811070,563882
RETRIEVE,423714,535042,111328
DELETE,4557544,4884413,326869
ADD,983662,1213421,229759
DELETE,4348739,4644396,295657
RETRIEVE,2201761,2313881,112120
ADD,3589675,4132434,542759
DELETE,937249,1509969,572720
RETRIEVE,1872085,1991613,119528
DELETE,1949514,2400452,450938
RETRIEVE,667799,762201,94402
DELETE,2946010,3402313,456303
RETRIEVE,4082318,4152086,69768
RETRIEVE,3980703,4075199,94496
DELETE,3620235,3832076,211841
RETRIEVE,297786,360590,62804
ADD,2885032,3460337,575305
RETRIEVE,441810,531242,89432
DELETE,2217713,2759888,542175
RETRIEVE,4751537,4817417,65880
DELETE,674594,1104345,429751
RETRIEVE,2718147,2778833,60686
DELETE,3091812,3520469,428657
ADD,1921629,2323179,401550
RETRIEVE,2178172,2266358,88186
ADD,1082318,1503008,420690
ADD,2146205,2683220,537015
DELETE,286197,704682,418485
RETRIEVE,1337421,1408307,70886
RETRIEVE,2233581,2344347,110766
RETRIEVE,2088305,2169699,81394
RETRIEVE,667641,766521,98880
ADD,2326982,2643317,316335
DELETE,1642499,1996578,354079
RETRIEVE,2629706,2694288,64582
RETRIEVE,4137610,4228390,90780
RETRIEVE,2085239,2162615,77376
ADD,2708621,3083470,374849
RETRIEVE,406064,495044,88980
ADD,2091891,2523356,431465
RETRIEVE,4688909,4848597,159688
RETRIEVE,775572,861218,85646
DELETE,1546780,1933469,386689
ADD,1884058,2358556,474498
RETRIEVE,1306506,1441868,135362
RETRIEVE,4101557,4217017,115460
RETRIEVE,1292039,1393903,101864
ADD,4210771,4825301,614530
ADD,155379,672271,516892
ADD,380026,705561,325535
ADD,1550130,2075610,525480
RETRIEVE,3824686,3924898,100212
ADD,121552,578244,456692
RETRIEVE,1100097,1211985,111888
ADD,1710071,1960675,250604
RETRIEVE,435737,462507,26770
ADD,665303,1176618,511315
RETRIEVE,2499537,2586511,86974
ADD,2348739,2773737,424998
ADD,2799274,3097599,298325
RETRIEVE,1982500,2072328,89828
DELETE,199600,761443,561843
DELETE,1248459,1572900,324441
RETRIEVE,3638997,3722893,83896
ADD,1372638,1737899,365261
RETRIEVE,980703,1111599,130896
DELETE,4266573,4627081,360508
DELETE,2695260,3172871,477611
ADD,988997,1489760,500763
RETRIEVE,1921018,2028848,107830
ADD,2558310,2620299,61989
ADD,2479208,2884612,405404
ADD,1599925,2059276,459351
ADD,1144877,1584828,439951
ADD,2509005,2843952,334947
RETRIEVE,4040313,4125347,85034
ADD,2391430,2828574,437144
ADD,2867776,3334436,466660
DELETE,3571501,4061582,490081
RETRIEVE,2553735,2690271,136536
DELETE,4286197,4655367,369170
DELETE,1059144,1330315,271171
DELETE,2939255,3551340,612085
RETRIEVE,542006,650728,108722
DELETE,518828,1024445,505617
DELETE,2996456,3441817,445361
DELETE,4422716,4616593,193877
DELETE,3392900,3913044,520144
RETRIEVE,1955854,2043112,87258
RETRIEVE,294055,390299,96244
RETRIEVE,1201761,1285769,84008
DELETE,1575725,1883796,308071
RETRIEVE,1951257,2079511,128254
RETRIEVE,2044447,2155933,111486
RETRIEVE,2348464,2461148,112684
RETRIEVE,4074989,4159101,84112
DELETE,879213,1467951,588738
RETRIEVE,2866957,2962005,95048
RETRIEVE,248779,313529,64750
ADD,287837,1151794,863957
DELETE,2480389,2732975,252586
DELETE,2943630,3543402,599772
ADD,1267984,1627575,359591
RETRIEVE,3660218,3756046,95828
RETRIEVE,2883573,2985275,101702
DELETE,1938680,2329307,390627
DELETE,3632788,3978093,345305
DELETE,1602460,2167212,564752
ADD,4454491,4716518,262027
DELETE,2059781,2582834,523053
ADD,3507148,4035426,528278
DELETE,2032711,2506069,473358
DELETE,1071912,1661808,589896
DELETE,4132085,4550913,418828
RETRIEVE,807396,895584,88188
RETRIEVE,4071666,4134366,62700
RETRIEVE,4848537,4898613,50076
RETRIEVE,1233781,1321603,87822
RETRIEVE,697729,768563,70834
DELETE,1479208,1888679,409471
RETRIEVE,1865608,1945386,79778
RETRIEVE,2645909,2744171,98262
RETRIEVE,1374850,1490246,115396
RETRIEVE,4608160,4705974,97814
RETRIEVE,3620940,3675708,54768
DELETE,2363130,2873287,510157
ADD,56428,618308,561880
ADD,4239056,4630341,391285
RETRIEVE,922123,1035327,113204
ADD,3497055,4144363,647308
DELETE,4181389,4809631,628242
ADD,1684130,1825626,141496
ADD,2082442,2346711,264269
RETRIEVE,1531837,1614371,82534
ADD,97897,688303,590406
RETRIEVE,4625100,4783190,158090
DELETE,1620665,1973372,352707
DELETE,3205168,3495396,290228
RETRIEVE,3782698,3852288,69590
RETRIEVE,2748056,2896652,148596
RETRIEVE,452454,560546,108092
RETRIEVE,3324152,3422800,98648
ADD,1249406,1647945,398539
ADD,2368883,2744399,375516
RETRIEVE,4235124,4337962,102838
RETRIEVE,647330,725306,77976
ADD,1032711,1412387,379676
DELETE,1913835,2447765,533930
RETRIEVE,1664908,1707196,42288
ADD,1998362,2365457,367095
ADD,2791047,3319455,528408
DELETE,3822893,4260620,437727
RETRIEVE,94840,190770,95930
ADD,2680498,3257146,576648
DELETE,1880313,2124561,244248
RETRIEVE,3441699,3518767,77068
RETRIEVE,1656856,1695214,38358
ADD,3051651,3641964,590313
DELETE,3632401,4003239,370838
RETRIEVE,1497055,1608931,111876
RETRIEVE,3246413,3355311,108898
DELETE,499537,766492,266955
ADD,3194299,3640207,445908
ADD,3729694,4330550,600856
RETRIEVE,931422,1014604,83182
ADD,3387488,3521183,133695
RETRIEVE,3172560,3276382,103822
RETRIEVE,260841,349157,88316
DELETE,2529036,2947317,418281
ADD,2472067,2965844,493777
RETRIEVE,1632401,1762459,130058
RETRIEVE,1756911,1885083,128172
DELETE,152856,689009,536153
DELETE,4387998,4836296,448298
ADD,3406660,3866270,459610
RETRIEVE,2305930,2357294,51364
ADD,1125255,1625499,500244
RETRIEVE,2846038,2957674,111636
RETRIEVE,4639538,4761314,121776
DELETE,1414571,1855828,441257
ADD,3287516,3436146,148630
DELETE,3662827,4080840,418013
DELETE,1676621,2037657,361036
ADD,987386,1468795,481409
RETRIEVE,1802422,1846234,43812
RETRIEVE,646944,759324,112380
RETRIEVE,2278083,2428485,150402
RETRIEVE,2931422,3024660,93238
ADD,442717,867094,424377
DELETE,536292,1110615,574323
DELETE,1445303,1978779,533476
RETRIEVE,1893950,2025408,131458
RETRIEVE,4244809,4337509,92700
RETRIEVE,208599,370619,162020
ADD,2268480,2726339,457859
DELETE,130114,590428,460314
DELETE,1325970,1928772,602802
ADD,1040388,1410670,370282
RETRIEVE,1712803,1813297,100494
RETRIEVE,2647270,2738832,91562
RETRIEVE,2893021,2951471,58450
DELETE,1302389,1629712,327323
RETRIEVE,3537509,3649937,112428
DELETE,4059144,4635968,576824
DELETE,3665303,4102039,436736
RETRIEVE,986829,1111281,124452
ADD,2822639,3031302,208663
DELETE,2192565,2989791,797226
DELETE,1245040,1734296,489256
ADD,1174069,1609434,435365
RETRIEVE,4075535,4156595,81060
DELETE,1952643,2238591,285948
RETRIEVE,277539,343889,66350
ADD,549798,858212,308414
RETRIEVE,1422546,1494384,71838
RETRIEVE,2952547,3071521,118974
DELETE,4176751,4595597,418846
ADD,310715,708086,397371
ADD,3422716,3800215,377499
RETRIEVE,287516,380500,92984
RETRIEVE,1202689,1256409,53720
ADD,3681038,3973304,292266
RETRIEVE,3232165,3323581,91416
ADD,4171355,4738164,566809
ADD,2980104,3445032,464928
RETRIEVE,497336,567216,69880
ADD,17694,955499,937805
DELETE,3979461,4362519,383058
RETRIEVE,41964,156302,114338
DELETE,4188298,4658590,470292
RETRIEVE,2537509,2626841,89332
ADD,2192272,2594479,402207
ADD,3125255,3645603,520348
ADD,4069761,4701069,631308
DELETE,3406064,3939864,533800
ADD,135422,609448,474026
DELETE,1718147,2164963,446816
RETRIEVE,4785893,4876651,90758
ADD,1113180,1569362,456182
ADD,4273584,4883436,609852
ADD,55030,427888,372858
ADD,418165,707568,289403
DELETE,1176751,1605770,429019
RETRIEVE,3763060,3854534,91474
DELETE,1040496,1793669,753173
DELETE,2572970,2994494,421524
RETRIEVE,3343889,3481681,137792
RETRIEVE,494646,577284,82638
DELETE,2202026,2700482,498456
RETRIEVE,2334940,2445520,110580
RETRIEVE,2432720,2456078,23358
ADD,3652241,4030314,378073
RETRIEVE,620940,672852,51912
ADD,752995,1089971,336976
DELETE,476740,758843,282103
RETRIEVE,1224296,1367002,142706
DELETE,1766685,2210842,444157
ADD,2841965,3307912,465947
DELETE,3807396,4476911,669515
DELETE,1570513,1996901,426388
ADD,3822639,4399250,576611
RETRIEVE,663943,764935,100992
ADD,1790905,2410799,619894
ADD,3978846,4441319,462473
RETRIEVE,1852480,1983582,131102
RETRIEVE,1677690,1755636,77946
DELETE,409780,919455,509675
ADD,915029,1162779,247750
DELETE,4267072,4783779,516707
RETRIEVE,1038953,1098931,59978
RETRIEVE,71666,156838,85172
RETRIEVE,2255715,2356183,100468
DELETE,1067442,1488141,420699
RETRIEVE,3616523,3710467,93944
RETRIEVE,3269349,3362795,93446
RETRIEVE,3233581,3333809,100228
ADD,2025947,2564796,538849
ADD,2182324,2425609,243285
ADD,264427,763365,498938
RETRIEVE,4083468,4221164,137696
ADD,1786704,2034834,248130
RETRIEVE,1423714,1501520,77806
ADD,3353707,3821924,468217
DELETE,1338846,1776583,437737
ADD,2059997,2556637,496640
DELETE,1608580,1954107,345527
ADD,3938195,4330184,391989
ADD,822670,1068354,245684
DELETE,2240322,2777818,537496
ADD,1004403,1069458,65055
RETRIEVE,15884,48736,32852
RETRIEVE,608160,705434,97274
ADD,401250,786540,385290
RETRIEVE,2445431,2571353,125922
DELETE,3950506,4193689,243183
ADD,3623030,4016918,393888
RETRIEVE,4122345,4264521,142176
ADD,836291,1204674,368383
RETRIEVE,2203874,2289104,85230
ADD,2376799,2679589,302790
ADD,234315,654273,419958
DELETE,3025947,3432611,406664
RETRIEVE,558943,714743,155800
RETRIEVE,4275578,4403088,127510
RETRIEVE,1472067,1562647,90580
RETRIEVE,2475922,2614466,138544
ADD,1294055,1948330,654275
DELETE,2508940,3241314,732374
ADD,2957741,3271936,314195
RETRIEVE,2052829,2108969,56140
ADD,621395,1024492,403097
RETRIEVE,1957741,2042069,84328
RETRIEVE,599925,644369,44444
RETRIEVE,2014179,2102849,88670
ADD,632788,928713,295925
DELETE,3454491,3821660,367169
RETRIEVE,1668627,1776871,108244
ADD,628214,1045949,417735
RETRIEVE,3940969,4062371,121402
RETRIEVE,2261066,2430958,169892
DELETE,735916,1187234,451318
RETRIEVE,2122345,2245569,123224
RETRIEVE,2913835,3035287,121452
ADD,1317878,1680545,362667
DELETE,1326982,1673417,346435
ADD,4016741,4379324,362583
RETRIEVE,876977,976881,99904
ADD,3090372,3449073,358701
ADD,665023,964580,299557
DELETE,1420583,1859607,439024
RETRIEVE,2249406,2349430,100024
DELETE,852480,1476479,623999
RETRIEVE,1941547,1995379,53832
ADD,4222510,4527848,305338
RETRIEVE,4685108,4804612,119504
ADD,4014863,4656742,641879
RETRIEVE,339671,390829,51158
RETRIEVE,560340,665512,105172
DELETE,4519561,4855194,335633
RETRIEVE,1979265,2123871,144606
RETRIEVE,1697729,1745489,47760
RETRIEVE,2040388,2100902,60514
ADD,1348464,1815449,466985
ADD,1799274,2216258,416984
ADD,2550130,3063289,513159
RETRIEVE,1395182,1467464,72282
RETRIEVE,4665991,4784989,118998
ADD,2865608,3183981,318373
DELETE,2612978,3010803,397825
RETRIEVE,1775572,1840806,65234
RETRIEVE,381709,526395,144686
DELETE,3122345,3550901,428556
ADD,387998,922372,534374
RETRIEVE,3438780,3505014,66234
DELETE,2510689,3051836,541147
DELETE,4354806,4827201,472395
RETRIEVE,4225100,4321852,96752
DELETE,3418772,3804016,385244
ADD,3055030,3378193,323163
RETRIEVE,2254258,2357694,103436
DELETE,2113180,2331858,218678
RETRIEVE,2838943,2956911,117968
ADD,170722,562785,392063
DELETE,949750,1320727,370977
RETRIEVE,4310715,4366575,55860
ADD,660218,1129370,469152
ADD,3593714,3951971,358257
ADD,3557319,4031400,474081
RETRIEVE,238523,402301,163778
ADD,1463945,1976223,512278
RETRIEVE,4368838,4455088,86250
RETRIEVE,4763060,4858956,95896
DELETE,194170,503409,309239
ADD,1181921,1564136,382215
RETRIEVE,1879213,1956275,77062
RETRIEVE,1029366,1110244,80878
DELETE,2608580,3107249,498669
RETRIEVE,3355879,3479711,123832
ADD,3871200,4277141,405941
DELETE,632401,1119054,486653
RETRIEVE,850346,937800,87454
ADD,1154229,1596959,442730
ADD,3621395,4036767,415372
ADD,1905304,2343291,437987
DELETE,3440478,4039574,599096
DELETE,2902750,3446389,543639
RETRIEVE,3608580,3743170,134590
ADD,2406527,2873623,467096
DELETE,2475300,2870124,394824
RETRIEVE,966310,1065954,99644
RETRIEVE,257338,321282,63944
ADD,838943,1214561,375618
RETRIEVE,3055050,3232198,177148
DELETE,1091812,1742048,650236
ADD,3526961,3891129,364168
DELETE,3953635,4350312,396677
DELETE,4667312,4738083,70771
RETRIEVE,4521008,4630126,109118
RETRIEVE,390379,451433,61054
DELETE,3718147,4254124,535977
ADD,3790905,4320517,529612
ADD,146314,571812,425498
RETRIEVE,1727411,1820051,92640
RETRIEVE,622727,760563,137836
DELETE,3327392,3739864,412472
RETRIEVE,4059781,4143197,83416
RETRIEVE,1197135,1317159,120024
DELETE,4526505,4863963,337458
ADD,3628429,4107383,478954
DELETE,3476459,3983531,507072
DELETE,1083468,1328939,245471
ADD,419137,758531,339394
ADD,3187552,3791391,603839
RETRIEVE,3922123,4011435,89312
RETRIEVE,2225100,2308532,83432
DELETE,823781,1263843,440062
RETRIEVE,4009874,4095678,85804
ADD,3892509,4254796,362287
RETRIEVE,2089776,2185044,95268
DELETE,3942984,4244348,301364
RETRIEVE,4032711,4181491,148780
RETRIEVE,1230873,1334209,103336
ADD,2947078,3180607,233529
ADD,2268180,2610585,342405
RETRIEVE,2146314,2215268,68954
RETRIEVE,4353827,4399993,46166
DELETE,2073972,2399748,325776
RETRIEVE,2536292,2653808,117516
ADD,2409949,3029955,620006
DELETE,343889,821333,477444
ADD,2525518,2879096,353578
ADD,1121552,1643882,522330
RETRIEVE,2889131,3008507,119376
RETRIEVE,3044447,3156589,112142
RETRIEVE,2474746,2570368,95622
RETRIEVE,4265417,4351477,86060
RETRIEVE,4496826,4607758,110932
ADD,1732710,2069288,336578
RETRIEVE,1152668,1214516,61848
ADD,507148,618618,111470
RETRIEVE,1748056,1856914,108858
ADD,54014,313326,259312
DELETE,98653,555938,457285
DELETE,2657407,3161060,503653
DELETE,3094840,3612659,517819
DELETE,713114,1203992,490878
RETRIEVE,2354806,2486196,131390
RETRIEVE,668387,759975,91588
DELETE,553128,801842,248714
RETRIEVE,73972,129196,55224
RETRIEVE,1345800,1461108,115308
DELETE,455987,840295,384308
DELETE,4182324,4817811,635487
ADD,217713,757007,539294
ADD,3777612,4290205,512593
ADD,3633008,3983992,350984
DELETE,176751,810505,633754
RETRIEVE,823567,922321,98754
RETRIEVE,2685030,2784394,99364
DELETE,2682992,3177131,494139
RETRIEVE,1785459,1903885,118426
ADD,2067990,2442219,374229
RETRIEVE,4263333,4322923,59590
RETRIEVE,2871527,2936221,64694
ADD,438780,838412,399632
DELETE,1968061,2544375,576314
RETRIEVE,4152247,4258403,106156
ADD,1208361,1833203,624842
RETRIEVE,4059446,4165914,106468
DELETE,3144877,3771905,627028
RETRIEVE,349264,406058,56794
DELETE,2558259,3250880,692621
RETRIEVE,1685339,1748325,62986
DELETE,2987386,3350442,363056
DELETE,2401250,2789570,388320
RETRIEVE,3668387,3713435,45048
RETRIEVE,2175133,2246945,71812
DELETE,3294154,3804737,510583
ADD,656726,1072089,415363
DELETE,2496826,2939380,442554
DELETE,1056428,1548816,492388
RETRIEVE,2613996,2682876,68880
DELETE,2940969,3544141,603172
RETRIEVE,4497882,4610252,112370
RETRIEVE,4569727,4646615,76888
RETRIEVE,1915029,1983871,68842
DELETE,2640580,2870941,230361
ADD,3305699,3887220,581521
RETRIEVE,1746733,1836605,89872
RETRIEVE,4743449,4828973,85524
ADD,2086160,2860437,774277
RETRIEVE,4398856,4554066,155210
ADD,4022059,4516791,494732
DELETE,683598,1130738,447140
RETRIEVE,2888816,2994808,105992
DELETE,3012877,3217705,204828
ADD,2790905,3356315,565410
RETRIEVE,3723833,3794953,71120
ADD,4230632,4553193,322561
RETRIEVE,939255,1095199,155944
RETRIEVE,2367359,2456259,88900
RETRIEVE,778770,858144,79374
RETRIEVE,1539203,1620833,81630
ADD,1366014,1806567,440553
RETRIEVE,4367359,4443361,76002
DELETE,2912016,3379844,467828
DELETE,674059,1307146,633087
DELETE,197135,707764,510629
ADD,1561010,1999284,438274
ADD,1426722,1962856,536134
RETRIEVE,2685339,2764407,79068
RETRIEVE,2559448,2626758,67310
DELETE,3946010,4402396,456386
DELETE,1232687,1808547,575860
RETRIEVE,2518828,2650032,131204
DELETE,102562,540901,438339
ADD,1834660,2538222,703562
RETRIEVE,2693559,2807491,113932
DELETE,3699473,4220312,520839
DELETE,314363,727512,413149
RETRIEVE,2845453,2970023,124570
RETRIEVE,3896783,4004603,107820
RETRIEVE,2667312,2746624,79312
ADD,2327392,2712266,384874
ADD,3608099,4285081,676982
ADD,3179608,3686828,507220
RETRIEVE,2511480,2621064,109584
RETRIEVE,2692556,2743960,51404
RETRIEVE,3956235,4023295,67060
ADD,3302389,3703299,400910
ADD,4397129,4810639,413510
DELETE,3478968,3771373,292405
RETRIEVE,1054014,1164100,110086
DELETE,2685108,3070491,385383
DELETE,2628429,3057957,429528
RETRIEVE,1537231,1656329,119098
DELETE,3479190,3867528,388338
DELETE,2294154,3039851,745697
RETRIEVE,603866,688648,84782
RETRIEVE,2983600,3047638,64038
ADD,1088332,1591698,503366
ADD,2823781,3415734,591953
DELETE,1466783,1898507,431724
DELETE,2494646,2979974,485328
DELETE,2650880,3033790,382910
ADD,3520773,3968969,448196
RETRIEVE,106893,219589,112696
DELETE,3509005,3906738,397733
DELETE,2459222,2692381,233159
DELETE,3208599,3844067,635468
RETRIEVE,3943630,4086934,143304
DELETE,338906,779570,440664
DELETE,4187552,4652508,464956
RETRIEVE,3337421,3474645,137224
RETRIEVE,3176154,3250098,73944
ADD,3069220,3837948,768728
ADD,2056428,2709221,652793
RETRIEVE,3244809,3355907,111098
RETRIEVE,1137485,1258207,120722
DELETE,2306138,2840762,534624
RETRIEVE,3534467,3616089,81622
ADD,1254033,1665523,411490
RETRIEVE,3549798,3658274,108476
ADD,2202689,2516189,313500
DELETE,4121552,4564745,443193
DELETE,3397129,3862863,465734
ADD,3536563,4001009,464446
DELETE,1696765,2123495,426730
DELETE,3367359,3703474,336115
RETRIEVE,3947385,4089165,141780
RETRIEVE,2785889,2882993,97104
RETRIEVE,432720,499342,66622
DELETE,640580,984412,343832
ADD,328661,559031,230370
DELETE,2974725,3663436,688711
ADD,3884058,4264346,380288
RETRIEVE,1367359,1465317,97958
DELETE,135287,558080,422793
DELETE,3056428,3466028,409600
RETRIEVE,3625578,3701608,76030
ADD,4225113,4681147,456034
RETRIEVE,4573673,4655971,82298
ADD,2537161,3085080,547919
RETRIEVE,422546,494534,71988
ADD,140994,597176,456182
DELETE,334256,785120,450864
DELETE,753918,1080166,326248
ADD,2834916,3494638,659722
ADD,3751831,4237548,485717
ADD,947385,1733947,786562
ADD,4101469,4729701,628232
ADD,273584,934566,660982
DELETE,12877,537764,524887
DELETE,2710071,3105247,395176
DELETE,3299459,3577013,277554
RETRIEVE,1455987,1543013,87026
RETRIEVE,3803388,3922240,118852
RETRIEVE,699473,792451,92978
RETRIEVE,4268480,4361138,92658
RETRIEVE,1638873,1760515,121642
DELETE,2713694,3341667,627973
ADD,481414,1075683,594269
RETRIEVE,1956928,2000722,43794
DELETE,1549798,2043473,493675
RETRIEVE,1137258,1222794,85536
DELETE,3171537,3712415,540878
ADD,2743449,3094007,350558
ADD,3840508,4387037,546529
RETRIEVE,4534467,4616267,81800
ADD,2696796,3340537,643741
RETRIEVE,4091070,4163404,72334
RETRIEVE,155206,237048,81842
RETRIEVE,1047992,1145412,97420
DELETE,3645909,4162458,516549
ADD,2832752,3287304,454552
RETRIEVE,4085490,4196896,111406
DELETE,1983662,2548201,564539
DELETE,4330227,4777256,447029
DELETE,1699473,2198105,498632
ADD,734114,1234654,500540
ADD,799274,1114516,315242
ADD,3090969,3544298,453329
RETRIEVE,2002345,2090409,88064
DELETE,3059144,3436300,377156
RETRIEVE,4660228,4753610,93382
RETRIEVE,3495492,3599878,104386
RETRIEVE,4559448,4662706,103258
RETRIEVE,3887642,4004576,116934
DELETE,2397129,2714641,317512
RETRIEVE,581017,690817,109800
ADD,748056,1163271,415215
ADD,1049450,1522753,473303
RETRIEVE,403487,490789,87302
RETRIEVE,2786704,2874086,87382
DELETE,3254258,3571149,316891
DELETE,2012344,2449803,437459
RETRIEVE,3073972,3170600,96628
ADD,905563,1605428,699865
ADD,1889091,2306075,416984
RETRIEVE,4320315,4379373,59058
RETRIEVE,710071,806939,96868
ADD,3294842,3823074,528232
RETRIEVE,3806865,3892245,85380
RETRIEVE,2992914,3082376,89462
RETRIEVE,638997,735287,96290
DELETE,2243006,2763363,520357
ADD,3175517,3542649,367132
RETRIEVE,669572,732986,63414
DELETE,51651,475630,423979
DELETE,1836463,1984176,147713
DELETE,2983662,3569510,585848
RETRIEVE,3629706,3760642,130936
RETRIEVE,2176751,2280641,103890
DELETE,35638,395451,359813
RETRIEVE,137485,230487,93002
DELETE,423665,1000860,577195
RETRIEVE,3553735,3656841,103106
RETRIEVE,820435,866877,46442
DELETE,1255715,1499352,243637
DELETE,3665023,4089465,424442
DELETE,4481414,4805513,324099
ADD,913967,1371604,457637
DELETE,2476459,2779916,303457
ADD,3618139,4073561,455422
RETRIEVE,1478968,1568556,89588
RETRIEVE,1123538,1194626,71088
RETRIEVE,3872574,4021672,149098
ADD,3947078,4327060,379982
RETRIEVE,4453612,4545728,92116
DELETE,2176154,2462166,286012
DELETE,940969,1475677,534708
DELETE,3984232,4330964,346732
ADD,1623030,2038958,415928
RETRIEVE,2356360,2460796,104436
RETRIEVE,4281639,4393057,111418
ADD,2729657,3069376,339719
DELETE,846038,1244419,398381
ADD,572706,955199,382493
ADD,4277539,4755937,478398
RETRIEVE,968061,1103073,135012
DELETE,1368767,2142109,773342
ADD,1823781,2219781,396000
RETRIEVE,2273584,2440956,167372
DELETE,2940064,3463126,523062
DELETE,1765420,2114625,349205
RETRIEVE,4217713,4323941,106228
DELETE,572970,961355,388385
ADD,3074989,3376121,301132
RETRIEVE,2337065,2467305,130240
RETRIEVE,3474974,3575558,100584
RETRIEVE,1181389,1299233,117844
DELETE,1179608,1610285,430677
ADD,2757136,3270711,513575
RETRIEVE,4426551,4505467,78916
DELETE,1992864,2264702,271838
DELETE,2665303,3114602,449299
RETRIEVE,4343658,4474930,131272
ADD,1199600,1589560,389960
DELETE,3990784,4447939,457155
DELETE,2382928,2787776,404848
RETRIEVE,947078,1050144,103066
DELETE,3711280,4196145,484865
DELETE,747813,1187134,439321
ADD,2094945,2407222,312277
RETRIEVE,1302822,1399204,96382
RETRIEVE,3726028,3812458,86430
DELETE,2085490,2541265,455775
DELETE,2712803,3253199,540396
DELETE,14179,534230,520051
RETRIEVE,2269349,2344555,75206
RETRIEVE,620235,688585,68350
ADD,95066,447088,352022
RETRIEVE,3532779,3640125,107346
RETRIEVE,2497882,2620380,122498
RETRIEVE,476459,553185,76726
DELETE,1830607,2155141,324534
ADD,1632788,1888089,255301
ADD,3453612,3876081,422469
DELETE,238339,759752,521413
RETRIEVE,2723752,2828794,105042
DELETE,4555980,4803740,247760
RETRIEVE,3642499,3740407,97908
DELETE,4257338,4614881,357543
ADD,1848537,2348271,499734
RETRIEVE,1899897,2010167,110270
RETRIEVE,1264427,1345529,81102
RETRIEVE,4570513,4630711,60198
RETRIEVE,2497774,2612650,114876
RETRIEVE,233072,323962,90890
ADD,2418165,2835158,416993
RETRIEVE,1033050,1134516,101466
RETRIEVE,1519729,1549101,29372
DELETE,3161877,3643888,482011
RETRIEVE,1474974,1592258,117284
RETRIEVE,17322,131224,113902
ADD,3085239,3550093,464854
ADD,3101972,3809453,707481
RETRIEVE,2713114,2850196,137082
DELETE,283119,722727,439608
DELETE,1232638,1865984,633346
DELETE,3433245,4043495,610250
DELETE,3210721,3650088,439367
ADD,3171355,3827372,656017
DELETE,1002345,1527501,525156
DELETE,2075492,2457883,382391
RETRIEVE,1510689,1622781,112092
RETRIEVE,1571501,1674023,102522
RETRIEVE,3651126,3764180,113054
ADD,3334940,3817776,482836
RETRIEVE,528439,648221,119782
ADD,3430458,3935167,504709
RETRIEVE,4519729,4590281,70552
RETRIEVE,2030530,2105154,74624
RETRIEVE,1088305,1177851,89546
DELETE,2664519,3129336,464817
DELETE,560641,996534,435893
ADD,418027,884409,466382
DELETE,4294055,4593557,299502
ADD,2345800,2693810,348010
ADD,395182,751725,356543
DELETE,3905304,4464192,558888
ADD,4343810,4846824,503014
DELETE,4401250,4713351,312101
RETRIEVE,553735,653729,99994
DELETE,237473,666158,428685
ADD,651126,1029561,378435
RETRIEVE,4782698,4884442,101744
ADD,3480389,3785857,305468
RETRIEVE,536563,610425,73862
ADD,3878772,4169973,291201
ADD,3276085,3750222,474137
RETRIEVE,2083468,2165866,82398
RETRIEVE,1757136,1914248,157112
RETRIEVE,263378,400932,137554
DELETE,3695260,4222139,526879
ADD,151573,487660,336087
ADD,1620940,2162624,541684
RETRIEVE,3921018,3997848,76830
ADD,1067585,1633384,565799
RETRIEVE,743449,822113,78664
DELETE,1616523,2079283,462760
RETRIEVE,2187450,2291912,104462
RETRIEVE,1892509,1994767,102258
RETRIEVE,1423665,1561919,138254
DELETE,1674594,1905233,230639
RETRIEVE,942984,1021454,78470
DELETE,338846,692748,353902
ADD,1655627,2201156,545529
ADD,792880,1248756,455876
RETRIEVE,1387488,1464902,77414
RETRIEVE,1712929,1820607,107678
RETRIEVE,1640637,1726479,85842
ADD,2366014,2742327,376313
RETRIEVE,983783,1096599,112816
RETRIEVE,484488,586060,101572
ADD,1662506,2157358,494852
RETRIEVE,2423714,2487446,63732
DELETE,773516,1292928,519412
RETRIEVE,3277539,3400193,122654
DELETE,3913835,4434405,520570
RETRIEVE,837289,892729,55440
RETRIEVE,3558259,3693541,135282
DELETE,2317878,2606040,288162
DELETE,3569727,3827233,257506
DELETE,1713105,2077902,364797
ADD,3185801,3587490,401689
RETRIEVE,4561010,4649894,88884
ADD,1992015,2491759,499744
RETRIEVE,3992015,4085833,93818
RETRIEVE,2423665,2540745,117080
RETRIEVE,2570513,2619443,48930
RETRIEVE,2848537,2968453,119916
RETRIEVE,1733491,1838563,105072
DELETE,2998733,3536776,538043
ADD,1557627,2129541,571914
DELETE,2065825,2525778,459953
RETRIEVE,1736338,1825734,89396
DELETE,4171537,4594339,422802
RETRIEVE,1469104,1688326,219222
DELETE,1859382,2120519,261137
DELETE,3017220,3691877,674657
DELETE,2928646,3189209,260563
DELETE,557627,1065894,508267
ADD,2055030,2526536,471506
ADD,696765,1269550,572785
RETRIEVE,1419781,1508445,88664
RETRIEVE,4651156,4749802,98646
DELETE,1902750,2548557,645807
RETRIEVE,3028023,3164225,136202
DELETE,3698766,4349974,651208
ADD,2638934,2944041,305107
DELETE,3968061,4422520,454459
RETRIEVE,88332,185136,96804
DELETE,2387488,2792493,405005
RETRIEVE,1316602,1392952,76350
RETRIEVE,1337065,1420775,83710
DELETE,233781,545299,311518
ADD,2208361,2565071,356710
RETRIEVE,3245040,3340208,95168
DELETE,3900770,4229668,328898
ADD,618971,1099880,480909
ADD,3531837,3953657,421820
DELETE,1476365,2267068,790703
RETRIEVE,1650880,1746846,95966
ADD,1752995,2107250,354255
RETRIEVE,2623030,2728296,105266
ADD,2735916,3106263,370347
ADD,1135422,1706715,571293
DELETE,2017694,2652615,634921
RETRIEVE,3832752,3921574,88822
RETRIEVE,2752926,2879006,126080
RETRIEVE,784087,882867,98780
DELETE,2697729,3121374,423645
RETRIEVE,249406,364316,114910
RETRIEVE,1729694,1844514,114820
RETRIEVE,4755954,4838184,82230
ADD,4220705,4740136,519431
RETRIEVE,4476740,4585784,109044
DELETE,3253780,3646195,392415
DELETE,2657545,3303871,646326
RETRIEVE,789195,877169,87974
DELETE,1469818,2220527,750709
DELETE,2606602,2988131,381529
DELETE,681038,1342159,661121
ADD,2765420,3155148,389728
RETRIEVE,3041547,3158947,117400
DELETE,4338846,4819023,480177
RETRIEVE,2983810,3098872,115062
RETRIEVE,1418165,1489463,71298
RETRIEVE,1591064,1661718,70654
DELETE,2119847,2630059,510212
DELETE,1665023,2031358,366335
ADD,3716356,4200545,484189
RETRIEVE,1657545,1823131,165586
RETRIEVE,4173432,4286662,113230
RETRIEVE,1453519,1564383,110864
RETRIEVE,2095066,2210098,115032
DELETE,1700040,2203147,503107
ADD,3238523,3665828,427305
RETRIEVE,4338607,4463185,124578
RETRIEVE,526961,590667,63706
DELETE,2035638,2476867,441229
RETRIEVE,2095175,2200861,105686
RETRIEVE,3059446,3138088,78642
DELETE,4002345,4426741,424396
RETRIEVE,4664908,4791022,126114
DELETE,4233581,4819530,585949
RETRIEVE,4575725,4669237,93512
RETRIEVE,1581104,1681592,100488
RETRIEVE,555980,638036,82056
DELETE,1823567,2411870,588303
RETRIEVE,3971824,4048862,77038
RETRIEVE,2698880,2786178,87298
DELETE,1132085,1550070,417985
DELETE,108455,414645,306190
RETRIEVE,835347,933523,98176
ADD,3017694,3540052,522358
ADD,3815108,4186845,371737
DELETE,1558786,1967164,408378
RETRIEVE,3687328,3752562,65234
RETRIEVE,3403487,3519119,115632
RETRIEVE,2652752,2685552,32800
DELETE,4313105,4822298,509193
ADD,4305930,4867810,561880
DELETE,940340,1350987,410647
DELETE,593556,1046366,452810
RETRIEVE,245407,369759,124352
RETRIEVE,4638934,4728590,89656
DELETE,2231730,2745759,514029
ADD,1371455,2010870,639415
RETRIEVE,2179608,2290190,110582
ADD,2596907,3045872,448965
ADD,2310715,2556594,245879
ADD,4380026,4804079,424053
ADD,1459222,1892104,432882
RETRIEVE,3409780,3509744,99964
ADD,3387998,3751508,363510
ADD,1698766,2027200,328434
RETRIEVE,3225113,3329743,104630
RETRIEVE,3750642,3808064,57422
ADD,3182324,3709083,526759
RETRIEVE,3447104,3519600,72496
DELETE,4254033,4838361,584328
RETRIEVE,3947266,4046484,99218
DELETE,447104,752396,305292
DELETE,4054014,4553748,499734
DELETE,4245040,4633508,388468
RETRIEVE,2668627,2725925,57298
DELETE,3827418,4104963,277545
RETRIEVE,1947385,2101647,154262
RETRIEVE,4420691,4541539,120848
DELETE,4094945,4608567,513622
ADD,265417,740582,475165
ADD,3095066,3401155,306089
ADD,1855768,2364526,508758
DELETE,989124,1417272,428148
ADD,1575523,1932761,357238
DELETE,1702088,2278328,576240
DELETE,2053446,2282880,229434
DELETE,2834660,3443697,609037
RETRIEVE,652241,752391,100150
ADD,2380026,2816855,436829
RETRIEVE,4151573,4244371,92798
ADD,3012345,3687280,674935
RETRIEVE,4220884,4317242,96358
ADD,3012344,3546718,534374
ADD,3845394,4154846,309452
RETRIEVE,1537440,1629760,92320
RETRIEVE,567514,679474,111960
RETRIEVE,1034567,1125285,90718
ADD,89776,543151,453375
RETRIEVE,793656,940626,146970
ADD,1431934,2031743,599809
DELETE,2949514,3398813,449299
RETRIEVE,1380026,1484972,104946
RETRIEVE,2479190,2582178,102988
DELETE,463149,882635,419486
ADD,2307284,2728873,421589
DELETE,1017220,1457143,439923
DELETE,3940340,4355351,415011
RETRIEVE,3986829,4078893,92064
DELETE,3097897,3544463,446566
RETRIEVE,4751831,4820559,68728
RETRIEVE,623561,713419,89858
RETRIEVE,4733491,4838859,105368
DELETE,267984,708898,440914
RETRIEVE,3082442,3212866,130424
RETRIEVE,4766938,4850404,83466
RETRIEVE,3682992,3807992,125000
RETRIEVE,2062288,2188184,125896
RETRIEVE,1245407,1316129,70722
RETRIEVE,95175,196755,101580
ADD,1012877,1854563,841686
RETRIEVE,3572970,3661726,88756
DELETE,3395182,3905469,510287
DELETE,1449796,2020107,570311
ADD,3111496,3429508,318012
ADD,756911,1182919,426008
RETRIEVE,3776142,3894800,118658
RETRIEVE,91070,200336,109266
RETRIEVE,1723833,1799787,75954
ADD,848537,1217031,368494
DELETE,571196,1007246,436050
ADD,889131,1350473,461342
DELETE,597461,1285116,687655
DELETE,824686,1419418,594732
ADD,840508,1384869,544361
DELETE,394254,854448,460194
ADD,4158453,4542650,384197
DELETE,701414,1187289,485875
RETRIEVE,3544894,3605422,60528
DELETE,3814131,4162586,348455
RETRIEVE,2239056,2352426,113370
ADD,3164799,3466496,301697
DELETE,3746733,3968404,221671
DELETE,2337421,2815208,477787
RETRIEVE,1343810,1437648,93838
RETRIEVE,752926,824520,71594
RETRIEVE,4199600,4272248,72648
RETRIEVE,2171355,2294123,122768
RETRIEVE,1557244,1700442,143198
RETRIEVE,771973,892537,120564
ADD,2620940,3056083,435143
RETRIEVE,1004209,1063437,59228
RETRIEVE,1685108,1777296,92188
ADD,3983284,4574070,590786
ADD,711280,1236427,525147
DELETE,1192565,1520573,328008
ADD,3812737,4037437,224700
DELETE,4231610,4746260,514650
ADD,547293,734954,187661
DELETE,2108455,2739958,631503
RETRIEVE,1519561,1627411,107850
ADD,74989,533645,458656
ADD,3140994,3586726,445732
ADD,3432720,3622549,189829
RETRIEVE,3243006,3323896,80890
DELETE,1523972,2055743,531771
ADD,2372638,3021289,648651
ADD,4419781,4879196,459415
RETRIEVE,592261,678473,86212
RETRIEVE,1949072,2043700,94628
DELETE,1331155,1617066,285911
DELETE,3391430,4009388,617958
RETRIEVE,4041547,4109213,67666
DELETE,1075492,1438853,363361
RETRIEVE,2808868,2884804,75936
RETRIEVE,755954,825372,69418
DELETE,1929131,2364718,435587
DELETE,2742657,2989027,246370
ADD,2617905,3073439,455534
RETRIEVE,2753918,2845370,91452
RETRIEVE,1684746,1819594,134848
RETRIEVE,187450,274852,87402
RETRIEVE,2688685,2791603,102918
ADD,3364293,3710145,345852
ADD,364293,771068,406775
ADD,2102519,2583576,481057
RETRIEVE,1653848,1766436,112588
RETRIEVE,1151893,1304911,153018
RETRIEVE,4146314,4226596,80282
RETRIEVE,3537231,3636059,98828
RETRIEVE,2557244,2670808,113564
RETRIEVE,2913967,3025287,111320
ADD,1233426,1668513,435087
RETRIEVE,1957618,2030394,72776
RETRIEVE,3257338,3341984,84646
RETRIEVE,3949750,4053598,103848
DELETE,2133358,2556559,423201
ADD,121175,685029,563854
RETRIEVE,2557319,2679493,122174
ADD,1772246,2306287,534041
RETRIEVE,1853326,1939074,85748
RETRIEVE,2445303,2576749,131446
DELETE,302152,647698,345546
RETRIEVE,1489436,1565482,76046
DELETE,2440478,2917311,476833
ADD,3089776,3253924,164148
ADD,3747742,4121331,373589
ADD,872757,1516378,643621
RETRIEVE,2210721,2229889,19168
RETRIEVE,2716356,2812308,95952
RETRIEVE,2824686,2912016,87330
ADD,2332698,2614254,281556
ADD,3701414,4189466,488052
DELETE,1051651,1445326,393675
RETRIEVE,4555759,4652753,96994
RETRIEVE,2190823,2282711,91888
RETRIEVE,1623561,1711813,88252
ADD,3966538,4362946,396408
RETRIEVE,1629706,1742210,112504
ADD,2974865,3271328,296463
RETRIEVE,874783,969949,95166
DELETE,194299,631202,436903
RETRIEVE,1787903,1926385,138482
DELETE,302389,735994,433605
ADD,3789846,4077943,288097
RETRIEVE,1098653,1185405,86752
RETRIEVE,4662827,4754359,91532
ADD,1841241,2305446,464205
ADD,3772246,4334358,562112
ADD,3418165,3650907,232742
DELETE,905304,1375281,469977
RETRIEVE,3268480,3388564,120084
ADD,2071912,2374295,302383
DELETE,1899725,2525984,626259
RETRIEVE,3561010,3640696,79686
DELETE,885032,1521816,636784
RETRIEVE,2108906,2167150,58244
ADD,3915029,4433765,518736
RETRIEVE,3453519,3564271,110752
DELETE,1867824,2286541,418717
ADD,3655627,4045735,390108
DELETE,354113,881817,527704
RETRIEVE,2892509,3002719,110210
ADD,4066760,4473711,406951
RETRIEVE,1498305,1585365,87060
RETRIEVE,4048947,4109751,60804
RETRIEVE,4536292,4655048,118756
DELETE,2391545,2518737,127192
RETRIEVE,3983600,4149226,165626
ADD,847911,1193957,346046
RETRIEVE,2222510,2371424,148914
ADD,2048947,2468368,419421
DELETE,808868,897056,88188
DELETE,482903,961663,478760
DELETE,3431934,3585965,154031
RETRIEVE,1222510,1276854,54344
DELETE,4269349,4673261,403912
ADD,2453612,2679934,226322
DELETE,1205168,1689922,484754
DELETE,1880594,1985227,104633
DELETE,1080527,1424748,344221
DELETE,469818,879493,409675
RETRIEVE,1055050,1236580,181530
RETRIEVE,1151922,1241792,89870
DELETE,4132699,4692986,560287
RETRIEVE,178172,268880,90708
RETRIEVE,3017322,3091826,74504
ADD,4431934,4786244,354310
ADD,2401771,2893223,491452
RETRIEVE,2142993,2266353,123360
DELETE,2202433,2473372,270939
ADD,144877,644324,499447
ADD,1625578,2128333,502755
RETRIEVE,1172560,1253348,80788
DELETE,884058,1379568,495510
DELETE,3211193,3706416,495223
ADD,3382928,3806981,424053
RETRIEVE,467956,557484,89528
ADD,1974725,2380240,405515
RETRIEVE,2343889,2413171,69282
RETRIEVE,4693962,4770060,76098
ADD,771967,1314679,542712
RETRIEVE,101469,209613,108144
DELETE,833100,862441,29341
DELETE,3054531,3419681,365150
ADD,3142993,3629025,486032
DELETE,3622353,4160702,538349
DELETE,188138,607596,419458
DELETE,2899725,3309075,409350
RETRIEVE,4766685,4846031,79346
DELETE,3662506,4109600,447094
RETRIEVE,1826758,1888156,61398
DELETE,2820435,2957262,136827
DELETE,1858771,2384335,525564
DELETE,3582433,4008376,425943
DELETE,3969085,4385875,416790
RETRIEVE,4409581,4501409,91828
ADD,1435737,1988288,552551
RETRIEVE,1073972,1189574,115602
ADD,332698,802740,470042
DELETE,1342738,1938119,595381
ADD,34567,412659,378092
DELETE,2519729,2877189,357460
DELETE,3709086,4228489,519403
RETRIEVE,4250930,4354864,103934
ADD,741049,1219077,478028
RETRIEVE,1155379,1270215,114836
DELETE,1009874,1571643,561769
DELETE,3826758,4261725,434967
DELETE,3664519,4215310,550791
DELETE,698880,1153459,454579
DELETE,3038953,3316785,277832
DELETE,2780596,3480591,699995
ADD,1927586,2368602,441016
RETRIEVE,368838,478232,109394
DELETE,2208599,2616671,408072
ADD,2418772,2809306,390534
DELETE,3146205,3793513,647308
ADD,3302152,3971936,669784
ADD,1287516,1701999,414483
DELETE,1534819,1990501,455682
ADD,3019887,3485491,465604
DELETE,681062,1155495,474433
ADD,1664519,2055915,391396
RETRIEVE,1496826,1583114,86288
ADD,3557627,3827139,269512
DELETE,3130114,3476420,346306
RETRIEVE,4014179,4126799,112620
RETRIEVE,1224445,1313417,88972
RETRIEVE,3575725,3668323,92598
ADD,2936712,3319584,382872
DELETE,2986829,3520842,534013
RETRIEVE,409949,544579,134630
ADD,1233072,1783038,549966
DELETE,2144877,2403059,258182
RETRIEVE,1364293,1428507,64214
DELETE,974725,1545796,571071
ADD,3033379,3498538,465159
RETRIEVE,44241,134007,89766
DELETE,182324,776843,594519
DELETE,2624441,3183922,559481
DELETE,3239967,3702384,462417
DELETE,2979461,3556896,577435
ADD,2373920,2797417,423497
RETRIEVE,3735111,3827323,92212
ADD,2054531,2434893,380362
DELETE,2043102,2759616,716514
RETRIEVE,3056048,3167022,110974
DELETE,3519561,3754248,234687
ADD,3784938,4002125,217187
RETRIEVE,2230632,2361988,131356
ADD,1986829,2463764,476935
DELETE,22059,606693,584634
ADD,2604031,3328178,724147
RETRIEVE,4571196,4684374,113178
ADD,1122345,1907101,784756
DELETE,1387998,1924114,536116
DELETE,3086160,3622702,536542
RETRIEVE,4748056,4831626,83570
ADD,1657407,1981765,324358
ADD,2526961,3011659,484698
RETRIEVE,3181389,3273547,92158
RETRIEVE,3617905,3702813,84908
RETRIEVE,4316602,4404668,88066
RETRIEVE,2544366,2607418,63052
ADD,1520362,1678395,158033
DELETE,478583,866773,388190
ADD,3035470,3444311,408841
RETRIEVE,4718147,4818031,99884
RETRIEVE,1182324,1343564,161240
DELETE,3966310,4472418,506108
ADD,543750,947736,403986
ADD,1647270,2226781,579511
RETRIEVE,3663709,3806597,142888
DELETE,1693559,2311425,617866
ADD,280987,718937,437950
RETRIEVE,122345,231677,109332
RETRIEVE,2286197,2360871,74674
DELETE,1785893,2187739,401846
DELETE,990784,1510002,519218
ADD,2071666,2531860,460194
RETRIEVE,3310715,3408467,97752
ADD,1211193,1633143,421950
ADD,3125953,3621000,495047
DELETE,2622353,3231260,608907
RETRIEVE,938680,1052536,113856
ADD,2248459,2626764,378305
RETRIEVE,3880594,3985254,104660
DELETE,3937249,4375847,438598
ADD,3363551,3930953,567402
RETRIEVE,4038953,4107235,68282
RETRIEVE,4777612,4887302,109690
RETRIEVE,35079,133593,98514
ADD,943630,1472529,528899
RETRIEVE,3354806,3459142,104336
RETRIEVE,1248779,1356419,107640
ADD,3883573,4558230,674657
ADD,2799295,3228916,429621
RETRIEVE,1713114,1833968,120854
ADD,1043102,1541234,498132
ADD,1814131,2218080,403949
ADD,1053446,1183315,129869
RETRIEVE,4069220,4156578,87358
RETRIEVE,3784087,3862953,78866
RETRIEVE,4394635,4450937,56302
RETRIEVE,82442,144892,62450
RETRIEVE,784205,859337,75132
ADD,620665,1047016,426351
DELETE,3992864,4366277,373413
DELETE,2194299,2503556,309257
ADD,3091891,3738764,646873
ADD,2827935,3428893,600958
ADD,3216750,3577740,360990
ADD,82515,375661,293146
ADD,151922,517016,365094
DELETE,1617905,2087243,469338
RETRIEVE,2152668,2274310,121642
ADD,2420583,3051771,631188
ADD,4418772,4781513,362741
RETRIEVE,1182425,1233493,51068
DELETE,3668402,4022147,353745
RETRIEVE,1059997,1101497,41500
RETRIEVE,1377612,1424576,46964
ADD,1209322,1508629,299307
RETRIEVE,2039678,2164886,125208
RETRIEVE,1231610,1353422,121812
ADD,1777558,2149406,371848
DELETE,1363130,1819386,456256
DELETE,4505569,4727221,221652
RETRIEVE,4750642,4828598,77956
DELETE,1336860,1821447,484587
ADD,4012877,4401290,388413
RETRIEVE,3735916,3786592,50676
DELETE,4355879,4845413,489534
ADD,2478583,2849439,370856
ADD,979265,1551244,571979
RETRIEVE,348739,428289,79550
ADD,3793600,4186858,393258
RETRIEVE,1332146,1402378,70232
RETRIEVE,2403487,2464667,61180
DELETE,4423714,4785176,361462
ADD,663709,1141051,477342
RETRIEVE,4497055,4617257,120202
RETRIEVE,3100097,3224917,124820
DELETE,800560,1255529,454969
DELETE,2840508,3440160,599652
DELETE,2224296,2758457,534161
RETRIEVE,2782698,2873484,90786
DELETE,3905563,4510894,605331
ADD,2599925,2950288,350363
RETRIEVE,1958454,2091396,132942
RETRIEVE,1567514,1631546,64032
RETRIEVE,4665303,4786881,121578
ADD,1841965,2068759,226794
DELETE,534467,919804,385337
RETRIEVE,1990723,2076361,85638
RETRIEVE,2537440,2590908,53468
DELETE,3888816,4471884,583068
RETRIEVE,660228,738134,77906
RETRIEVE,3618305,3727811,109506
RETRIEVE,3646944,3744538,97594
RETRIEVE,3680498,3778096,97598
RETRIEVE,4062288,4253928,191640
RETRIEVE,2337569,2438265,100696
ADD,4394254,4783630,389376
DELETE,211193,567940,356747
DELETE,2137610,2500897,363287
RETRIEVE,1596907,1723659,126752
ADD,102519,612027,509508
DELETE,1938195,2197266,259071
ADD,2132085,2661938,529853
DELETE,1353827,1682215,328388
DELETE,4056048,4600641,544593
RETRIEVE,2275578,2395648,120070
DELETE,193572,999951,806379
DELETE,2983783,3537196,553413
DELETE,3528691,3898186,369495
DELETE,172560,528269,355709
RETRIEVE,4622815,4764507,141692
RETRIEVE,2056048,2153998,97950
DELETE,1090372,1480600,390228
ADD,1572706,1924756,352050
ADD,3286197,3718301,432104
DELETE,724203,1403529,679326
ADD,152668,663344,510676
RETRIEVE,1287708,1374284,86576
DELETE,4004209,4475715,471506
DELETE,3766685,4260722,494037
ADD,181389,524786,343397
DELETE,220705,782576,561871
DELETE,511933,922117,410184
ADD,2734114,3114457,380343
RETRIEVE,2528439,2634269,105830
RETRIEVE,926010,1050082,124072
DELETE,3132699,3501100,368401
ADD,3422546,3893440,470894
RETRIEVE,3702088,3791770,89682
RETRIEVE,2659908,2722858,62950
DELETE,2709086,3209765,500679
RETRIEVE,1511933,1596823,84890
RETRIEVE,2771852,2871354,99502
RETRIEVE,4544366,4652830,108464
RETRIEVE,1726028,1798194,72166
RETRIEVE,3066760,3158414,91654
RETRIEVE,4677895,4788975,111080
RETRIEVE,896783,1015255,118472
DELETE,3137258,3618426,481168
ADD,2558786,3080486,521700
RETRIEVE,3998362,4094570,96208
RETRIEVE,1080926,1176884,95958
DELETE,336860,836900,500040
RETRIEVE,4433245,4525387,92142
RETRIEVE,4624441,4750259,125818
ADD,992015,1401347,409332
RETRIEVE,2234438,2318500,84062
ADD,1041543,1321923,280380
ADD,3885254,4245836,360582
ADD,1012345,1397246,384901
ADD,56048,471124,415076
RETRIEVE,1652752,1721984,69232
RETRIEVE,4442717,4601723,159006
DELETE,1980104,2211975,231871
DELETE,842891,1294849,451958
DELETE,1785889,1900731,114842
DELETE,2852480,3372707,520227
RETRIEVE,4352262,4491266,139004
RETRIEVE,1140994,1214652,73658
DELETE,4216080,4566128,350048
DELETE,356360,911616,555256
DELETE,1069220,1368555,299335
DELETE,3712803,4286607,573804
RETRIEVE,4742657,4822793,80136
DELETE,479208,736501,257293
RETRIEVE,1840508,1930234,89726
ADD,3830607,4206364,375757
RETRIEVE,4233426,4324528,91102
RETRIEVE,1310715,1390165,79450
DELETE,2561010,3018656,457646
RETRIEVE,1090303,1193885,103582
RETRIEVE,4170722,4294480,123758
DELETE,2097897,2545250,447353
RETRIEVE,529036,633908,104872
DELETE,3348739,3788634,439895
DELETE,1729657,2267533,537876
DELETE,2001580,2464081,462501
ADD,1260841,1557563,296722
RETRIEVE,2364293,2477517,113224
ADD,2115351,2631734,516383
DELETE,1467956,2044595,576639
ADD,1555759,2037585,481826
ADD,3688685,4025541,336856
ADD,2947385,3407458,460073
DELETE,4097897,4538700,440803
RETRIEVE,4302152,4395332,93180
ADD,1004836,1377054,372218
DELETE,2557544,3104342,546798
RETRIEVE,3748056,3809136,61080
DELETE,4041543,4366346,324803
ADD,1390379,1789538,399159
DELETE,1940064,2615295,675231
DELETE,1418027,1693321,275294
RETRIEVE,1368838,1537130,168292
ADD,3630485,3965747,335262
DELETE,2852696,3478872,626176
RETRIEVE,3155379,3267257,111878
DELETE,1887194,2601151,713957
ADD,2990784,3511688,520904
ADD,559448,945146,385698
DELETE,684130,979685,295555
DELETE,2063717,2568917,505200
DELETE,2841241,3146802,305561
DELETE,3535083,4053059,517976
ADD,1030542,1424439,393897
DELETE,1353707,1714215,360508
RETRIEVE,2082318,2132018,49700
DELETE,1359822,1774018,414196
DELETE,673610,920934,247324
DELETE,1791047,2130071,339024
RETRIEVE,871527,945329,73802
DELETE,1454119,2058477,604358
ADD,1770697,2391175,620478
RETRIEVE,276085,344331,68246
RETRIEVE,472067,569185,97118
DELETE,937063,1482703,545640
DELETE,642499,1011864,369365
RETRIEVE,43102,181454,138352
RETRIEVE,3921629,3986395,64766
RETRIEVE,1230632,1373734,143102
RETRIEVE,3453755,3543425,89670
ADD,3523972,4098322,574350
RETRIEVE,1441699,1504457,62758
RETRIEVE,2681062,2807326,126264
RETRIEVE,3342738,3485140,142402
ADD,2701414,3363138,661724
DELETE,4245407,4756611,511204
RETRIEVE,453755,568423,114668
DELETE,2442717,2989941,547224
ADD,3222510,3781685,559175
RETRIEVE,3724203,3856301,132098
RETRIEVE,4178172,4290768,112596
ADD,992864,1321234,328370
DELETE,2245040,2681600,436560
RETRIEVE,4612426,4782762,170336
ADD,3479208,4000473,521265
DELETE,652752,949280,296528
RETRIEVE,1665991,1776499,110508
ADD,2354113,2717966,363853
DELETE,2904193,3177874,273681
ADD,2758764,3129241,370477
RETRIEVE,1132699,1212425,79726
ADD,3232687,3586506,353819
RETRIEVE,3771967,3857079,85112
ADD,353707,952627,598920
DELETE,4523972,4845579,321607
RETRIEVE,3899897,4034341,134444
RETRIEVE,2747813,2860265,112452
RETRIEVE,4808868,4846900,38032
DELETE,785889,1122699,336810
DELETE,2828526,3107785,279259
RETRIEVE,216080,334116,118036
DELETE,845394,1408414,563020
ADD,2209322,2545418,336096
RETRIEVE,1330227,1432873,102646
ADD,1638934,2159588,520654
RETRIEVE,2101557,2172499,70942
ADD,3794161,4187613,393452
ADD,1581017,2061064,480047
RETRIEVE,3175256,3293728,118472
DELETE,1308882,1790263,481381
ADD,1560641,1962719,402078
ADD,746733,1222537,475804
ADD,1751831,2121687,369856
RETRIEVE,12345,128919,116574
ADD,2041964,2496553,454589
RETRIEVE,4480389,4554541,74152
DELETE,655627,919173,263546
DELETE,2794161,3278414,484253
RETRIEVE,2408733,2489483,80750
RETRIEVE,4784087,4839035,54948
DELETE,2638997,3068423,429426
RETRIEVE,2220884,2266842,45958
RETRIEVE,3771973,3845377,73404
DELETE,2729330,3048037,318707
DELETE,977644,1398102,420458
RETRIEVE,2940663,3061867,121204
RETRIEVE,3890859,3964529,73670
RETRIEVE,3494646,3612378,117732
RETRIEVE,4680498,4763360,82862
RETRIEVE,4608580,4662668,54088
DELETE,3199600,3585474,385874
RETRIEVE,3912016,4004022,92006
ADD,2940340,3116087,175747
ADD,2833100,3081897,248797
RETRIEVE,3346194,3404448,58254
ADD,1091070,1563734,472664
DELETE,3622815,3933239,310424
RETRIEVE,1777612,1877146,99534
RETRIEVE,445303,505647,60344
DELETE,2674594,3158736,484142
ADD,4090303,4502924,412621
RETRIEVE,3899725,3994807,95082
RETRIEVE,2602460,2687100,84640
ADD,85490,574895,489405
RETRIEVE,4780596,4880096,99500
RETRIEVE,645909,699269,53360
RETRIEVE,1681454,1801708,120254
DELETE,1158453,1583525,425072
RETRIEVE,86160,238624,152464
DELETE,3152856,3523926,371070
DELETE,119847,603813,483966
RETRIEVE,3823781,3913305,89524
DELETE,1725700,2228242,502542
ADD,478600,995446,516846
ADD,2645679,3192847,547168
ADD,3030542,3419297,388755
ADD,3035638,3471642,436004
DELETE,4091891,4415758,323867
RETRIEVE,4507148,4574422,67274
ADD,38953,409754,370801
ADD,2890859,3334052,443193
ADD,4121175,4831287,710112
ADD,867824,1312324,444500
ADD,3530606,3958087,427481
RETRIEVE,3660240,3793556,133316
RETRIEVE,69761,175311,105550
ADD,3791047,4163219,372172
RETRIEVE,3827935,4004011,176076
DELETE,1328661,1867491,538830
ADD,151893,587360,435467
ADD,1846038,2051311,205273
ADD,3988215,4347685,359470
ADD,2729694,3223406,493712
DELETE,62288,674067,611779
ADD,4047992,4545318,497326
RETRIEVE,4338906,4435280,96374
DELETE,957741,1188130,230389
ADD,2004209,2366802,362593
ADD,202026,681925,479899
DELETE,3248459,3499044,250585
RETRIEVE,3752995,3819357,66362
RETRIEVE,2723833,2800795,76962
RETRIEVE,3240322,3348306,107984
RETRIEVE,2549798,2651826,102028
RETRIEVE,1716356,1816120,99764
ADD,1453755,1947421,493666
ADD,4326982,4645522,318540
DELETE,2608160,3153262,545102
RETRIEVE,688685,841395,152710
DELETE,4119847,4460177,340330
ADD,2426722,2909780,483058
DELETE,1065825,1412890,347065
DELETE,1812565,2221035,408470
RETRIEVE,2621395,2681449,60054
ADD,2935942,3379117,443175
RETRIEVE,4174069,4277835,103766
DELETE,219575,713260,493685
RETRIEVE,1130114,1209102,78988
ADD,88935,533500,444565
DELETE,623030,926117,303087
ADD,3536292,4119888,583596
DELETE,366355,848292,481937
RETRIEVE,246413,327059,80646
DELETE,3542006,3983254,441248
ADD,2023468,2477695,454227
ADD,3249406,3670309,420903
DELETE,4030542,4292430,261888
RETRIEVE,1741049,1881009,139960
RETRIEVE,2049450,2133598,84148
RETRIEVE,608580,722318,113738
ADD,1299459,1674753,375294
ADD,1452454,1713610,261156
DELETE,2853326,3474925,621599
RETRIEVE,1546593,1648289,101696
RETRIEVE,2639916,2721312,81396
RETRIEVE,1297786,1377344,79558
RETRIEVE,3326982,3425900,98918
DELETE,3197135,3675793,478658
RETRIEVE,1419838,1508386,88548
ADD,4050246,4419648,369402
DELETE,2696022,3136103,440081
RETRIEVE,2449796,2538236,88440
ADD,1101557,1429417,327860
DELETE,3652752,4200347,547595
ADD,1265417,1537079,271662
ADD,3853326,4294768,441442
ADD,3650880,4221534,570654
RETRIEVE,2075535,2154707,79172
ADD,2403856,2772063,368207
DELETE,822893,1339915,517022
RETRIEVE,2560641,2631095,70454
DELETE,4403856,4827362,423506
DELETE,530951,820623,289672
DELETE,3958715,4722422,763707
RETRIEVE,4276085,4426263,150178
ADD,2750642,3069543,318901
ADD,2476365,3136986,660621
RETRIEVE,1066760,1196496,129736
ADD,23468,394899,371431
DELETE,878772,1339346,460574
RETRIEVE,4498305,4576487,78182
ADD,1758764,1981723,222959
ADD,171537,737123,565586
ADD,4090969,4548457,457488
RETRIEVE,230632,350300,119668
RETRIEVE,836463,913781,77318
RETRIEVE,2673610,2741498,67888
RETRIEVE,2125953,2206185,80232
RETRIEVE,3937063,4072643,135580
ADD,1544366,1861776,317410
RETRIEVE,2154229,2212975,58746
ADD,747742,1249515,501773
ADD,2155206,2581631,426425
ADD,3344067,3854242,510175
ADD,913835,1425011,511176
RETRIEVE,3332698,3430352,97654
RETRIEVE,4647330,4722912,75582
DELETE,2009874,2382454,372580
ADD,2463367,2934854,471487
DELETE,1124349,1559890,435541
DELETE,202433,488547,286114
RETRIEVE,2878772,2978886,100114
DELETE,355879,976978,621099
ADD,2232165,2744694,512529
DELETE,308882,783667,474785
RETRIEVE,1752398,1822094,69696
RETRIEVE,1936712,1955348,18636
RETRIEVE,3194170,3222554,28384
DELETE,4441810,4857015,415205
DELETE,4043102,4724689,681587
ADD,354539,726415,371876
DELETE,544894,1199048,654154
DELETE,2090303,2708558,618255
RETRIEVE,161877,268095,106218
DELETE,2182425,2452410,269985
ADD,2478968,2983835,504867
DELETE,2260841,2623091,362250
ADD,1382928,1975965,593037
DELETE,1776142,2276757,500615
DELETE,4408733,4763469,354736
ADD,2589675,2958150,368475
RETRIEVE,4368883,4434167,65284
DELETE,4395182,4836902,441720
ADD,2887281,3404155,516874
ADD,1792880,2270417,477537
ADD,2555759,2744041,188282
ADD,3957618,4373407,415789
ADD,3775572,4262911,487339
DELETE,497774,1039930,542156
RETRIEVE,3466783,3512901,46118
ADD,1677895,2174452,496557
ADD,4219557,4591053,371496
ADD,2872574,3266740,394166
RETRIEVE,4623030,4732070,109040
ADD,1164799,1653620,488821
ADD,702088,1432415,730327
RETRIEVE,3254033,3322129,68096
RETRIEVE,4366014,4452434,86420
ADD,3202433,3610162,407729
RETRIEVE,202689,321469,118780
DELETE,716356,1247210,530854
RETRIEVE,4325970,4435964,109994
DELETE,990723,1383898,393175
DELETE,3785889,4065305,279416
ADD,2098413,2700418,602005
RETRIEVE,2420691,2549119,128428
ADD,2569727,2851885,282158
RETRIEVE,1420691,1521147,100456
DELETE,558562,838108,279546
ADD,3205650,3673867,468217
RETRIEVE,2453519,2561319,107800
RETRIEVE,218645,353379,134734
RETRIEVE,535083,642029,106946
RETRIEVE,2699473,2796011,96538
ADD,4086160,4755545,669385
DELETE,230873,642734,411861
ADD,3742198,4068576,326378
DELETE,409581,1006676,597095
RETRIEVE,3184335,3294961,110626
ADD,4348464,4694640,346176
RETRIEVE,497882,569480,71598
RETRIEVE,4067990,4188062,120072
RETRIEVE,952643,1049035,96392
DELETE,2318801,2758928,440127
DELETE,3325970,3740481,414511
RETRIEVE,3859382,3958772,99390
ADD,3529036,3934023,404987
ADD,818101,1223088,404987
ADD,1314363,1749274,434911
RETRIEVE,1192272,1303758,111486
RETRIEVE,1681062,1764168,83106
RETRIEVE,1923652,2030424,106772
RETRIEVE,2199600,2255708,56108
DELETE,1028023,1668864,640841
RETRIEVE,2051651,2143097,91446
RETRIEVE,3938680,4046958,108278
RETRIEVE,3108455,3217827,109372
ADD,2181793,2554706,372913
DELETE,958454,1283924,325470
ADD,1430458,1969390,538932
DELETE,2257338,2404671,147333
DELETE,3129491,3688638,559147
RETRIEVE,4017322,4104152,86830
RETRIEVE,780596,889672,109076
DELETE,2124349,2630115,505766
RETRIEVE,3328661,3446809,118148
DELETE,3247188,3868732,621544
RETRIEVE,4403,73791,69388
DELETE,525518,927003,401485
ADD,1520773,1883125,362352
ADD,4065825,4596558,530733
RETRIEVE,2754973,2862495,107522
RETRIEVE,988215,1113485,125270
ADD,2088332,2405001,316669
DELETE,3785893,4445819,659926
DELETE,809699,1379899,570200
RETRIEVE,2921629,3010881,89252
RETRIEVE,4349264,4457336,108072
RETRIEVE,1974925,2065635,90710
ADD,292584,618406,325822
RETRIEVE,1085490,1187114,101624
ADD,2144980,2595465,450485
ADD,1733298,2291973,558675
DELETE,327392,710450,383058
DELETE,772246,1508002,735756
RETRIEVE,4155206,4233048,77842
DELETE,2784087,3039360,255273
ADD,2560385,2931260,370875
ADD,4449796,4742377,292581
DELETE,1530951,1761942,230991
DELETE,1356360,1896691,540331
RETRIEVE,4602460,4699660,97200
RETRIEVE,4233781,4288401,54620
DELETE,2582433,3032093,449660
ADD,3088305,3510394,422089
RETRIEVE,1292584,1381594,89010
RETRIEVE,210721,286849,76128
ADD,2847911,3373095,525184
RETRIEVE,2292197,2421001,128804
ADD,3755954,4176264,420310
ADD,940663,1532505,591842
ADD,3255133,3721071,465938
DELETE,2125255,2489895,364640
DELETE,866274,1230006,363732
DELETE,209322,604998,395676
RETRIEVE,2656856,2807500,150644
RETRIEVE,2949072,3071580,122508
ADD,2896783,3339763,442980
ADD,628943,738514,109571
RETRIEVE,2233072,2295326,62254
RETRIEVE,3469104,3598184,129080
ADD,523972,950045,426073
RETRIEVE,4001580,4090294,88714
RETRIEVE,3628214,3720238,92024
DELETE,1041964,1415081,373117
ADD,3620339,4158308,537969
DELETE,101557,569681,468124
DELETE,887281,1389823,502542
ADD,4144980,4423868,278888
RETRIEVE,537161,604965,67804
ADD,1243200,1593387,350187
DELETE,346194,809992,463798
RETRIEVE,2815108,2909458,94350
ADD,1091891,1615574,523683
ADD,3852480,4274745,422265
RETRIEVE,4572706,4644276,71570
DELETE,1726259,2151220,424961
ADD,1754973,2170781,415808
DELETE,3352262,3891102,538840
DELETE,2665991,3200810,534819
DELETE,1679816,2209206,529390
ADD,1005934,1295763,289829
ADD,94945,450006,355061
DELETE,3469818,4065921,596103
RETRIEVE,2507148,2618118,110970
ADD,2121175,2912147,790972
RETRIEVE,403856,475374,71518
RETRIEVE,3420691,3501461,80770
RETRIEVE,3612978,3612978,0
DELETE,3516715,3973027,456312
RETRIEVE,330227,451671,121444
DELETE,2280987,2585491,304504
DELETE,2338846,2808628,469782
RETRIEVE,1516715,1615415,98700
RETRIEVE,3030530,3084244,53714
DELETE,1645679,2203103,557424
RETRIEVE,2575523,2666807,91284
RETRIEVE,2850346,2933986,83640
ADD,3190823,3579060,388237
RETRIEVE,2313105,2388629,75524
DELETE,2667799,3075130,407331
ADD,3685108,4067591,382483
DELETE,205650,615380,409730
DELETE,332770,578408,245638
ADD,1544894,2190192,645298
ADD,2789195,3078941,289746
RETRIEVE,1980703,2016979,36276
RETRIEVE,2188298,2287384,99086
ADD,3855768,4190011,334243
DELETE,4406527,4861959,455432
RETRIEVE,1981288,2101346,120058
RETRIEVE,3478600,3547046,68446
ADD,175133,421790,246657
DELETE,213881,461465,247584
RETRIEVE,3612426,3717886,105460
RETRIEVE,3685047,3774627,89580
DELETE,1016741,1319531,302790
RETRIEVE,4622353,4738507,116154
RETRIEVE,1219557,1385053,165496
ADD,2102562,2455927,353365
DELETE,2248581,2719799,471218
DELETE,751537,1250280,498743
ADD,3059997,3271097,211100
RETRIEVE,4327392,4422014,94622
DELETE,2509371,2998655,489284
DELETE,2332770,2708722,375952
ADD,3445431,4136032,690601
RETRIEVE,219557,308753,89196
ADD,2620339,3178903,558564
DELETE,3974925,4511745,536820
ADD,3887194,4649594,762400
DELETE,49450,655902,606452
RETRIEVE,3250930,3284312,33382
ADD,3208361,3634091,425730
RETRIEVE,4146205,4249879,103674
ADD,3297786,3756655,458869
DELETE,4294154,4895158,601004
RETRIEVE,125255,260519,135264
ADD,243006,796419,553413
ADD,921629,1353446,431817
ADD,2117384,2465552,348168
DELETE,1794161,2207560,413399
DELETE,376799,671335,294536
DELETE,2161877,2698011,536134
DELETE,1263378,1428137,164759
RETRIEVE,2129491,2190299,60808
DELETE,4071912,4586636,514724
ADD,3419137,3804696,385559
RETRIEVE,1971824,2080350,108526
ADD,1966310,2316006,349696
RETRIEVE,1309998,1481890,171892
RETRIEVE,4650740,4740904,90164
RETRIEVE,770387,851851,81464
DELETE,453612,699417,245805
ADD,629706,1020583,390877
RETRIEVE,1035079,1126761,91682
DELETE,306506,933015,626509
ADD,2710256,3273193,562937
RETRIEVE,3865608,3930862,65254
RETRIEVE,645679,773549,127870
RETRIEVE,307284,436572,129288
DELETE,1181793,1279616,97823
DELETE,1688685,2315129,626444
RETRIEVE,2638873,2734103,95230
DELETE,3559448,4027794,468346
ADD,3569967,4143419,573452
RETRIEVE,3363130,3455702,92572
ADD,175256,598207,422951
DELETE,3520362,4017039,496677
ADD,3974865,4461583,486718
DELETE,3094945,3421823,326878
DELETE,1743449,2225868,482419
ADD,4374850,4666745,291895
RETRIEVE,29366,93890,64524
RETRIEVE,3713105,3824007,110902
RETRIEVE,1833100,1905242,72142
RETRIEVE,313105,375365,62260
DELETE,2029366,2446304,416938
RETRIEVE,3210771,3309973,99202
RETRIEVE,4391430,4464042,72612
RETRIEVE,2069292,2135772,66480
ADD,2302822,2625772,322950
ADD,3855776,4185406,329630
ADD,3640637,4004536,363899
ADD,4088305,4480618,392313
DELETE,4088935,4477653,388718
RETRIEVE,1192811,1300259,107448
ADD,1283119,1781047,497928
ADD,3067990,3777138,709148
DELETE,1922123,2340840,418717
DELETE,1608099,2202044,593945
ADD,4476459,4831232,354773
RETRIEVE,2267984,2320738,52754
RETRIEVE,971824,1062834,91010
RETRIEVE,2478600,2589700,111100
DELETE,3681454,4018764,337310
RETRIEVE,3009874,3156796,146922
RETRIEVE,3977644,4065442,87798
ADD,696022,1154622,458600
DELETE,4354113,4817234,463121
ADD,3004209,3302080,297871
RETRIEVE,173432,266090,92658
DELETE,3050246,3448488,398242
RETRIEVE,1085239,1143927,58688
ADD,2283119,2735920,452801
DELETE,2430458,3051918,621460
ADD,4077467,4326107,248640
RETRIEVE,2482903,2645767,162864
DELETE,4240322,4709752,469430
RETRIEVE,248581,340645,92064
RETRIEVE,300968,402092,101124
ADD,3712929,3958493,245564
ADD,2620665,3009874,389209
RETRIEVE,3713114,3817250,104136
DELETE,3467272,3745882,278610
RETRIEVE,1968330,2045706,77376
DELETE,2516715,2869997,353282
RETRIEVE,480389,571805,91416
ADD,1438780,1800326,361546
DELETE,4208599,4745771,537172
RETRIEVE,3828526,3867964,39438
RETRIEVE,1422716,1510226,87510
DELETE,2528118,2771292,243174
DELETE,4509005,4714398,205393
RETRIEVE,1822670,1892502,69832
DELETE,1101972,1636772,534800
ADD,3121175,3737141,615966
ADD,3592261,4145553,553292
RETRIEVE,787903,928201,140298
DELETE,3306506,3656573,350067
RETRIEVE,951257,1030543,79286
DELETE,1659908,2064950,405042
DELETE,771852,1328072,556220
RETRIEVE,190823,285531,94708
DELETE,2067442,2526255,458813
ADD,427080,945093,518013
RETRIEVE,2520926,2585244,64318
ADD,4095175,4589295,494120
RETRIEVE,754973,832743,77770
ADD,2953635,2983346,29711
DELETE,2123538,2504604,381066
RETRIEVE,1593714,1669042,75328
RETRIEVE,871200,995976,124776
RETRIEVE,2427080,2532416,105336
DELETE,1766938,2078817,311879
DELETE,929131,1332089,402958
RETRIEVE,239967,347085,107118
RETRIEVE,1012344,1165388,153044
ADD,1525518,1824899,299381
ADD,893950,1531762,637812
ADD,2026080,2469496,443416
RETRIEVE,2469104,2592900,123796
RETRIEVE,2845394,2936994,91600
DELETE,682992,1235098,552106
ADD,505569,892824,387255
DELETE,4479208,4768231,289023
RETRIEVE,3192565,3305769,113204
ADD,3377612,3830718,453106
ADD,2136292,2568609,432317
DELETE,4088332,4656772,568440
DELETE,278083,716422,438339
RETRIEVE,2669212,2748984,79772
RETRIEVE,3337569,3461247,123678
ADD,2638663,3002414,363751
DELETE,2519561,2916265,396704
ADD,1248581,1906589,658008
RETRIEVE,2185801,2305033,119232
DELETE,2937249,3348600,411351
RETRIEVE,3952547,4059965,107418
RETRIEVE,1030530,1128808,98278
DELETE,1803388,2349398,546010
ADD,647270,890323,243053
ADD,4255715,4733502,477787
ADD,1639916,2143727,503811
RETRIEVE,3442729,3463499,20770
ADD,3951257,4313636,362379
RETRIEVE,1273584,1426772,153188
DELETE,3216080,3492411,276331
ADD,3368883,3790222,421339
RETRIEVE,2520362,2632988,112626
RETRIEVE,3463367,3550449,87082
DELETE,3879213,4162585,283372
RETRIEVE,3080527,3171985,91458
DELETE,4090372,4336473,246101
RETRIEVE,1234315,1322303,87988
DELETE,2575725,3019641,443916
RETRIEVE,3990723,4092483,101760
RETRIEVE,1784938,1866616,81678
ADD,2776142,3254429,478287
RETRIEVE,3993185,4072167,78982
RETRIEVE,4026080,4122054,95974
RETRIEVE,1872574,1987628,115054
RETRIEVE,2216750,2313980,97230
ADD,790905,1536889,745984
DELETE,979461,1616791,637330
RETRIEVE,4679816,4763028,83212
ADD,1998733,2775280,776547
RETRIEVE,1887281,1997159,109878
DELETE,701390,829351,127961
ADD,1432720,1869104,436384
RETRIEVE,3481414,3547078,65664
DELETE,418772,837831,419059
RETRIEVE,26080,140214,114134
DELETE,2265417,2650420,385003
RETRIEVE,4317878,4419996,102118
DELETE,2334256,2722205,387949
ADD,3188138,3484286,296148
RETRIEVE,3684130,3784454,100324
DELETE,4004836,4263722,258886
ADD,3818101,4090143,272042
ADD,980104,1286934,306830
DELETE,1302152,1594492,292340
RETRIEVE,1063717,1148335,84618
RETRIEVE,3558786,3710256,151470
RETRIEVE,4582433,4672139,89706
RETRIEVE,1478583,1570951,92368
ADD,2663709,3157588,493879
ADD,2785459,3420112,634653
DELETE,3062288,3720787,658499
RETRIEVE,669212,761582,92370
DELETE,2421718,2843381,421663
RETRIEVE,890859,986759,95900
ADD,4332146,4740357,408211
RETRIEVE,3591064,3651784,60720
RETRIEVE,537440,651748,114308
DELETE,653848,1092928,439080
RETRIEVE,2872757,2985885,113128
DELETE,1735111,2353236,618125
RETRIEVE,1117384,1179396,62012
DELETE,1666804,2159210,492406
RETRIEVE,2246413,2384373,137960
RETRIEVE,2966538,3072272,105734
ADD,360715,564181,203466
RETRIEVE,33379,123933,90554
RETRIEVE,1015884,1076872,60988
RETRIEVE,2941547,3062285,120738
RETRIEVE,3152668,3240966,88298
ADD,1660240,2137962,477722
RETRIEVE,4771967,4851917,79950
ADD,3836463,4328545,492082
RETRIEVE,1019887,1140747,120860
RETRIEVE,2505569,2602613,97044
DELETE,1022059,1558518,536459
DELETE,718147,1210349,492202
RETRIEVE,1531608,1628724,97116
DELETE,2915029,3258453,343424
RETRIEVE,834660,1000382,165722
DELETE,1729036,2145603,416567
ADD,2394635,2641681,247046
ADD,3876977,4501291,624314
ADD,3219575,3644332,424757
DELETE,1701390,2129408,428018
ADD,1427080,1870579,443499
ADD,1589675,2042513,452838
RETRIEVE,4300968,4413746,112778
ADD,377612,726021,348409
DELETE,2955854,3385892,430038
DELETE,2660228,3248114,587886
ADD,557544,1051229,493685
RETRIEVE,337065,419571,82506
RETRIEVE,1927827,2058049,130222
DELETE,2422546,2740910,318364
DELETE,3222024,3596586,374562
DELETE,1090969,1367495,276526
RETRIEVE,4572970,4708986,136016
ADD,2639538,3139032,499494
DELETE,266573,796760,530187
ADD,2017322,2357300,339978
ADD,2359822,2848800,488978
ADD,3080926,3657389,576463
RETRIEVE,1799295,1924279,124984
RETRIEVE,2726259,2773841,47582
RETRIEVE,3817254,3890262,73008
RETRIEVE,222024,303040,81016
RETRIEVE,2325970,2403070,77100
RETRIEVE,974865,1068939,94074
ADD,3026080,3503830,477750
DELETE,4336860,4813646,476786
ADD,2555231,3031137,475906
RETRIEVE,2205168,2350632,145464
RETRIEVE,3029366,3097420,68054
ADD,3478322,3863066,384744
DELETE,4332770,4646557,313787
ADD,2899897,3409656,509759
ADD,2080926,2469246,388320
RETRIEVE,1994409,2095157,100748
RETRIEVE,1266573,1365557,98984
RETRIEVE,3923652,4051012,127360
RETRIEVE,1418772,1525178,106406
ADD,3667641,4035913,368272
ADD,1044241,1444318,400077
DELETE,1240322,1801285,560963
RETRIEVE,1618305,1698235,79930
RETRIEVE,3528118,3593600,65482
DELETE,188298,825424,637126
DELETE,422716,893425,470709
ADD,4359822,4691555,331733
DELETE,391430,923544,532114
RETRIEVE,4756911,4847929,91018
RETRIEVE,4497336,4573570,76234
DELETE,14863,523649,508786
ADD,3278083,3766218,488135
DELETE,1305930,1649679,343749
RETRIEVE,974925,1054409,79484
DELETE,2876977,3393814,516837
RETRIEVE,2951257,3074227,122970
ADD,2135422,2479078,343656
DELETE,2628943,2727962,99019
RETRIEVE,1476740,1603874,127134
DELETE,2033050,2464459,431409
RETRIEVE,2676621,2782587,105966
DELETE,2035470,2520872,485402
ADD,2455987,2761334,305347
RETRIEVE,3345800,3450432,104632
ADD,146205,507167,360962
RETRIEVE,1771967,1863145,91178
ADD,287708,783477,495769
RETRIEVE,3478525,3563491,84966
RETRIEVE,4218645,4310949,92304
DELETE,3005934,3318239,312305
ADD,281639,713854,432215
RETRIEVE,3155206,3200792,45586
RETRIEVE,2618139,2746923,128784
RETRIEVE,1771852,1916804,144952
RETRIEVE,3263378,3343190,79812
DELETE,2419838,2708926,289088
ADD,3926010,4363098,437088
ADD,59781,668892,609111
RETRIEVE,4478583,4556077,77494
ADD,4368767,4749370,380603
ADD,1352262,2008983,656721
ADD,2968330,3249432,281102
DELETE,2368838,2729189,360351
ADD,4179608,4536475,356867
RETRIEVE,2683598,2769516,85918
DELETE,1208599,1766486,557887
DELETE,394635,856422,461787
ADD,902750,1352410,449660
RETRIEVE,4435737,4536827,101090
ADD,4334256,4642948,308692
RETRIEVE,3420583,3572311,151728
DELETE,2526505,2954634,428129
RETRIEVE,3035079,3099353,64274
ADD,2152247,2644422,492175
ADD,4478968,4886354,407386
RETRIEVE,3647330,3805714,158384
DELETE,1111496,1584530,473034
DELETE,2858771,3224273,365502
RETRIEVE,955854,1039136,83282
RETRIEVE,2742198,2837584,95386
ADD,3957741,4202879,245138
ADD,1558943,2035285,476342
ADD,872085,1520292,648207
ADD,3693559,4198676,505117
ADD,2454119,3014480,560361
ADD,1807396,2088758,281362
RETRIEVE,992832,1092328,99496
RETRIEVE,2481414,2524156,42742
RETRIEVE,4520926,4589210,68284
RETRIEVE,3820435,3886461,66026
RETRIEVE,129491,214643,85152
ADD,3628629,4107583,478954
RETRIEVE,4612978,4629690,16712
DELETE,2733491,3407833,674342
DELETE,69220,330533,261313
ADD,1553128,1847497,294369
DELETE,1603866,1975751,371885
DELETE,3338846,3826046,487200
DELETE,32711,486799,454088
RETRIEVE,3408733,3502169,93436
ADD,3665991,4170997,505006
ADD,1996456,2412875,416419
DELETE,1668402,2034700,366298
DELETE,192811,851876,659065
RETRIEVE,1926010,2019244,93234
RETRIEVE,3618347,3716475,98128
DELETE,3445303,3957257,511954
RETRIEVE,4082442,4168930,86488
DELETE,866957,1179697,312740
DELETE,445431,1061916,616485
DELETE,4452454,4838588,386134
ADD,4102562,4616360,513798
RETRIEVE,4525518,4629066,103548
DELETE,92225,498638,406413
RETRIEVE,2711280,2819996,108716
RETRIEVE,1278083,1364655,86572
ADD,1421718,1742852,321134
RETRIEVE,4117384,4215010,97626
RETRIEVE,275578,403554,127976
ADD,1484488,1897915,413427
RETRIEVE,4475300,4548590,73290
RETRIEVE,3497774,3593796,96022
RETRIEVE,3673610,3739068,65458
RETRIEVE,3014179,3090401,76222
RETRIEVE,4734114,4801850,67736
RETRIEVE,830607,914951,84344
RETRIEVE,4092225,4174697,82472
ADD,373920,845463,471543
DELETE,2978846,3529127,550281
RETRIEVE,3972228,4036256,64028
DELETE,454491,752251,297760
DELETE,4192272,4694082,501810
RETRIEVE,4592261,4699773,107512
DELETE,2555980,2973946,417966
RETRIEVE,2966310,3046356,80046
ADD,54531,414289,359758
DELETE,3307284,3680392,373108
RETRIEVE,1403487,1508757,105270
RETRIEVE,2250930,2348462,97532
ADD,4049450,4568955,519505
RETRIEVE,4669572,4788986,119414
RETRIEVE,593714,698072,104358
DELETE,1327392,1687076,359684
DELETE,348464,834496,486032
DELETE,2664908,3013039,348131
ADD,375291,773385,398094
ADD,1535083,2011842,476759
ADD,367359,679117,311758
RETRIEVE,3799274,3882352,83078
DELETE,3235124,3680217,445093
RETRIEVE,4775572,4838572,63000
DELETE,108906,481189,372283
ADD,1445431,2158859,713428
ADD,1833995,2377050,543055
DELETE,2406064,2779570,373506
ADD,55050,942771,887721
DELETE,784938,1144705,359767
RETRIEVE,2122232,2259760,137528
RETRIEVE,4098653,4187049,88396
DELETE,232165,556736,324571
RETRIEVE,596907,687763,90856
RETRIEVE,1133358,1321808,188450
RETRIEVE,1467272,1571704,104432
RETRIEVE,2234315,2290047,55732
RETRIEVE,2990723,3088981,98258
DELETE,1832752,2142454,309702
DELETE,3834916,4335475,500559
RETRIEVE,1280987,1365675,84688
DELETE,1972228,2269441,297213
ADD,3243200,3772951,529751
ADD,544366,830017,285651
ADD,85239,512303,427064
DELETE,3390379,3906771,516392
RETRIEVE,531608,618498,86890
RETRIEVE,1305699,1411855,106156
ADD,47992,369163,321171
RETRIEVE,639538,765226,125688
ADD,4035079,4462884,427805
RETRIEVE,152247,223401,71154
DELETE,2993065,3377512,384447
DELETE,3928646,4451477,522831
ADD,3219557,3574145,354588
RETRIEVE,1097897,1163783,65886
RETRIEVE,3137485,3252939,115454
ADD,3511933,3611285,99352
RETRIEVE,2581828,2689162,107334
DELETE,1387178,1603216,216038
ADD,3280987,3610663,329676
DELETE,3581017,3954282,373265
DELETE,175517,479484,303967
ADD,758123,1260618,502495
RETRIEVE,254666,475118,220452
DELETE,1348739,1838282,489543
DELETE,4133358,4793729,660371
DELETE,4082515,4389391,306876
ADD,1135287,1470809,335522
ADD,3368838,3866006,497168
RETRIEVE,1763060,1860692,97632
ADD,1852696,2312260,459564
DELETE,4035470,4469779,434309
DELETE,2171537,2701826,530289
DELETE,3674594,4071910,397316
DELETE,4314363,4776345,461982
RETRIEVE,4818101,4892525,74424
RETRIEVE,2034567,2137151,102584
RETRIEVE,2830607,2946933,116326
ADD,4010562,4594029,583467
DELETE,758764,1115214,356450
RETRIEVE,1115351,1214287,98936
RETRIEVE,1857388,1956170,98782
DELETE,1939255,2479586,540331
DELETE,2532779,2882299,349520
RETRIEVE,1238339,1332079,93740
RETRIEVE,2623561,2715017,91456
ADD,2677895,3123719,445824
RETRIEVE,4472067,4572169,100102
DELETE,3547293,3779173,231880
RETRIEVE,1234438,1368616,134178
DELETE,2360715,2831730,471015
ADD,2755954,3012570,256616
RETRIEVE,1806865,1944639,137774
DELETE,546593,942704,396111
ADD,2343658,2829838,486180
ADD,1553735,1877861,324126
ADD,2453755,2931607,477852
DELETE,651156,1069623,418467
RETRIEVE,2452454,2559704,107250
RETRIEVE,1044447,1137133,92686
DELETE,3553128,4092051,538923
DELETE,35470,417981,382511
ADD,1966538,2580624,614086
RETRIEVE,2151922,2228802,76880
RETRIEVE,2747742,2844138,96396
ADD,3683598,4191216,507618
RETRIEVE,4537509,4615653,78144
ADD,224445,465404,240959
DELETE,1940340,2285951,345611
RETRIEVE,171355,301593,130238
ADD,2292584,2680821,388237
RETRIEVE,3316602,3367180,50578
DELETE,4202026,4644849,442823
DELETE,558786,1144800,586014
DELETE,1398856,1658502,259646
ADD,1837289,2239154,401865
ADD,3090303,3369821,279518
ADD,1618347,2044049,425702
ADD,3059781,3674997,615216
RETRIEVE,4362585,4462513,99928
RETRIEVE,502047,579983,77936
RETRIEVE,2111496,2279332,167836
RETRIEVE,3088935,3175337,86402
DELETE,4302389,4739903,437514
RETRIEVE,3409581,3525847,116266
RETRIEVE,4681062,4758850,77788
RETRIEVE,306138,407796,101658
RETRIEVE,1248475,1337459,88984
ADD,1520926,1891440,370514
RETRIEVE,528118,604724,76606
DELETE,1306138,1774596,468458
DELETE,4044447,4606225,561778
DELETE,3852696,4340479,487783
ADD,3685030,4193853,508823
DELETE,3181921,3631090,449169
ADD,1026080,1482105,456025
RETRIEVE,1569727,1633727,64000
RETRIEVE,3260841,3341103,80262
RETRIEVE,4729036,4801888,72852
RETRIEVE,509005,571993,62988
ADD,1338906,1675206,336300
ADD,3525518,3960262,434744
RETRIEVE,1209951,1345921,135970
DELETE,334940,634840,299900
DELETE,639916,999034,359118
DELETE,1645909,2024603,378694
RETRIEVE,2927827,3051259,123432
RETRIEVE,2957618,3051820,94202
RETRIEVE,3475300,3563734,88434
ADD,1887283,2249644,362361
ADD,2534819,2982700,447881
DELETE,3306138,3717295,411157
ADD,752398,1075793,323395
RETRIEVE,2812565,2877309,64744
RETRIEVE,397129,492857,95728
RETRIEVE,1940969,1963449,22480
DELETE,3418027,3884085,466058
RETRIEVE,3317878,3403262,85384
DELETE,261066,950481,689415
RETRIEVE,3034567,3112011,77444
RETRIEVE,3537161,3674657,137496
ADD,1687328,2043417,356089
ADD,1281639,1747456,465817
RETRIEVE,80527,162043,81516
ADD,2026046,2406074,380028
RETRIEVE,1318801,1451965,133164
DELETE,1243006,1609823,366817
RETRIEVE,4209951,4327847,117896
RETRIEVE,729694,850574,120880
RETRIEVE,4218034,4288926,70892
ADD,2511933,2948317,436384
DELETE,12253,453631,441378
RETRIEVE,570513,630645,60132
ADD,938195,1139975,201780
ADD,391545,851275,459730
RETRIEVE,4667641,4759521,91880
DELETE,2662827,3018638,355811
RETRIEVE,39678,219862,180184
RETRIEVE,1771973,1866421,94448
ADD,1194170,1553937,359767
RETRIEVE,3015884,3116158,100274
DELETE,2726028,3223956,497928
RETRIEVE,90969,178757,87788
ADD,2784205,3080214,296009
DELETE,1667799,1747010,79211
RETRIEVE,111496,246584,135088
ADD,2016741,2241960,225219
RETRIEVE,3245407,3346817,101410
RETRIEVE,4219575,4377895,158320
RETRIEVE,3770181,3893379,123198
ADD,1440478,1803932,363454
DELETE,1729330,2482410,753080
DELETE,3035467,3340138,304671
RETRIEVE,3360715,3467951,107236
RETRIEVE,1696022,1826332,130310
RETRIEVE,3780596,3873040,92444
DELETE,1558259,2249323,691064
DELETE,732710,1239161,506451
DELETE,1778770,2167600,388830
RETRIEVE,3681062,3773410,92348
ADD,4442729,4488282,45553
DELETE,2722150,3083927,361777
RETRIEVE,2274588,2394848,120260
RETRIEVE,4392900,4512394,119494
DELETE,2656726,3061046,404320
ADD,981288,1424037,442749
DELETE,2225113,2514331,289218
RETRIEVE,2354539,2453119,98580
RETRIEVE,3362585,3456361,93776
RETRIEVE,3638873,3736741,97868
RETRIEVE,3666804,3764596,97792
RETRIEVE,3124349,3210919,86570
DELETE,216750,666021,449271
DELETE,2493852,2895096,401244
ADD,3710256,4139636,429380
DELETE,624441,1129595,505154
DELETE,3040388,3394513,354125
RETRIEVE,3893950,4003420,109470
DELETE,3770387,4063617,293230
ADD,4136292,4367922,231630
RETRIEVE,3887281,3952965,65684
DELETE,342738,800328,457590
RETRIEVE,4640637,4730269,89632
DELETE,1129491,1557676,428185
ADD,885254,1489983,604729
DELETE,3238339,3533968,295629
RETRIEVE,3623561,3674373,50812
ADD,239056,616101,377045
RETRIEVE,1055030,1146936,91906
RETRIEVE,2651156,2760778,109622
RETRIEVE,1612426,1716264,103838
RETRIEVE,850275,976503,126228
DELETE,4248779,4481836,233057
RETRIEVE,4137485,4264999,127514
ADD,1662827,2020343,357516
ADD,4356360,4716618,360258
RETRIEVE,3729036,3815088,86052
ADD,487338,994521,507183
RETRIEVE,75535,161297,85762
DELETE,2926010,3365970,439960
DELETE,1231730,1698492,466762
DELETE,2276085,2749101,473016
DELETE,4123538,4571308,447770
RETRIEVE,408733,486863,78130
RETRIEVE,2572706,2669806,97100
DELETE,338607,758676,420069
ADD,3287708,3663614,375906
DELETE,3949514,4445367,495853
DELETE,1593556,1962208,368652
ADD,1077467,1434010,356543
DELETE,1094945,1356416,261471
RETRIEVE,4645679,4745389,99710
DELETE,3786418,4154986,368568
RETRIEVE,33050,120580,87530
ADD,872574,1281155,408581
RETRIEVE,4371455,4428731,57276
RETRIEVE,4354539,4431815,77276
DELETE,2684130,3211565,527435
ADD,2887194,3469160,581966
RETRIEVE,770697,834051,63354
ADD,2972228,3391825,419597
ADD,2822670,3174256,351586
ADD,3949072,4395943,446871
RETRIEVE,1581828,1715706,133878
ADD,3668627,4006113,337486
ADD,2905563,3375540,469977
ADD,3442717,3965622,522905
RETRIEVE,4784205,4875625,91420
RETRIEVE,1494646,1593292,98646
DELETE,305699,989972,684273
DELETE,560385,1088191,527806
ADD,4232165,4876166,644001
DELETE,793600,1210686,417086
ADD,1847911,2446682,598771
DELETE,2338607,2828827,490220
ADD,4377612,4756214,378602
RETRIEVE,1638663,1773559,134896
ADD,3697729,4130685,432956
ADD,2618305,3210814,592509
RETRIEVE,3996456,4103310,106854
RETRIEVE,1095175,1233733,138558
ADD,2817254,3307511,490257
ADD,1572970,1841000,268030
ADD,3478583,3673285,194702
DELETE,2971824,3618409,646585
ADD,1155206,1469855,314649
DELETE,865406,1231519,366113
RETRIEVE,3137610,3236518,98908
ADD,4151922,4753047,601125
RETRIEVE,1392900,1498696,105796
ADD,736338,1230041,493703
RETRIEVE,1098413,1155159,56746
RETRIEVE,3338906,3455976,117070
ADD,80782,165265,84483
RETRIEVE,3376799,3476171,99372
DELETE,550130,1111427,561297
RETRIEVE,1680498,1739532,59034
RETRIEVE,581104,683052,101948
RETRIEVE,4175517,4245759,70242
RETRIEVE,3033050,3152976,119926
ADD,2558562,2982189,423627
DELETE,2935283,3181801,246518
RETRIEVE,4776142,4867320,91178
RETRIEVE,1710256,1780096,69840
RETRIEVE,254258,282222,27964
ADD,4363130,4872583,509453
RETRIEVE,4346194,4452408,106214
ADD,4209,459344,455135
RETRIEVE,3543750,3612142,68392
RETRIEVE,2814131,2891791,77660
RETRIEVE,834916,965622,130706
RETRIEVE,723833,817181,93348
ADD,3696022,4217880,521858
DELETE,887194,1401084,513890
RETRIEVE,3373920,3401276,27356
RETRIEVE,457312,574990,117678
DELETE,1883573,2348047,464474
ADD,2956235,3465391,509156
RETRIEVE,2090372,2170308,79936
RETRIEVE,255133,350731,95598
ADD,3085490,3445683,360193
RETRIEVE,1628629,1730045,101416
RETRIEVE,555231,652483,97252
RETRIEVE,3958454,4004276,45822
ADD,3736338,4050209,313871
ADD,1074989,1337164,262175
DELETE,1261066,2042431,781365
RETRIEVE,3435737,3529369,93632
DELETE,2292039,2691467,399428
DELETE,1277539,1611912,334373
DELETE,802422,1548952,746530
RETRIEVE,1773516,1869966,96450
RETRIEVE,1457312,1542646,85334
RETRIEVE,4420905,4535415,114510
DELETE,963467,1288149,324682
DELETE,1193572,1679271,485699
RETRIEVE,2297786,2444320,146534
ADD,41543,224322,182779
DELETE,1080782,1555261,474479
RETRIEVE,2622815,2741595,118780
RETRIEVE,1809699,1898725,89026
ADD,2766685,3274683,507998
RETRIEVE,1624441,1726741,102300
RETRIEVE,4239967,4315899,75932
ADD,115351,709194,593843
RETRIEVE,1001580,1116284,114704
ADD,2968061,3556280,588219
RETRIEVE,618305,667189,48884
RETRIEVE,4175256,4236668,61412
ADD,4530951,4841866,310915
DELETE,3067442,3560534,493092
ADD,2593556,2980486,386930
ADD,4012345,4190362,178017
ADD,3560641,4181953,621312
RETRIEVE,2022059,2108357,86298
RETRIEVE,1238523,1365319,126796
DELETE,1845453,2380411,534958
RETRIEVE,2324152,2405380,81228
DELETE,2560340,2869013,308673
RETRIEVE,2992015,3054777,62762
RETRIEVE,519561,556649,37088
ADD,3729657,3919875,190218
ADD,688909,1109006,420097
DELETE,1017322,1414323,397001
ADD,3624441,4036191,411750
ADD,98413,635557,537144
ADD,1558562,2031930,473368
DELETE,117384,500201,382817
DELETE,2151573,2478080,326507
RETRIEVE,4710256,4811108,100852
ADD,1173432,1660548,487116
DELETE,1537161,2188499,651338
RETRIEVE,3032711,3156835,124124
RETRIEVE,4332698,4415022,82324
DELETE,1069292,1558465,489173
DELETE,3426551,3984994,558443
RETRIEVE,3040313,3125393,85080
ADD,2314363,2847570,533207
DELETE,137610,499313,361703
RETRIEVE,489436,602178,112742
DELETE,2287837,2772628,484791
RETRIEVE,3756911,3852005,95094
DELETE,250930,806733,555803
DELETE,713105,1137482,424377
RETRIEVE,2732710,2791938,59228
RETRIEVE,935942,1010890,74948
RETRIEVE,421718,448844,27126
DELETE,430458,884435,453977
RETRIEVE,665991,781447,115456
ADD,956235,1253439,297204
RETRIEVE,4094840,4172968,78128
ADD,3837289,4241720,404431
RETRIEVE,1734114,1809840,75726
RETRIEVE,1900859,1989789,88930
RETRIEVE,4432720,4499512,66792
DELETE,3218034,3218034,0
RETRIEVE,234438,262590,28152
ADD,3231610,3656840,425230
ADD,2420905,2860161,439256
RETRIEVE,706061,787925,81864
ADD,3133358,3653307,519949
RETRIEVE,516715,663109,146394
RETRIEVE,4537440,4640184,102744
RETRIEVE,511480,559224,47744
RETRIEVE,133358,255174,121816
RETRIEVE,3181793,3238841,57048
RETRIEVE,2489436,2593094,103658
DELETE,2230873,2702434,471561
RETRIEVE,1988215,2069661,81446
ADD,2751537,2951974,200437
DELETE,4216750,4485725,268975
RETRIEVE,4526961,4632061,105100
DELETE,1089776,1369377,279601
RETRIEVE,3660066,3760106,100040
ADD,3455987,3944650,488663
DELETE,406660,961638,554978
DELETE,4017694,4837284,819590
DELETE,4124349,4642381,518032
ADD,2331155,2525014,193859
DELETE,3220884,3684367,463483
RETRIEVE,4337569,4461251,123682
RETRIEVE,344067,445863,101796
DELETE,1560385,1959637,399252
DELETE,2520773,2833680,312907
DELETE,3313105,3631571,318466
ADD,1621395,1916792,295397
RETRIEVE,478525,547667,69142
RETRIEVE,770181,860055,89874
DELETE,474862,1192182,717320
RETRIEVE,953635,1039463,85828
RETRIEVE,4826758,4875232,48474
RETRIEVE,546883,613939,67056
ADD,3834660,4497551,662891
ADD,4426722,4815968,389246
DELETE,2537231,3078572,541341
RETRIEVE,750642,806348,55706
DELETE,677690,860135,182445
DELETE,4085239,4584371,499132
RETRIEVE,776142,884048,107906
DELETE,3983810,4573391,589581
RETRIEVE,132085,206159,74074
RETRIEVE,1991418,2077238,85820
ADD,44447,402296,357849
ADD,1184335,1629863,445528
RETRIEVE,2535083,2631977,96894
DELETE,1526961,2019636,492675
DELETE,2184335,2481910,297575
RETRIEVE,2355879,2511171,155292
RETRIEVE,2855768,2905326,49558
RETRIEVE,3175133,3248207,73074
RETRIEVE,509371,584453,75082
DELETE,1528118,2030622,502504
RETRIEVE,3421718,3523298,101580
ADD,1023468,1451208,427740
RETRIEVE,2983284,3087180,103896
DELETE,2981288,3422981,441693
ADD,3537440,4046059,508619
RETRIEVE,4290271,4405431,115160
RETRIEVE,530606,637896,107290
DELETE,1888816,2360266,471450
RETRIEVE,174069,212833,38764
RETRIEVE,2827223,2933109,105886
DELETE,179608,555792,376184
DELETE,1979461,2544667,565206
DELETE,3725700,4216327,490627
RETRIEVE,3952643,4041545,88902
DELETE,1017694,1774174,756480
DELETE,3622727,4259084,636357
RETRIEVE,1257338,1347080,89742
RETRIEVE,1300968,1387076,86108
RETRIEVE,2320315,2383913,63598
RETRIEVE,3518828,3650960,132132
RETRIEVE,3729330,3819530,90200
RETRIEVE,3106893,3226569,119676
ADD,1950506,2347340,396834
RETRIEVE,2650740,2721164,70424
DELETE,3255715,3706765,451050
DELETE,122232,625718,503486
ADD,292039,628747,336708
ADD,2287516,2769231,481715
RETRIEVE,3182425,3267887,85462
RETRIEVE,1025947,1146005,120058
RETRIEVE,786704,864516,77812
DELETE,3560340,3846306,285966
DELETE,80926,467995,387069
RETRIEVE,613996,696572,82576
DELETE,4152856,4210592,57736
DELETE,1820435,2233278,412843
ADD,2035079,2522825,487746
DELETE,1557544,2006954,449410
RETRIEVE,1983810,2099066,115256
DELETE,3656856,4057136,400280
ADD,1866957,2185395,318438
DELETE,382928,757722,374794
RETRIEVE,2807396,2933020,125624
DELETE,841965,1368427,526462
ADD,2170722,2536196,365474
RETRIEVE,927827,1067985,140158
ADD,1630485,2097683,467198
DELETE,2988215,3405913,417698
RETRIEVE,4051651,4178943,127292
DELETE,4287837,4897272,609435
RETRIEVE,1887642,1953626,65984
RETRIEVE,3332146,3407910,75764
ADD,3700040,4043965,343925
RETRIEVE,2836291,2939709,103418
ADD,181793,668974,487181
RETRIEVE,1640580,1737710,97130
RETRIEVE,1144980,1245180,100200
RETRIEVE,777558,892532,114974
RETRIEVE,3519729,3614049,94320
RETRIEVE,1332770,1399390,66620
DELETE,2982500,3484652,502152
DELETE,1989124,2332975,343851
ADD,3785459,4374586,589127
ADD,832752,916225,83473
DELETE,3751537,4122245,370708
ADD,1946010,2389250,443240
RETRIEVE,4247188,4358600,111412
RETRIEVE,474974,578502,103528
RETRIEVE,3151893,3238637,86744
ADD,3080782,3538159,457377
DELETE,4202689,4630633,427944
RETRIEVE,420905,501437,80532
ADD,3701390,4175082,473692
RETRIEVE,3659908,3770012,110104
ADD,1817254,2288741,471487
DELETE,777612,1342735,565123
ADD,3049450,3577830,528380
RETRIEVE,2684746,2770346,85600
DELETE,3988997,4367339,378342
RETRIEVE,972704,1104824,132120
DELETE,4482903,4808595,325692
ADD,668402,933792,265390
DELETE,3604031,3927398,323367
RETRIEVE,3835347,3949119,113772
ADD,3321705,3655550,333845
RETRIEVE,1290271,1356397,66126
DELETE,2082515,2691144,608629
RETRIEVE,3838943,3949681,110738
ADD,3841241,4413201,571960
RETRIEVE,4698766,4765464,66698
RETRIEVE,4052829,4132513,79684
ADD,625100,1534537,909437
RETRIEVE,633008,747052,114044
RETRIEVE,726028,844596,118568
DELETE,3732710,4066101,333391
ADD,729657,1235599,505942
DELETE,1275578,1862065,586487
ADD,3931886,4531547,599661
RETRIEVE,398856,499960,101104
RETRIEVE,154229,192175,37946
ADD,4091812,4669970,578158
RETRIEVE,4478525,4506263,27738
RETRIEVE,4536563,4589557,52994
DELETE,1509005,1747685,238680
RETRIEVE,1232165,1306875,74710
ADD,700040,1323677,623637
ADD,2921018,3334936,413918
RETRIEVE,1059446,1141464,82018
RETRIEVE,440478,535102,94624
ADD,2343810,2743673,399863
RETRIEVE,420691,534407,113716
RETRIEVE,3758123,3865015,106892
RETRIEVE,1102519,1228989,126470
RETRIEVE,3264427,3314007,49580
DELETE,2447104,2925095,477991
ADD,59997,440442,380445
RETRIEVE,2069220,2171946,102726
RETRIEVE,401771,535481,133710
DELETE,3992832,4727532,734700
DELETE,2660218,2995267,335049
ADD,2302152,2621498,319346
ADD,1220884,1528520,307636
DELETE,426722,1026383,599661
RETRIEVE,3423714,3507476,83762
DELETE,192272,592182,399910
RETRIEVE,1758123,1863697,105574
RETRIEVE,3613996,3679156,65160
DELETE,1557319,2070478,513159
DELETE,2305699,2792704,487005
DELETE,4033379,4687978,654599
DELETE,1815108,2100426,285318
DELETE,2287708,2913309,625601
ADD,2463945,3068748,604803
RETRIEVE,3808868,3856942,48074
RETRIEVE,63717,143955,80238
RETRIEVE,1478525,1554301,75776
RETRIEVE,2010562,2107538,96976
DELETE,2823567,3311758,488191
DELETE,984232,1498669,514437
DELETE,1974865,2510054,535189
ADD,3904193,4301305,397112
ADD,353827,695037,341210
DELETE,606602,998906,392304
RETRIEVE,1742657,1829699,87042
ADD,3343810,3912222,568412
RETRIEVE,3850275,3946851,96576
DELETE,2474862,3185919,711057
RETRIEVE,4248459,4303403,54944
DELETE,1086160,1503737,417577
ADD,4268180,4675501,407321
ADD,3693962,4136118,442156
DELETE,1580,454307,452727
DELETE,2785893,3386397,600504
DELETE,996456,1149838,153382
RETRIEVE,2818101,2893445,75344
ADD,3366014,3777671,411657
RETRIEVE,972228,1065434,93206
DELETE,2302389,2508384,205995
RETRIEVE,3857388,3946882,89494
RETRIEVE,469104,604360,135256
DELETE,2542006,3170767,628761
RETRIEVE,4406660,4502290,95630
RETRIEVE,4656856,4683666,26810
RETRIEVE,2528691,2619031,90340
ADD,1475300,1879962,404662
RETRIEVE,17220,136168,118948
RETRIEVE,508940,622190,113250
ADD,1622727,2168015,545288
ADD,3387178,3570503,183325
RETRIEVE,2746733,2831431,84698
DELETE,2756722,3547814,791092
ADD,519729,909948,390219
DELETE,3305930,3793287,487357
DELETE,53446,387013,333567
RETRIEVE,3069292,3151478,82186
DELETE,2660240,3311560,651320
RETRIEVE,158453,243383,84930
RETRIEVE,3651156,3760764,109608
RETRIEVE,2004836,2106658,101822
RETRIEVE,677895,739541,61646
RETRIEVE,453519,535765,82246
RETRIEVE,1119847,1240835,120988
RETRIEVE,1397129,1465773,68644
ADD,1770725,2056080,285355
RETRIEVE,3398856,3456402,57546
ADD,2211193,2862040,650847
RETRIEVE,537231,665197,127966
DELETE,4391545,4619701,228156
DELETE,69292,377372,308080
DELETE,612426,944863,332437
DELETE,1750642,2066393,315751
DELETE,3935283,4250831,315548
RETRIEVE,1751537,1879105,127568
RETRIEVE,4299459,4376539,77080
RETRIEVE,4381709,4491801,110092
DELETE,2050246,2546062,495816
RETRIEVE,3002345,3102793,100448
DELETE,2956928,3276450,319522
ADD,2294055,2790260,496205
RETRIEVE,2066760,2188830,122070
RETRIEVE,1363551,1462765,99214
DELETE,668627,1187122,518495
RETRIEVE,3927827,4054873,127046
DELETE,2137485,2666551,529066
DELETE,454119,923901,469782
DELETE,3889131,4371884,482753
DELETE,4073663,4409870,336207
RETRIEVE,4677690,4778402,100712
DELETE,1663709,2191765,528056
RETRIEVE,431934,475878,43944
RETRIEVE,2618347,2731333,112986
ADD,3573673,4012466,438793
DELETE,904193,1310996,406803
ADD,3663943,4017456,353513
DELETE,495492,1011245,515753
ADD,2979265,3471403,492138
ADD,1403856,1828826,424970
ADD,1555231,1865452,310221
RETRIEVE,4792880,4860004,67124
DELETE,2216080,2575208,359128
RETRIEVE,4623561,4701231,77670
RETRIEVE,2701390,2792954,91564
ADD,1828526,1854541,26015
RETRIEVE,2254033,2360479,106446
RETRIEVE,887642,993824,106182
DELETE,712929,1158716,445787
ADD,3354539,3872422,517883
RETRIEVE,3546593,3606253,59660
RETRIEVE,3047992,3155302,107310
DELETE,67585,420320,352735
DELETE,3664908,4032772,367864
ADD,983284,1447443,464159
DELETE,1175256,1487941,312685
DELETE,1612978,2023477,410499
DELETE,2668402,2954109,285707
ADD,4185801,4566079,380278
RETRIEVE,659908,767494,107586
RETRIEVE,2531837,2658047,126210
RETRIEVE,4135287,4236423,101136
ADD,510689,1084724,574035
RETRIEVE,2633008,2710720,77712
ADD,51597,554231,502634
DELETE,4039678,4587866,548188
RETRIEVE,73663,161173,87510
RETRIEVE,2044241,2166399,122158
DELETE,3267984,3627760,359776
RETRIEVE,467272,593882,126610
ADD,1146314,1659852,513538
RETRIEVE,441699,509491,67792
ADD,3318801,3746838,428037
ADD,1660228,2141146,480918
DELETE,1784205,2075230,291025
RETRIEVE,3800560,3913386,112826
DELETE,695260,990917,295657
ADD,1041547,1503019,461472
DELETE,419838,723425,303587
RETRIEVE,3505569,3613233,107664
ADD,921018,1309273,388255
ADD,2679816,3227929,548113
RETRIEVE,539203,609601,70398
RETRIEVE,2751831,2839761,87930
RETRIEVE,4130114,4199008,68894
DELETE,880313,1114732,234419
RETRIEVE,949514,1049542,100028
RETRIEVE,3981288,4085106,103818
DELETE,142993,604715,461722
ADD,2826758,3201348,374590
DELETE,4337065,4747870,410805
RETRIEVE,2687328,2701708,14380
DELETE,4209322,4534671,325349
ADD,3567514,3922695,355181
ADD,2900770,3339544,438774
DELETE,1495492,2118434,622942
ADD,3119847,3490370,370523
RETRIEVE,991418,1100748,109330
RETRIEVE,2005934,2149850,143916
DELETE,3645679,4246090,600411
RETRIEVE,4735111,4834155,99044
ADD,680498,1088347,407849
RETRIEVE,4290342,4408100,117758
ADD,3054014,3537128,483114
DELETE,618139,987328,369189
DELETE,575725,780229,204504
ADD,1233581,1570140,336559
ADD,3001580,3514034,512454
ADD,994409,1336166,341757
DELETE,887283,1396699,509416
DELETE,1824686,2491181,666495
RETRIEVE,3381709,3495433,113724
ADD,4019887,4405539,385652
DELETE,4012253,4517250,504997
DELETE,3544366,3942877,398511
ADD,574515,1042871,468356
ADD,1692556,1958353,265797
DELETE,268480,705003,436523
ADD,2419137,2737186,318049
RETRIEVE,3955854,4050804,94950
ADD,3123538,3715065,591527
DELETE,2435737,2934934,499197
DELETE,2235124,2618015,382891
RETRIEVE,1667641,1724759,57118
RETRIEVE,558259,681247,122988
RETRIEVE,1735916,1800846,64930
DELETE,2248475,2562892,314417
DELETE,4406064,4774743,368679
DELETE,2771967,3388684,616717
RETRIEVE,3158453,3209529,51076
ADD,2219575,2465204,245629
RETRIEVE,2884058,2968482,84424
DELETE,1709086,2259682,550596
DELETE,2963467,3214349,250882
ADD,2222024,2336514,114490
DELETE,2857388,3280681,423293
RETRIEVE,931566,1043338,111772
DELETE,1784087,1859704,75617
RETRIEVE,113180,170448,57268
ADD,3135422,3506334,370912
ADD,685339,1165488,480149
RETRIEVE,3330227,3429801,99574
DELETE,3913967,4271862,357895
RETRIEVE,4474746,4540280,65534
RETRIEVE,3931422,3993952,62530
DELETE,368883,802617,433734
RETRIEVE,2137258,2198944,61686
RETRIEVE,2574515,2669517,95002
DELETE,82318,574715,492397
RETRIEVE,2735111,2862079,126968
ADD,1152247,1597071,444824
ADD,2833995,3171203,337208
RETRIEVE,887836,973732,85896
RETRIEVE,978846,1101604,122758
RETRIEVE,4069292,4160616,91324
RETRIEVE,827223,905563,78340
RETRIEVE,59446,112150,52704
DELETE,4331155,4748028,416873
RETRIEVE,3865406,3982270,116864
ADD,2992832,3486665,493833
DELETE,3202689,3693715,491026
DELETE,3647270,4078030,430760
RETRIEVE,2264427,2368231,103804
RETRIEVE,3414571,3482559,67988
ADD,2685047,3132104,447057
RETRIEVE,2233781,2342361,108580
ADD,426551,963371,536820
ADD,4129491,4746421,616930
ADD,123538,509134,385596
ADD,1313105,1594856,281751
DELETE,3154229,3567832,413603
ADD,3234438,3494964,260526
DELETE,591064,1002128,411064
RETRIEVE,2308882,2432610,123728
DELETE,2893950,3358794,464844
DELETE,3343658,3910875,567217
DELETE,3743449,3949750,206301
RETRIEVE,3230873,3329097,98224
ADD,40388,411911,371523
ADD,321705,913686,591981
DELETE,1931422,2247924,316502
RETRIEVE,1537509,1648821,111312
ADD,2770725,3054949,284224
ADD,2469818,3056703,586885
DELETE,4122232,4721513,599281
ADD,2254666,3053568,798902
RETRIEVE,210771,382123,171352
ADD,1069761,1414075,344314
ADD,3332770,3684384,351614
DELETE,1033379,1582141,548762
RETRIEVE,693559,823087,129528
RETRIEVE,1012253,1105017,92764
ADD,1151573,1399703,248130
RETRIEVE,2205650,2297472,91822
RETRIEVE,3612426,3686548,74122
RETRIEVE,4716356,4789964,73608
RETRIEVE,4308882,4366432,57550
RETRIEVE,4194299,4277791,83492
DELETE,2530606,3055021,524415
DELETE,4343889,4858697,514808
DELETE,828526,1130094,301568
RETRIEVE,2741049,2816587,75538
DELETE,3572706,3832352,259646
DELETE,3968330,4145522,177192
ADD,433245,805871,372626
DELETE,2917240,3461509,544269
DELETE,3331155,3737291,406136
RETRIEVE,1701414,1793328,91914
RETRIEVE,2054014,2151078,97064
ADD,3889091,4257715,368624
DELETE,248475,573509,325034
DELETE,176154,522849,346695
RETRIEVE,3082515,3144385,61870
RETRIEVE,28023,141319,113296
DELETE,3872757,4430895,558138
RETRIEVE,2294842,2403914,109072
RETRIEVE,2591064,2685338,94274
ADD,4668627,4736109,67482
RETRIEVE,2338906,2445358,106452
RETRIEVE,4418165,4500583,82418
ADD,4224296,4529180,304884
DELETE,2266573,2598908,332335
ADD,1685030,2078316,393286
RETRIEVE,3887283,3972293,85010
DELETE,1747813,2364835,617022
RETRIEVE,208361,294287,85926
ADD,2571501,2944294,372793
ADD,2363551,2819585,456034
ADD,616523,1119231,502708
RETRIEVE,1620235,1702449,82214
ADD,1904193,2292467,388274
RETRIEVE,3463945,3572407,108462
ADD,3752926,4147759,394833
RETRIEVE,3508940,3714298,205358
ADD,1990784,2379178,388394
ADD,2663943,3204191,540248
RETRIEVE,3497336,3563420,66084
DELETE,1010562,1603339,592777
DELETE,3452454,3958164,505710
RETRIEVE,827418,889114,61696
DELETE,812565,1261011,448446
RETRIEVE,2100097,2147191,47094
DELETE,4222024,4683663,461639
ADD,3847911,4327106,479195
RETRIEVE,4318801,4430323,111522
DELETE,4364293,4734844,370551
RETRIEVE,371455,479959,108504
ADD,4135422,4600248,464826
DELETE,3638934,4113701,474767
DELETE,1040313,1562134,521821
RETRIEVE,1628943,1698449,69506
DELETE,419781,861075,441294
ADD,3287837,4032459,744622
RETRIEVE,3354113,3486145,132032
RETRIEVE,4205168,4260176,55008
RETRIEVE,4260841,4344803,83962
RETRIEVE,4701414,4813480,112066
RETRIEVE,935283,1058299,123016
ADD,4055050,4885257,830207
ADD,476365,1314586,838221
RETRIEVE,4558310,4615768,57458
RETRIEVE,4423665,4530701,107036
DELETE,9874,487698,477824
DELETE,1497336,1556304,58968
DELETE,2803388,3305624,502236
RETRIEVE,269349,371003,101654
DELETE,3679816,4166108,486292
DELETE,83468,508883,425415
RETRIEVE,2210771,2283073,72302
ADD,3546883,4067527,520644
RETRIEVE,4040388,4125892,85504
RETRIEVE,1381709,1523213,141504
RETRIEVE,3188298,3298072,109774
ADD,1142993,1571623,428630
ADD,3113180,3388390,275210
ADD,2666804,3087865,421061
ADD,757136,1465932,708796
ADD,912016,1290942,378926
ADD,2476740,2911493,434753
RETRIEVE,2879213,2976163,96950
ADD,2038953,2458244,419291
DELETE,3359822,3701004,341182
RETRIEVE,1246413,1330965,84552
RETRIEVE,3498305,3561573,63268
RETRIEVE,1620339,1700321,79982
RETRIEVE,2328661,2420161,91500
RETRIEVE,67442,183518,116076
RETRIEVE,2040313,2102397,62084
ADD,4028023,4622681,594658
DELETE,722150,1123107,400957
RETRIEVE,1651156,1732760,81604
DELETE,354806,941700,586894
DELETE,1062288,1564996,502708
RETRIEVE,3555759,3638719,82960
ADD,3713694,4291083,577389
DELETE,3639538,4350919,711381
RETRIEVE,520926,576602,55676
DELETE,77467,317463,239996
ADD,1171537,1623893,452356
DELETE,2887836,3391174,503338
RETRIEVE,2969085,3069165,100080
RETRIEVE,1723752,1807090,83338
DELETE,3040496,3664272,623776
ADD,2640637,3021425,380788
DELETE,309998,721905,411907
DELETE,1014863,1687732,672869
RETRIEVE,1406527,1496215,89688
RETRIEVE,2777558,2886030,108472
RETRIEVE,765420,845242,79822
DELETE,899725,1293928,394203
DELETE,2155379,2820493,665114
RETRIEVE,3657407,3736635,79228
RETRIEVE,1263333,1351537,88204
RETRIEVE,2727411,2805799,78388
RETRIEVE,569967,676949,106982
ADD,841241,1206668,365427
RETRIEVE,1511480,1591606,80126
DELETE,1668387,1996905,328518
ADD,656856,1234958,578102
RETRIEVE,3733298,3869688,136390
DELETE,4520362,4791449,271087
RETRIEVE,2523972,2647916,123944
DELETE,4151893,4447012,295119
DELETE,3602460,3997265,394805
RETRIEVE,1683598,1725866,42268
ADD,1137610,1511894,374284
DELETE,1075535,1670110,594575
ADD,2080527,2411389,330862
DELETE,2377612,2684738,307126
ADD,4034567,4297205,262638
DELETE,478968,1053791,574823
ADD,526505,928620,402115
ADD,4422546,4798757,376211
DELETE,993065,1394142,401077
ADD,2409780,2829896,420116
RETRIEVE,3121552,3236430,114878
RETRIEVE,4453519,4536497,82978
ADD,2467272,2794975,327703
DELETE,1838943,2225308,386365
DELETE,3777558,4143495,365937
ADD,1893021,2250592,357571
ADD,950506,1179255,228749
ADD,3136292,3458695,322403
RETRIEVE,2209951,2285287,75336
RETRIEVE,3004403,3059969,55566
RETRIEVE,3555231,3641183,85952
RETRIEVE,3956928,4111526,154598
ADD,2725700,3152708,427008
RETRIEVE,67990,180096,112106
RETRIEVE,1108906,1216036,107130
RETRIEVE,203874,292188,88314
RETRIEVE,2958454,3031746,73292
DELETE,3292197,3605938,313741
DELETE,3083468,3525994,442526
RETRIEVE,3994409,4117849,123440
RETRIEVE,1793656,1868138,74482
RETRIEVE,4632788,4706884,74096
RETRIEVE,4697729,4779555,81826
RETRIEVE,696796,860232,163436
DELETE,392900,902584,509684
DELETE,1608160,1835269,227109
DELETE,232687,511621,278934
DELETE,10562,462306,451744
RETRIEVE,1871200,1960926,89726
RETRIEVE,1724203,1869099,144896
RETRIEVE,1871527,1968687,97160
DELETE,2426551,2882224,455673
ADD,3685339,4058160,372821
DELETE,2573673,2797011,223338
ADD,1959787,2322342,362555
DELETE,4203874,4603089,399215
RETRIEVE,3170722,3306494,135772
ADD,1983284,2390235,406951
RETRIEVE,2706061,2813115,107054
RETRIEVE,181921,261949,80028
ADD,555759,961941,406182
DELETE,537509,977775,440266
RETRIEVE,4274588,4380900,106312
DELETE,3530951,3880314,349363
RETRIEVE,4201761,4287637,85876
ADD,806865,1048899,242034
DELETE,3993065,4209585,216520
DELETE,25947,475570,449623
RETRIEVE,2855776,2931448,75672
DELETE,3082318,3445040,362722
ADD,3726259,4139028,412769
ADD,1082442,1445850,363408
RETRIEVE,998362,1110008,111646
RETRIEVE,1354806,1490776,135970
