type,start,end,duration
RETRIEVE,2642499,2734323,91824
DELETE,2343658,2898118,554460
RETRIEVE,2510689,2614797,104108
DELETE,1316602,1707970,391368
RETRIEVE,655627,702215,46588
ADD,2173432,2654795,481363
DELETE,1397129,1738182,341053
DELETE,4108906,4676475,567569
ADD,216750,711695,494945
RETRIEVE,786704,871738,85034
ADD,3591064,3835053,243989
DELETE,3526961,4011168,484207
DELETE,360715,811070,450355
ADD,3668627,3967063,298436
ADD,1101557,1617671,516114
ADD,2766938,3132180,365242
RETRIEVE,474862,603558,128696
RETRIEVE,3752926,3844168,91242
DELETE,2557244,2846666,289422
ADD,3660066,3958799,298733
RETRIEVE,1638663,1696567,57904
ADD,3098413,3555021,456608
ADD,1352262,1876658,524396
ADD,1199600,1993175,793575
DELETE,3419137,3806030,386893
DELETE,1561010,2019610,458600
ADD,1245040,1661932,416892
ADD,878772,1472735,593963
RETRIEVE,2950506,3016026,65520
RETRIEVE,785459,878761,93302
DELETE,3683598,4078616,395018
DELETE,3770697,4260611,489914
RETRIEVE,4155379,4272127,116748
ADD,337065,714166,377101
RETRIEVE,1685339,1776407,91068
ADD,3017322,3325606,308284
ADD,2722150,3324831,602681
ADD,1442729,1833337,390608
DELETE,2185801,2510168,324367
RETRIEVE,2531608,2627546,95938
ADD,3269349,3817527,548178
DELETE,1712929,2240299,527370
DELETE,2677895,3150021,472126
RETRIEVE,3977644,4078748,101104
DELETE,40313,432802,392489
ADD,957618,1447041,489423
ADD,3048947,3506574,457627
DELETE,770181,1324937,554756
RETRIEVE,493852,598802,104950
RETRIEVE,2125255,2184337,59082
RETRIEVE,3832752,3909282,76530
RETRIEVE,2222024,2321472,99448
ADD,2657407,3025049,367642
DELETE,1406660,1872746,466086
RETRIEVE,4014179,4061367,47188
DELETE,101469,591235,489766
DELETE,1966538,2635154,668616
RETRIEVE,3232687,3384389,151702
RETRIEVE,617905,743607,125702
RETRIEVE,1391545,1481409,89864
RETRIEVE,2287516,2355082,67566
ADD,2017220,2755857,738637
DELETE,572970,1085610,512640
RETRIEVE,1940969,2061565,120596
RETRIEVE,2726028,2746376,20348
DELETE,4558562,4844834,286272
DELETE,1872757,2484860,612103
RETRIEVE,2338846,2419830,80984
RETRIEVE,2628943,2740493,111550
ADD,2650880,3101170,450290
ADD,4137610,4475874,338264
RETRIEVE,4249406,4332426,83020
ADD,292584,745477,452893
DELETE,663709,1091218,427509
DELETE,1216080,1637076,420996
DELETE,646944,1153321,506377
RETRIEVE,3175517,3235219,59702
RETRIEVE,368883,452845,83962
DELETE,723752,1125413,401661
RETRIEVE,3559448,3661192,101744
ADD,2371455,2743923,372468
ADD,1992832,2433126,440294
RETRIEVE,4151922,4190328,38406
ADD,2782698,3147607,364909
RETRIEVE,3248475,3339651,91176
ADD,2750642,3041945,291303
RETRIEVE,2840508,2965840,125332
ADD,684746,1200045,515299
RETRIEVE,1969085,2095123,126038
RETRIEVE,239967,298499,58532
ADD,2800560,3340113,539553
DELETE,124349,452431,328082
RETRIEVE,2757136,2834806,77670
RETRIEVE,3923652,4038898,115246
DELETE,510689,1161064,650375
RETRIEVE,4582433,4690931,108498
DELETE,4290271,4709525,419254
DELETE,3059781,3568048,508267
RETRIEVE,1803388,1934476,131088
RETRIEVE,2090372,2155886,65514
RETRIEVE,1266573,1363669,97096
ADD,3674594,4177719,503125
RETRIEVE,1175517,1274575,99058
ADD,1833995,2410467,576472
DELETE,2489436,2986919,497483
DELETE,628629,1201395,572766
ADD,4158453,4415996,257543
RETRIEVE,926010,1028820,102810
DELETE,3426551,3871977,445426
ADD,3668402,4045855,377453
RETRIEVE,518828,639964,121136
ADD,4373920,4560052,186132
ADD,2012877,2354717,341840
DELETE,4098413,4514082,415669
DELETE,2184335,2364751,180416
RETRIEVE,3940064,4063050,122986
RETRIEVE,3022059,3110567,88508
RETRIEVE,957741,1035363,77622
RETRIEVE,4332770,4420880,88110
ADD,4222510,4548304,325794
DELETE,531837,986389,454552
RETRIEVE,1336860,1464920,128060
ADD,3751537,4208433,456896
RETRIEVE,1387998,1504520,116522
ADD,3376799,3673299,296500
ADD,2069761,2532549,462788
RETRIEVE,1871527,1953897,82370
RETRIEVE,3726028,3818634,92606
DELETE,3476365,4313669,837304
DELETE,1050246,1390233,339987
RETRIEVE,320315,431855,111540
RETRIEVE,1785459,1908349,122890
DELETE,1814131,2144909,330778
ADD,623561,926555,302994
RETRIEVE,966310,1053636,87326
DELETE,3639538,4180017,540479
RETRIEVE,3345800,3460670,114870
RETRIEVE,4028023,4124081,96058
RETRIEVE,2620940,2713084,92144
DELETE,2190823,2712894,522071
ADD,2454119,2918713,464594
ADD,328661,812470,483809
RETRIEVE,4481414,4614922,133508
ADD,2710256,3085717,375461
ADD,2591064,3133785,542721
RETRIEVE,4474746,4557390,82644
DELETE,1990784,2377047,386263
RETRIEVE,2179608,2299186,119578
ADD,1202026,1542810,340784
ADD,2791047,3225995,434948
DELETE,3822670,4287060,464390
DELETE,3756722,4339410,582688
RETRIEVE,4652241,4711625,59384
RETRIEVE,2234438,2317158,82720
RETRIEVE,736338,826754,90416
RETRIEVE,4181921,4254909,72988
DELETE,852696,1043210,190514
ADD,3480389,3777435,297046
DELETE,4035467,4501627,466160
ADD,1022059,1324562,302503
DELETE,3632788,4010648,377860
RETRIEVE,1286197,1388357,102160
DELETE,4326982,4554462,227480
RETRIEVE,4497055,4589373,92318
ADD,4184335,4640980,456645
DELETE,313105,746107,433002
RETRIEVE,1054531,1134753,80222
RETRIEVE,1080926,1168714,87788
ADD,3494646,3804570,309924
RETRIEVE,2700040,2798292,98252
RETRIEVE,2949072,3047414,98342
RETRIEVE,1865608,1943218,77610
DELETE,1623030,1951937,328907
RETRIEVE,823567,969127,145560
DELETE,2698766,3258034,559268
ADD,3620235,3962381,342146
ADD,3481414,3820308,338894
DELETE,4343889,4743614,399725
ADD,2922123,3289237,367114
ADD,1332146,1554993,222847
RETRIEVE,3390379,3390379,0
RETRIEVE,793656,872942,79286
RETRIEVE,2117384,2214036,96652
RETRIEVE,4231730,4372938,141208
RETRIEVE,555231,655317,100086
RETRIEVE,1888816,2001114,112298
ADD,2240322,2279585,39263
RETRIEVE,3935283,4070591,135308
RETRIEVE,90969,200261,109292
RETRIEVE,4433245,4519423,86178
RETRIEVE,2608099,2717531,109432
RETRIEVE,1696796,1815352,118556
DELETE,4106893,4674369,567476
RETRIEVE,852480,962226,109746
RETRIEVE,4095175,4203981,108806
RETRIEVE,4187450,4292974,105524
RETRIEVE,3509371,3603451,94080
RETRIEVE,3733298,3838572,105274
DELETE,2391430,2786930,395500
RETRIEVE,3653848,3738556,84708
DELETE,3558562,4021405,462843
RETRIEVE,3368838,3428558,59720
DELETE,3466783,4031823,565040
ADD,321705,915752,594047
ADD,4209,459344,455135
RETRIEVE,2612426,2691360,78934
ADD,2101972,2772293,670321
ADD,1338906,1717415,378509
ADD,3603866,3896262,292396
RETRIEVE,4368883,4457067,88184
DELETE,2420905,2942828,521923
ADD,4263333,4744733,481400
RETRIEVE,302389,365379,62990
DELETE,91070,536737,445667
DELETE,3992832,4413411,420579
RETRIEVE,4179608,4261160,81552
RETRIEVE,4171355,4249693,78338
DELETE,2623561,2976204,352643
DELETE,1929131,2477022,547891
RETRIEVE,3111496,3202982,91486
DELETE,1338607,1896791,558184
DELETE,2786704,3139939,353235
RETRIEVE,2876977,2980319,103342
ADD,3287708,3614382,326674
RETRIEVE,2387178,2514758,127580
DELETE,4140994,4453447,312453
DELETE,2603866,2989722,385856
RETRIEVE,1208599,1304707,96108
DELETE,1544894,2050873,505979
ADD,2820435,2905159,84724
DELETE,2857388,3241669,384281
RETRIEVE,4232165,4321381,89216
DELETE,4306138,4714580,408442
ADD,3368883,3854860,485977
DELETE,135287,563537,428250
RETRIEVE,1387488,1444246,56758
RETRIEVE,182425,263457,81032
RETRIEVE,40496,117712,77216
RETRIEVE,2972704,3071924,99220
ADD,3234438,3633245,398807
RETRIEVE,2210721,2287007,76286
ADD,1332698,1579855,247157
RETRIEVE,3777558,3928952,151394
RETRIEVE,1794161,1880065,85904
RETRIEVE,3899897,3963241,63344
RETRIEVE,2218645,2321769,103124
DELETE,3799295,4280482,481187
RETRIEVE,2216080,2300640,84560
ADD,4049450,4638234,588784
DELETE,1935942,2384490,448548
ADD,1479190,1928331,449141
ADD,2348739,2753485,404746
ADD,943630,1649026,705396
ADD,2328661,2671131,342470
DELETE,2012345,2380079,367734
DELETE,220884,577668,356784
ADD,4277539,4560735,283196
DELETE,889091,1334943,445852
RETRIEVE,3069292,3177362,108070
RETRIEVE,4557544,4679262,121718
RETRIEVE,2305699,2386019,80320
ADD,3573673,3967348,393675
RETRIEVE,4124349,4175143,50794
RETRIEVE,2192272,2258952,66680
ADD,1974865,2409063,434198
RETRIEVE,1210771,1333737,122966
DELETE,2992914,3544928,552014
ADD,2866957,3293771,426814
ADD,2628629,3161085,532456
RETRIEVE,1905563,2053749,148186
RETRIEVE,3520773,3551895,31122
ADD,4544366,4604539,60173
RETRIEVE,3900770,3950084,49314
DELETE,3090303,3547727,457424
ADD,2390379,2767155,376776
ADD,4194170,4331136,136966
ADD,2480389,2885135,404746
ADD,3770181,4089583,319402
RETRIEVE,3348464,3497158,148694
DELETE,4528118,4812528,284410
ADD,1695260,2232367,537107
DELETE,300968,655232,354264
DELETE,318801,1050629,731828
DELETE,3865608,4082554,216946
ADD,2866274,3128588,262314
ADD,2146205,2618063,471858
DELETE,1558786,2262459,703673
ADD,520362,942006,421644
RETRIEVE,4662506,4761080,98574
ADD,1441699,1931511,489812
ADD,1766685,2206506,439821
RETRIEVE,4842891,4895779,52888
ADD,3990723,4339317,348594
RETRIEVE,1092225,1172481,80256
RETRIEVE,4201761,4332661,130900
RETRIEVE,362585,460453,97868
RETRIEVE,3418772,3524326,105554
ADD,1833100,2302966,469866
DELETE,2326982,2481411,154429
RETRIEVE,2667312,2746332,79020
RETRIEVE,4596907,4711799,114892
RETRIEVE,1630485,1729289,98804
RETRIEVE,4830607,4854691,24084
RETRIEVE,3151573,3229245,77672
ADD,4530951,4745868,214917
RETRIEVE,2441699,2516125,74426
RETRIEVE,1012344,1135242,122898
DELETE,3523972,3973901,449929
RETRIEVE,4381709,4507985,126276
RETRIEVE,3484488,3583144,98656
ADD,3569967,3934616,364649
DELETE,1069761,1508192,438431
RETRIEVE,1430458,1548776,118318
DELETE,3044241,3425687,381446
DELETE,4401250,4885679,484429
ADD,3423714,3847304,423590
ADD,4054014,4418876,364862
RETRIEVE,3194299,3272855,78556
DELETE,3469104,4035515,566411
RETRIEVE,3544894,3617116,72222
DELETE,656726,1102875,446149
RETRIEVE,959787,1075429,115642
RETRIEVE,1852696,1948266,95570
RETRIEVE,2033379,2119325,85946
RETRIEVE,3222510,3300218,77708
DELETE,3674059,4278389,604330
DELETE,2171537,2264265,92728
RETRIEVE,2887642,2991838,104196
RETRIEVE,3292039,3391243,99204
DELETE,853326,1300716,447390
RETRIEVE,3205650,3253822,48172
ADD,1621395,1987758,366363
DELETE,3983284,4598769,615485
RETRIEVE,660228,744236,84008
DELETE,725700,1213743,488043
DELETE,1224296,1561337,337041
RETRIEVE,2680498,2779684,99186
ADD,3144877,3580483,435606
ADD,3273584,4013991,740407
ADD,1343658,1793577,449919
DELETE,2991418,3352121,360703
RETRIEVE,3716356,3759756,43400
RETRIEVE,327392,414224,86832
RETRIEVE,2785459,2887119,101660
RETRIEVE,3695260,3791662,96402
RETRIEVE,2734114,2832776,98662
ADD,1290271,1702753,412482
RETRIEVE,2155379,2266771,111392
ADD,1184335,1588571,404236
ADD,2137258,2354621,217363
ADD,3101557,3558721,457164
RETRIEVE,1986829,2101005,114176
RETRIEVE,2098413,2206939,108526
ADD,4426551,4867929,441378
DELETE,2232638,2782567,549929
ADD,3735916,4124940,389024
RETRIEVE,4787903,4868563,80660
RETRIEVE,469104,554880,85776
ADD,685047,1259972,574925
RETRIEVE,3687328,3761722,74394
DELETE,3317878,3636149,318271
DELETE,1701390,2005922,304532
RETRIEVE,3338846,3422940,84094
RETRIEVE,287516,382572,95056
ADD,581017,968874,387857
RETRIEVE,4040313,4076577,36264
RETRIEVE,4651126,4750070,98944
RETRIEVE,1940663,2031371,90708
DELETE,3765420,4044290,278870
DELETE,680498,1191711,511213
RETRIEVE,1652752,1786782,134030
RETRIEVE,1572706,1641002,68296
ADD,1372638,1984176,611538
DELETE,1292197,1774051,481854
RETRIEVE,2597461,2755743,158282
DELETE,3095066,3638927,543861
RETRIEVE,1534467,1627431,92964
ADD,1250930,1604870,353940
DELETE,1958454,2251174,292720
DELETE,2645909,3127013,481104
ADD,2348464,2770321,421857
RETRIEVE,2274588,2322518,47930
ADD,4230873,4602535,371662
DELETE,4266573,4709757,443184
RETRIEVE,1507148,1576786,69638
ADD,3051597,3594263,542666
ADD,4203874,4809733,605859
ADD,1453612,1905857,452245
DELETE,2231730,2580602,348872
DELETE,2520362,3163130,642768
RETRIEVE,1052829,1148755,95926
DELETE,1502047,1888153,386106
DELETE,2936712,3259921,323209
RETRIEVE,980104,1067214,87110
ADD,1735916,2093181,357265
RETRIEVE,4075535,4174457,98922
ADD,608160,959042,350882
DELETE,2075535,2469163,393628
RETRIEVE,1475300,1606218,130918
ADD,544366,853836,309470
DELETE,342738,955490,612752
RETRIEVE,1161877,1242419,80542
DELETE,1834660,2377048,542388
ADD,363551,788586,425035
ADD,1182425,1608377,425952
RETRIEVE,2174069,2257275,83206
DELETE,3238339,3784294,545955
ADD,1035079,1333209,298130
RETRIEVE,2418165,2519509,101344
RETRIEVE,2574515,2657423,82908
RETRIEVE,1213881,1263447,49566
RETRIEVE,1765420,1848340,82920
RETRIEVE,254258,329998,75740
ADD,454491,731712,277221
ADD,3422546,3688269,265723
RETRIEVE,2055050,2215812,160762
RETRIEVE,292197,382131,89934
ADD,808868,1031039,222171
ADD,2544366,2896119,351753
DELETE,1174069,1602671,428602
DELETE,4419781,4876065,456284
RETRIEVE,2132085,2224067,91982
ADD,1373920,1722523,348603
RETRIEVE,3102562,3197210,94648
RETRIEVE,3219557,3316007,96450
DELETE,2438780,2884086,445306
RETRIEVE,603866,694092,90226
RETRIEVE,4237473,4340941,103468
RETRIEVE,1664519,1787553,123034
RETRIEVE,1408733,1466153,57420
RETRIEVE,3996456,4066466,70010
DELETE,1368883,1795437,426554
ADD,1546593,2008482,461889
RETRIEVE,2618305,2727057,108752
RETRIEVE,1613996,1729798,115802
RETRIEVE,2432720,2523364,90644
RETRIEVE,1419838,1461180,41342
ADD,2497336,2898978,401642
ADD,4364293,4737290,372997
ADD,4094840,4344656,249816
RETRIEVE,359822,467878,108056
DELETE,3520362,3949779,429417
RETRIEVE,4135422,4224230,88808
RETRIEVE,2095175,2203519,108344
DELETE,2366014,2675012,308998
ADD,2668402,3117488,449086
DELETE,3667312,4004742,337430
ADD,3217713,3558210,340497
ADD,3840508,4327457,486949
ADD,748056,748056,0
ADD,257338,650188,392850
DELETE,620665,925392,304727
RETRIEVE,2349264,2450500,101236
ADD,3596907,4065309,468402
ADD,2665991,3068652,402661
ADD,921018,1238761,317743
ADD,3233426,3671950,438524
DELETE,314363,729624,415261
RETRIEVE,2663943,2730961,67018
RETRIEVE,1558562,1645032,86470
RETRIEVE,1646944,1763908,116964
RETRIEVE,4710071,4822041,111970
RETRIEVE,2090303,2217153,126850
RETRIEVE,3257338,3356524,99186
ADD,716356,1249998,533642
DELETE,696765,872901,176136
RETRIEVE,2409780,2481284,71504
ADD,56048,587837,531789
RETRIEVE,348739,424033,75294
DELETE,4123538,4585279,461741
ADD,2193572,2765717,572145
RETRIEVE,3190823,3261143,70320
DELETE,2129491,2505554,376063
RETRIEVE,2624441,2725203,100762
RETRIEVE,3210721,3308637,97916
DELETE,1688909,2085576,396667
ADD,1438780,1780036,341256
RETRIEVE,1521008,1588660,67652
ADD,2834916,3322718,487802
ADD,3140994,3432222,291228
ADD,2306506,2852767,546261
RETRIEVE,3754973,3810837,55864
RETRIEVE,1187450,1235956,48506
DELETE,1647330,2081083,433753
RETRIEVE,889131,996947,107816
DELETE,1119847,1578920,459073
DELETE,2558310,3272535,714225
DELETE,2696765,3114731,417966
RETRIEVE,2770725,2830537,59812
DELETE,3334256,3724531,390275
RETRIEVE,1267984,1337604,69620
DELETE,560340,840303,279963
RETRIEVE,264427,341657,77230
RETRIEVE,3290271,3398929,108658
ADD,3866957,4365116,498159
ADD,3758764,3915963,157199
RETRIEVE,1233781,1327051,93270
DELETE,2264427,2539183,274756
RETRIEVE,639538,738178,98640
DELETE,1528439,1795608,267169
DELETE,1692556,2183156,490600
ADD,2754973,3300891,545918
DELETE,2343889,2690204,346315
DELETE,2171355,2683921,512566
RETRIEVE,3455987,3528777,72790
RETRIEVE,3511480,3587466,75986
DELETE,4190823,4695384,504561
RETRIEVE,3231730,3298636,66906
RETRIEVE,4233781,4284801,51020
ADD,1992864,2338781,345917
ADD,3202026,3426096,224070
RETRIEVE,4667312,4738446,71134
ADD,701414,947960,246546
DELETE,4002345,4248140,245795
RETRIEVE,4624441,4744353,119912
DELETE,702088,1345190,643102
RETRIEVE,2872085,2997619,125534
ADD,4073972,4601583,527611
ADD,1892509,2279606,387097
ADD,2495492,2901377,405885
RETRIEVE,4752995,4849219,96224
DELETE,812737,1212091,399354
RETRIEVE,3222024,3298458,76434
RETRIEVE,4173432,4296068,122636
RETRIEVE,530951,650975,120024
RETRIEVE,581104,684028,102924
RETRIEVE,599925,711045,111120
DELETE,1526961,2105416,578455
DELETE,316602,729797,413195
ADD,1887836,2471581,583745
RETRIEVE,2763060,2877800,114740
ADD,1318801,1845143,526342
RETRIEVE,3824686,3938960,114274
DELETE,1580,454307,452727
RETRIEVE,3307284,3455086,147802
DELETE,3265417,3568170,302753
ADD,1305930,1718717,412787
DELETE,2091812,2636961,545149
DELETE,3192272,3552771,360499
RETRIEVE,1478322,1569776,91454
DELETE,1777558,2404095,626537
ADD,3979265,4498390,519125
DELETE,2756722,3341439,584717
DELETE,4053446,4432835,379389
RETRIEVE,3108906,3265022,156116
RETRIEVE,4743449,4832207,88758
RETRIEVE,4154229,4188769,34540
RETRIEVE,2711280,2850132,138852
RETRIEVE,3509005,3581427,72422
DELETE,4101469,4532711,431242
DELETE,294154,909379,615225
RETRIEVE,1602460,1707576,105116
ADD,2537231,3101743,564512
ADD,459222,851868,392646
RETRIEVE,1342738,1448868,106130
DELETE,3225100,3828411,603311
RETRIEVE,4192811,4272987,80176
RETRIEVE,3171355,3271901,100546
RETRIEVE,3497336,3577622,80286
ADD,3254033,3607797,353764
DELETE,1218034,1648869,430835
ADD,3606602,3889835,283233
RETRIEVE,185801,288331,102530
ADD,2382928,2812484,429556
RETRIEVE,826758,908182,81424
RETRIEVE,789195,892215,103020
RETRIEVE,1478968,1577448,98480
ADD,1841241,2169592,328351
RETRIEVE,1066760,1182380,115620
RETRIEVE,1928646,2023868,95222
ADD,3845394,4191598,346204
ADD,422546,768722,346176
RETRIEVE,4557244,4722186,164942
RETRIEVE,982500,1079176,96676
ADD,4346194,4801107,454913
RETRIEVE,2194299,2299099,104800
ADD,3581828,3952536,370708
RETRIEVE,935942,1023150,87208
ADD,666804,1042886,376082
RETRIEVE,2941547,3020051,78504
RETRIEVE,4080782,4229144,148362
ADD,3979461,4698430,718969
RETRIEVE,3618347,3705153,86806
RETRIEVE,294055,398439,104384
ADD,2880594,3128835,248241
ADD,2213881,2642316,428435
RETRIEVE,1742657,1847383,104726
ADD,669572,972789,303217
RETRIEVE,2713114,2791228,78114
RETRIEVE,3090372,3178078,87706
RETRIEVE,1915029,1989089,74060
RETRIEVE,2175517,2232311,56794
DELETE,1080527,1387209,306682
ADD,2142993,2709589,566596
ADD,280987,664063,383076
ADD,1334940,1815747,480807
ADD,2232687,2657277,424590
RETRIEVE,2085239,2166517,81278
DELETE,665991,665991,0
RETRIEVE,2321705,2430979,109274
ADD,4137258,4603075,465817
RETRIEVE,2082442,2166546,84104
ADD,403487,741242,337755
DELETE,771973,1221679,449706
RETRIEVE,1264427,1327233,62806
DELETE,1880313,2181167,300854
DELETE,1305699,1738701,433002
RETRIEVE,4100097,4192743,92646
DELETE,1287837,1950274,662437
RETRIEVE,4757136,4867228,110092
DELETE,3823567,4362073,538506
RETRIEVE,1097897,1181925,84028
RETRIEVE,1706061,1787457,81396
RETRIEVE,431934,504116,72182
ADD,664519,1038442,373923
RETRIEVE,3708621,3827179,118558
RETRIEVE,2497774,2586566,88792
DELETE,2345800,2814035,468235
RETRIEVE,1980104,2047620,67516
ADD,3638873,4185189,546316
RETRIEVE,1368838,1468676,99838
ADD,979265,1370457,391192
ADD,4264427,4657694,393267
RETRIEVE,2692556,2772912,80356
RETRIEVE,986829,1124467,137638
RETRIEVE,1913967,2007803,93836
RETRIEVE,2557544,2661526,103982
RETRIEVE,2100097,2180967,80870
RETRIEVE,2478600,2574386,95786
DELETE,3867824,4364483,496659
ADD,1593714,2023826,430112
RETRIEVE,2505569,2604149,98580
ADD,4038953,4444672,405719
ADD,2387488,2719915,332427
RETRIEVE,3570513,3641457,70944
RETRIEVE,2940663,3082847,142184
ADD,4281639,4706266,424627
RETRIEVE,1055050,1223006,167956
DELETE,2937249,3395275,458026
DELETE,2993065,3454315,461250
ADD,4421718,4754127,332409
DELETE,3391430,3905913,514483
DELETE,1194299,1428959,234660
RETRIEVE,1573673,1628069,54396
DELETE,1949514,2295607,346093
RETRIEVE,2041964,2107984,66020
DELETE,3475300,3913639,438339
RETRIEVE,2344067,2432097,88030
RETRIEVE,874783,968819,94036
RETRIEVE,2865406,2974280,108874
ADD,248459,576263,327804
ADD,2478968,2780313,301345
DELETE,3260841,3671201,410360
RETRIEVE,1265417,1383493,118076
DELETE,3659908,4029412,369504
DELETE,2879213,3232180,352967
RETRIEVE,1937063,2019117,82054
DELETE,3630485,3948821,318336
RETRIEVE,1596907,1716167,119260
ADD,4453755,4848143,394388
DELETE,3502047,3863028,360981
DELETE,1069292,1578726,509434
RETRIEVE,802422,878510,76088
ADD,1752398,2131176,378778
DELETE,1858771,2249935,391164
DELETE,2640637,2938777,298140
RETRIEVE,4606602,4668862,62260
RETRIEVE,55050,222160,167110
DELETE,2974725,3412925,438200
RETRIEVE,917240,980220,62980
RETRIEVE,3495492,3588614,93122
RETRIEVE,4178172,4270170,91998
RETRIEVE,1681454,1757466,76012
RETRIEVE,2080782,2147558,66776
DELETE,1530606,1967574,436968
RETRIEVE,95066,201136,106070
RETRIEVE,625100,776534,151434
ADD,1618971,2123708,504737
ADD,3398856,3942059,543203
RETRIEVE,2746733,2821879,75146
RETRIEVE,3320315,3379149,58834
DELETE,1248475,1308036,59561
DELETE,4234315,4740803,506488
DELETE,1905304,2258956,353652
RETRIEVE,1993185,2071909,78724
RETRIEVE,2789195,2880777,91582
ADD,3822639,4131952,309313
RETRIEVE,91891,194853,102962
ADD,2677690,2962433,284743
RETRIEVE,1876977,1985061,108084
ADD,1653848,2098783,444935
ADD,3049450,3754846,705396
RETRIEVE,1872574,1980620,108046
ADD,3629706,3898097,268391
DELETE,1494646,1809647,315001
RETRIEVE,3245040,3339156,94116
ADD,497774,1035835,538061
RETRIEVE,2005934,2093016,87082
RETRIEVE,2593556,2675184,81628
ADD,3192811,3711500,518689
RETRIEVE,3729330,3844606,115276
ADD,3472067,4151013,678946
RETRIEVE,927827,1043021,115194
ADD,2040388,2571714,531326
RETRIEVE,3170722,3203176,32454
DELETE,255133,673618,418485
ADD,2467956,2880391,412435
DELETE,2528118,2906562,378444
RETRIEVE,4181389,4341981,160592
RETRIEVE,1628943,1716453,87510
ADD,152247,656623,504376
ADD,1957618,2480662,523044
DELETE,4387178,4828852,441674
ADD,3406064,3569647,163583
ADD,2928646,3352764,424118
DELETE,2842891,2843845,954
DELETE,1354113,1861472,507359
DELETE,2660218,2975812,315594
RETRIEVE,1409581,1531203,121622
RETRIEVE,3283119,3363397,80278
RETRIEVE,3660240,3793346,133106
ADD,1673610,1872175,198565
ADD,983810,1705891,722081
RETRIEVE,1799274,1881082,81808
DELETE,642499,786080,143581
RETRIEVE,2275578,2372764,97186
RETRIEVE,1441810,1574000,132190
DELETE,1890859,2142927,252068
ADD,205650,657774,452124
ADD,125953,344613,218660
RETRIEVE,1320315,1397729,77414
RETRIEVE,4248581,4369491,120910
ADD,3537231,3827450,290219
DELETE,4056048,4529518,473470
ADD,983783,1440364,456581
RETRIEVE,2817254,2892756,75502
DELETE,2188298,2599140,410842
ADD,1243006,1730252,487246
RETRIEVE,1171537,1239579,68042
RETRIEVE,1950506,2015380,64874
DELETE,733298,1353758,620460
ADD,274588,659480,384892
DELETE,546780,1253251,706471
RETRIEVE,1420691,1505577,84886
RETRIEVE,2949750,3015680,65930
ADD,758764,1267568,508804
DELETE,307284,719534,412250
ADD,3421718,3858991,437273
RETRIEVE,281639,337483,55844
ADD,1201761,1616994,415233
RETRIEVE,3231610,3290394,58784
DELETE,4164799,4520786,355987
ADD,495492,1202278,706786
DELETE,17220,562897,545677
DELETE,240322,630134,389812
RETRIEVE,41543,95327,53784
ADD,4187552,4897673,710121
RETRIEVE,3122345,3250171,127826
ADD,4069220,4310763,241543
ADD,3403487,3813375,409888
ADD,133358,565777,432419
ADD,1108455,1619399,510944
ADD,4268480,4763925,495445
DELETE,54014,363215,309201
RETRIEVE,414571,532319,117748
RETRIEVE,1175256,1273524,98268
ADD,3758123,4177859,419736
RETRIEVE,1039678,1146996,107318
RETRIEVE,2571196,2683778,112582
ADD,2197135,2596619,399484
ADD,620235,1214402,594167
RETRIEVE,751831,812293,60462
RETRIEVE,475922,626754,150832
RETRIEVE,1220884,1290566,69682
ADD,1567514,1999516,432002
DELETE,3818101,4162850,344749
RETRIEVE,1787903,1888253,100350
RETRIEVE,3059997,3115225,55228
DELETE,3974925,4444318,469393
RETRIEVE,4265417,4349779,84362
RETRIEVE,1035467,1147425,111958
ADD,2254258,2725263,471005
DELETE,1063717,1274270,210553
ADD,3612978,4009025,396047
RETRIEVE,3268180,3353588,85408
DELETE,3233072,3529331,296259
DELETE,2181389,2755184,573795
ADD,4082442,4530786,448344
RETRIEVE,1785889,1896123,110234
ADD,1422546,1842847,420301
ADD,4454491,4740652,286161
DELETE,2059144,2503449,444305
RETRIEVE,818101,865277,47176
ADD,2238523,2677418,438895
DELETE,1001580,1431071,429491
RETRIEVE,14179,58591,44412
DELETE,604031,1146817,542786
ADD,397129,1040222,643093
ADD,2442717,3058535,615818
DELETE,3949514,4398405,448891
RETRIEVE,3622727,3704625,81898
DELETE,4121552,4383079,261527
DELETE,2202026,2620956,418930
ADD,2373920,2921894,547974
ADD,233426,643647,410221
RETRIEVE,3019887,3089867,69980
RETRIEVE,558310,623466,65156
RETRIEVE,2474862,2629382,154520
DELETE,1292039,1674337,382298
DELETE,2502047,3035541,533494
ADD,2956235,3364965,408730
DELETE,2050246,2563868,513622
DELETE,620339,1132497,512158
RETRIEVE,593714,648110,54396
DELETE,2012344,2591095,578751
ADD,409780,757401,347621
DELETE,629706,1032293,402587
DELETE,1667799,2058639,390840
ADD,2255715,2645777,390062
DELETE,3014179,3449423,435244
RETRIEVE,2121175,2243673,122498
ADD,2905304,3382424,477120
DELETE,1313105,1745542,432437
ADD,1321705,1885735,564030
ADD,4014863,4495318,480455
ADD,872574,1099609,227035
RETRIEVE,3088935,3210985,122050
ADD,1419137,1924828,505691
ADD,2248475,2733312,484837
DELETE,51597,589816,538219
RETRIEVE,4220884,4297734,76850
RETRIEVE,4581828,4677148,95320
DELETE,4012877,4232908,220031
RETRIEVE,338846,362372,23526
RETRIEVE,558786,696534,137748
RETRIEVE,3555759,3642135,86376
RETRIEVE,4516715,4616161,99446
ADD,1974925,2270193,295268
RETRIEVE,1608160,1724710,116550
DELETE,1696022,2221725,525703
RETRIEVE,2038953,2144191,105238
DELETE,1344067,1770899,426832
RETRIEVE,1793600,1874978,81378
RETRIEVE,2546883,2637657,90774
ADD,3397129,3883384,486255
RETRIEVE,1392900,1507830,114930
RETRIEVE,4712929,4856097,143168
RETRIEVE,4665023,4742165,77142
DELETE,1771973,2317835,545862
ADD,377612,869712,492100
DELETE,3121175,3541782,420607
ADD,3433245,3886416,453171
RETRIEVE,4354113,4452773,98660
ADD,4224296,4681062,456766
DELETE,3418027,3650139,232112
RETRIEVE,3053446,3186450,133004
DELETE,2108455,2390067,281612
RETRIEVE,1238339,1345803,107464
RETRIEVE,4307284,4363338,56054
RETRIEVE,3171537,3257133,85596
DELETE,161877,543202,381325
DELETE,4308882,4742598,433716
RETRIEVE,3592261,3688795,96534
DELETE,235124,469135,234011
ADD,1459222,1998618,539396
DELETE,4367359,4677441,310082
RETRIEVE,4758123,4840727,82604
RETRIEVE,192811,282625,89814
RETRIEVE,1026046,1087160,61114
RETRIEVE,2606602,2682610,76008
RETRIEVE,3354539,3462035,107496
DELETE,3867776,4310849,443073
DELETE,628943,931178,302235
ADD,847911,1232303,384392
ADD,1152247,1402564,250317
RETRIEVE,3620665,3692193,71528
DELETE,3435737,3891428,455691
RETRIEVE,4766938,4866260,99322
RETRIEVE,2899897,3045521,145624
ADD,3608099,3993037,384938
DELETE,2403487,2911096,507609
DELETE,2474746,2762009,287263
ADD,958715,1485113,526398
ADD,254666,828423,573757
ADD,3054014,3600043,546029
RETRIEVE,1090372,1163596,73224
RETRIEVE,3525518,3611828,86310
DELETE,225113,394662,169549
ADD,2947385,3429665,482280
ADD,3713694,4385062,671368
RETRIEVE,144980,219130,74150
DELETE,1725700,2371266,645566
DELETE,3325970,3942381,616411
RETRIEVE,4059144,4158270,99126
ADD,1193572,1905583,712011
DELETE,3625578,4059989,434411
RETRIEVE,3475922,3613294,137372
ADD,1082318,1514357,432039
DELETE,418165,890069,471904
DELETE,3921018,4527331,606313
RETRIEVE,2222510,2276828,54318
DELETE,4004836,4228517,223681
ADD,3889131,4280184,391053
DELETE,2088305,2438696,350391
RETRIEVE,1225100,1297854,72754
RETRIEVE,2266573,2360015,93442
DELETE,2144877,2585958,441081
ADD,2310715,2729821,419106
DELETE,2071666,2457151,385485
ADD,2534467,2847634,313167
ADD,343658,952037,608379
ADD,2520926,2959645,438719
DELETE,2887836,3501681,613845
DELETE,2469104,3077288,608184
ADD,4263378,4438291,174913
DELETE,4494646,4850494,355848
ADD,1729330,2181074,451744
RETRIEVE,499537,580855,81318
RETRIEVE,1746733,1832271,85538
RETRIEVE,4599925,4621993,22068
RETRIEVE,4546780,4639228,92448
DELETE,2353827,2802422,448595
ADD,667312,1136585,469273
RETRIEVE,71912,139922,68010
DELETE,1343810,1655365,311555
ADD,453755,841547,387792
ADD,4181793,4685168,503375
DELETE,4257338,4674220,416882
RETRIEVE,3776142,3872560,96418
DELETE,3632401,4194726,562325
DELETE,2629706,2916765,287059
ADD,175517,616126,440609
RETRIEVE,822639,915865,93226
RETRIEVE,2683598,2802810,119212
DELETE,2681038,3161725,480687
DELETE,1784087,2074630,290543
RETRIEVE,2066760,2135458,68698
RETRIEVE,4260841,4378829,117988
RETRIEVE,1963467,2053705,90238
RETRIEVE,1203874,1326444,122570
RETRIEVE,3137610,3204630,67020
DELETE,2557319,3204062,646743
ADD,1685030,2139007,453977
DELETE,1949750,2352884,403134
DELETE,3667641,4121748,454107
DELETE,2172560,2581086,408526
RETRIEVE,652752,713828,61076
ADD,2493852,2955435,461583
RETRIEVE,2612426,2679742,67316
RETRIEVE,4497336,4601102,103766
RETRIEVE,4561010,4645088,84078
DELETE,1912016,2293119,381103
RETRIEVE,1742198,1811146,68948
DELETE,4395182,4832437,437255
DELETE,4017694,4684930,667236
RETRIEVE,681062,779060,97998
ADD,2887283,3122100,234817
ADD,2787903,3089572,301669
ADD,3722150,4247992,525842
ADD,4225100,4639787,414687
DELETE,937249,1315758,378509
RETRIEVE,2364293,2447883,83590
RETRIEVE,776142,920350,144208
RETRIEVE,2904193,2950353,46160
RETRIEVE,1560340,1674940,114600
RETRIEVE,2558562,2634066,75504
ADD,3942984,4498843,555859
DELETE,1231730,1658210,426480
ADD,2511933,2880408,368475
ADD,101972,671533,569561
DELETE,1832752,2342084,509332
DELETE,2688685,3261553,572868
ADD,3698766,4320152,621386
RETRIEVE,309998,331350,21352
RETRIEVE,2841965,2933695,91730
ADD,1902750,2470875,568125
RETRIEVE,3893021,3980967,87946
ADD,2324152,3018014,693862
ADD,3604031,4016114,412083
RETRIEVE,4023468,4110614,87146
RETRIEVE,3176154,3243726,67572
ADD,2509005,2892971,383966
ADD,3865406,4243785,378379
ADD,3953635,4335442,381807
DELETE,3300968,3739307,438339
ADD,4394635,4671698,277063
DELETE,3478583,3849097,370514
RETRIEVE,1051651,1129953,78302
RETRIEVE,1102519,1198927,96408
ADD,2684746,3206539,521793
RETRIEVE,2625100,2770268,145168
RETRIEVE,1536292,1656924,120632
DELETE,2292197,2746536,454339
RETRIEVE,597461,747937,150476
ADD,1085490,1555059,469569
RETRIEVE,2822670,2932754,110084
RETRIEVE,4632401,4679653,47252
ADD,1463149,1870822,407673
RETRIEVE,2487338,2565012,77674
DELETE,3507148,3761949,254801
ADD,526961,877834,350873
DELETE,2454491,2714007,259516
ADD,3205168,3649010,443842
DELETE,338607,879216,540609
RETRIEVE,1391430,1496082,104652
DELETE,3336860,3763433,426573
DELETE,2055030,2562639,507609
DELETE,3243006,3605830,362824
RETRIEVE,4638873,4745959,107086
DELETE,1135422,1491057,355635
DELETE,3531837,4120362,588525
ADD,1249406,1669364,419958
DELETE,3546883,3984203,437320
RETRIEVE,4119847,4216191,96344
ADD,3535083,3796915,261832
ADD,3366014,3754788,388774
ADD,3947078,4379682,432604
ADD,2784205,3300810,516605
ADD,427080,870459,443379
RETRIEVE,2971824,3106938,135114
ADD,3880594,4405278,524684
ADD,1364293,1674782,310489
RETRIEVE,4102519,4178001,75482
DELETE,3055030,3357922,302892
RETRIEVE,3624441,3744933,120492
ADD,2535083,3220255,685172
RETRIEVE,4550130,4659914,109784
RETRIEVE,137485,235789,98304
DELETE,420691,673527,252836
DELETE,752398,1158932,406534
ADD,2833100,3181527,348427
DELETE,3750642,3979039,228397
RETRIEVE,4098653,4196255,97602
RETRIEVE,268180,395274,127094
RETRIEVE,12344,107148,94804
DELETE,2706061,2910824,204763
DELETE,1453755,2074715,620960
DELETE,3800560,4300378,499818
RETRIEVE,697729,792037,94308
RETRIEVE,4267984,4322312,54328
ADD,1632788,2068913,436125
RETRIEVE,1546780,1614712,67932
RETRIEVE,2741049,2843405,102356
ADD,2695260,2922406,227146
RETRIEVE,4090372,4174184,83812
DELETE,1043102,1708856,665754
DELETE,3642499,4057436,414937
DELETE,2827935,2827935,0
DELETE,1982500,2414928,432428
DELETE,4327392,4755966,428574
RETRIEVE,1697729,1793693,95964
ADD,793600,1098438,304838
DELETE,1998362,2445169,446807
ADD,3055050,3594816,539766
RETRIEVE,2394254,2503838,109584
ADD,574515,1061344,486829
DELETE,1044447,1387047,342600
RETRIEVE,4695260,4796290,101030
RETRIEVE,2785889,2845877,59988
RETRIEVE,3253780,3368624,114844
RETRIEVE,2040313,2098961,58648
ADD,2009874,2286789,276915
ADD,484488,1031851,547363
ADD,902750,1375710,472960
RETRIEVE,1887642,2015736,128094
RETRIEVE,4102562,4158952,56390
RETRIEVE,2054014,2142412,88398
ADD,3248459,3582869,334410
DELETE,3294055,3586441,292386
DELETE,2992015,3367309,375294
DELETE,638663,1088369,449706
DELETE,3174069,3553208,379139
DELETE,668402,911807,243405
ADD,50246,548016,497770
DELETE,1834916,2394971,560055
ADD,3628629,4143261,514632
DELETE,1280987,1598286,317299
RETRIEVE,2175256,2274536,99280
RETRIEVE,136292,212094,75802
DELETE,940340,1333885,393545
DELETE,421718,793501,371783
RETRIEVE,3550130,3685072,134942
ADD,1254258,1861340,607082
ADD,3664519,4391529,727010
RETRIEVE,4479208,4554824,75616
RETRIEVE,905563,1001583,96020
ADD,2475300,3156785,681485
RETRIEVE,3616523,3771485,154962
RETRIEVE,1121552,1171934,50382
RETRIEVE,3871527,3961195,89668
ADD,4452454,4811628,359174
ADD,2175133,2428275,253142
DELETE,3983783,4250368,266585
ADD,1346194,1906212,560018
ADD,1622353,2275220,652867
RETRIEVE,4278083,4367057,88974
DELETE,2727411,3099731,372320
RETRIEVE,4560641,4653163,92522
RETRIEVE,570513,637357,66844
RETRIEVE,4275578,4422438,146860
RETRIEVE,963467,1034211,70744
ADD,1822670,2335393,512723
RETRIEVE,2268180,2355868,87688
ADD,2938195,3295896,357701
ADD,1758123,2228174,470051
RETRIEVE,4216080,4261900,45820
DELETE,571196,1007839,436643
RETRIEVE,3071912,3133798,61886
RETRIEVE,2334256,2410220,75964
ADD,3474746,3982263,507517
RETRIEVE,1817254,1972672,155418
RETRIEVE,1176751,1267829,91078
DELETE,1991418,2340614,349196
DELETE,1194170,1594043,399873
RETRIEVE,3989124,4024040,34916
RETRIEVE,2377612,2488560,110948
ADD,3710071,4122404,412333
ADD,2091891,2669938,578047
DELETE,2688909,3105875,416966
DELETE,3724203,4444886,720683
DELETE,3332698,3799933,467235
DELETE,2710071,3083271,373200
DELETE,1267072,1645266,378194
RETRIEVE,4280987,4382785,101798
RETRIEVE,12345,128919,116574
RETRIEVE,618305,724379,106074
RETRIEVE,1526505,1611771,85266
RETRIEVE,3531608,3677346,145738
ADD,2497055,2938349,441294
RETRIEVE,2927586,3019246,91660
DELETE,475300,972227,496927
RETRIEVE,1827418,1909846,82428
DELETE,234438,584894,350456
RETRIEVE,2716356,2817992,101636
ADD,1893950,2556767,662817
RETRIEVE,2248459,2312083,63624
RETRIEVE,1261066,1451460,190394
RETRIEVE,4569727,4627947,58220
DELETE,232165,633928,401763
RETRIEVE,2409949,2460139,50190
DELETE,1030530,1423760,393230
DELETE,1516715,2073129,556414
ADD,3155206,3561684,406478
RETRIEVE,3082442,3164470,82028
DELETE,3100097,3500359,400262
DELETE,2712803,3330891,618088
RETRIEVE,278083,375373,97290
RETRIEVE,1231610,1321712,90102
RETRIEVE,3431934,3511790,79856
ADD,3208599,3682467,473868
ADD,3161877,3703079,541202
DELETE,998362,1203236,204874
ADD,2073663,2445594,371931
RETRIEVE,1508940,1557254,48314
RETRIEVE,3332770,3418308,85538
RETRIEVE,3650740,3744342,93602
ADD,526505,978481,451976
ADD,3426722,3949710,522988
RETRIEVE,4518828,4647474,128646
ADD,2463945,3041158,577213
ADD,2026080,2404246,378166
DELETE,1085239,1610525,525286
ADD,2662827,2892243,229416
RETRIEVE,559448,631486,72038
RETRIEVE,4292197,4440549,148352
RETRIEVE,394254,485232,90978
RETRIEVE,4342738,4432788,90050
DELETE,3902750,4520347,617597
DELETE,4397129,4530167,133038
ADD,234315,658155,423840
RETRIEVE,647330,736094,88764
RETRIEVE,4778770,4877776,99006
RETRIEVE,534819,581949,47130
RETRIEVE,3874783,4004935,130152
ADD,1218645,1664618,445973
DELETE,3693559,4159302,465743
RETRIEVE,146205,240647,94442
DELETE,1620235,1975851,355616
RETRIEVE,3915029,4030139,115110
DELETE,1065825,1346631,280806
DELETE,2765420,3014717,249297
RETRIEVE,741049,803693,62644
DELETE,1612426,2073528,461102
ADD,2182425,2608275,425850
ADD,1889091,2381506,492415
RETRIEVE,1421718,1511210,89492
RETRIEVE,1669572,1787744,118172
RETRIEVE,940663,1030969,90306
DELETE,1469104,2073128,604024
RETRIEVE,337569,442713,105144
ADD,1652241,1851779,199538
RETRIEVE,789846,907484,117638
DELETE,1381709,1830248,448539
RETRIEVE,1639538,1699258,59720
DELETE,983284,1556041,572757
RETRIEVE,480389,550579,70190
DELETE,2422546,2665395,242849
DELETE,3409581,3889675,480094
RETRIEVE,1677895,1771689,93794
ADD,771967,1232930,460963
RETRIEVE,3275578,3467164,191586
RETRIEVE,3017694,3164616,146922
ADD,835347,1176631,341284
ADD,3557544,4199608,642064
ADD,2313105,2687593,374488
RETRIEVE,3561010,3636688,75678
DELETE,1711280,2214998,503718
RETRIEVE,3182324,3264708,82384
RETRIEVE,4560385,4665539,105154
ADD,1990723,2466926,476203
RETRIEVE,3990784,4107882,117098
DELETE,2421718,2756221,334503
DELETE,2845453,3196011,350558
RETRIEVE,1729694,1816026,86332
DELETE,4170722,4545859,375137
DELETE,1466783,2077070,610287
DELETE,1855776,1975982,120206
ADD,1142993,1793720,650727
RETRIEVE,2926010,2968700,42690
RETRIEVE,557244,649710,92466
RETRIEVE,2053446,2075286,21840
DELETE,4650880,4877637,226757
DELETE,86160,694668,608508
ADD,2381709,2852446,470737
RETRIEVE,1310715,1394619,83904
RETRIEVE,1334256,1431286,97030
RETRIEVE,2203874,2325230,121356
ADD,3243200,3853395,610195
RETRIEVE,618139,686563,68424
DELETE,3530951,3761747,230796
RETRIEVE,445303,536707,91404
ADD,1474974,1922383,447409
DELETE,1647270,1647353,83
RETRIEVE,1751831,1859183,107352
DELETE,2622353,3155847,533494
DELETE,2733491,3438526,705035
RETRIEVE,710071,778935,68864
RETRIEVE,1132699,1223613,90914
RETRIEVE,2625578,2697740,72162
RETRIEVE,476365,624409,148044
RETRIEVE,4219557,4303433,83876
RETRIEVE,4476365,4615031,138666
RETRIEVE,3249406,3304446,55040
RETRIEVE,786418,846844,60426
RETRIEVE,2758123,2876257,118134
DELETE,3040388,3331292,290904
ADD,4337569,4844557,506988
ADD,2113180,2714944,601764
RETRIEVE,1663943,1770043,106100
RETRIEVE,4528691,4644789,116098
DELETE,1172560,1436875,264315
DELETE,3713114,4228607,515493
DELETE,1656726,2185718,528992
RETRIEVE,4171537,4259679,88142
ADD,1447104,1734951,287847
DELETE,1698766,2165991,467225
RETRIEVE,3237473,3385759,148286
DELETE,4337421,4895271,557850
RETRIEVE,2035079,2113557,78478
DELETE,1175133,1511081,335948
DELETE,2094840,2441915,347075
DELETE,4233072,4789857,556785
RETRIEVE,4574515,4673437,98922
RETRIEVE,1575523,1684769,109246
DELETE,553735,1037599,483864
DELETE,1822639,2344293,521654
ADD,3968330,4325049,356719
DELETE,366355,819869,453514
DELETE,102562,546737,444175
ADD,3016741,3361129,344388
RETRIEVE,3812737,3902851,90114
RETRIEVE,1786704,1851712,65008
ADD,1558259,2001193,442934
RETRIEVE,1253780,1351980,98200
ADD,1133358,1774857,641499
RETRIEVE,3401250,3477580,76330
RETRIEVE,2651126,2724794,73668
DELETE,4302822,4630562,327740
ADD,938680,1694827,756147
ADD,243200,555292,312092
DELETE,2230632,2739862,509230
DELETE,2176154,2339940,163786
DELETE,2592261,3047887,455626
DELETE,2307284,2756295,449011
ADD,4376799,4720983,344184
DELETE,1896783,2363026,466243
RETRIEVE,3387178,3522650,135472
ADD,3224445,3566072,341627
DELETE,3181389,3729373,547984
RETRIEVE,1790905,1888619,97714
RETRIEVE,3445303,3533411,88108
DELETE,3946010,4404258,458248
ADD,442729,890508,447779
RETRIEVE,4052829,4185853,133024
RETRIEVE,4243200,4335602,92402
RETRIEVE,2667799,2743067,75268
RETRIEVE,1946010,2069556,123546
RETRIEVE,4092225,4163105,70880
RETRIEVE,4419838,4491744,71906
RETRIEVE,263333,392573,129240
ADD,3092225,3473634,381409
RETRIEVE,1852480,1934382,81902
DELETE,1926010,2412329,486319
DELETE,987386,1494828,507442
ADD,1700040,1989425,289385
RETRIEVE,2832752,2897442,64690
RETRIEVE,650880,714440,63560
ADD,2375291,2655652,280361
ADD,3010562,3440053,429491
RETRIEVE,4219575,4308999,89424
ADD,3841965,4499232,657267
RETRIEVE,560385,643229,82844
RETRIEVE,1032711,1124519,91808
ADD,88332,545561,457229
RETRIEVE,791047,879617,88570
RETRIEVE,1426722,1519166,92444
ADD,1034567,1269282,234715
RETRIEVE,2947266,3044736,97470
DELETE,1375291,1853374,478083
DELETE,2478583,2882032,403449
ADD,455987,822498,366511
RETRIEVE,2305930,2394094,88164
DELETE,3983810,4517193,533383
DELETE,3094945,3657400,562455
RETRIEVE,3958715,4062783,104068
RETRIEVE,622727,743369,120642
ADD,265417,582289,316872
ADD,3080782,3701723,620941
RETRIEVE,3681062,3735968,54906
RETRIEVE,94945,206279,111334
RETRIEVE,1582433,1679121,96688
RETRIEVE,3571501,3663469,91968
DELETE,343889,844263,500374
ADD,3106893,3568291,461398
RETRIEVE,754973,845175,90202
DELETE,4478525,4821468,342943
DELETE,90372,676868,586496
RETRIEVE,1718147,1823749,105602
RETRIEVE,845453,903789,58336
DELETE,887836,1204875,317039
DELETE,593556,986165,392609
ADD,836463,1178433,341970
RETRIEVE,699473,781085,81612
ADD,966538,1446243,479705
ADD,3543750,3938852,395102
RETRIEVE,3866274,3907822,41548
ADD,3155379,3532924,377545
DELETE,3742657,4206918,464261
RETRIEVE,2334940,2411982,77042
RETRIEVE,1339671,1414981,75310
DELETE,751537,1013842,262305
ADD,4194299,4613664,419365
RETRIEVE,2161877,2239849,77972
RETRIEVE,1555231,1638181,82950
DELETE,2620235,3208806,588571
ADD,403856,958844,554988
DELETE,998733,1362317,363584
ADD,1684746,2566009,881263
RETRIEVE,3981288,4107790,126502
DELETE,709086,1189198,480112
ADD,3809699,3995989,186290
RETRIEVE,4230632,4378150,147518
ADD,546593,1149941,603348
RETRIEVE,4512870,4634470,121600
RETRIEVE,3137258,3220256,82998
ADD,3430458,4000556,570098
ADD,3239967,3855442,615475
ADD,1520773,1747715,226942
RETRIEVE,4418772,4494018,75246
RETRIEVE,582433,678053,95620
RETRIEVE,1947078,2035526,88448
RETRIEVE,1327392,1380392,53000
DELETE,3387998,3935185,547187
DELETE,1073663,1521822,448159
RETRIEVE,2803388,2875028,71640
RETRIEVE,752995,875971,122976
RETRIEVE,3581017,3680295,99278
ADD,1927586,2368102,440516
ADD,2612978,2808125,195147
RETRIEVE,184335,255529,71194
DELETE,2685108,3035953,350845
DELETE,3363130,3571423,208293
DELETE,2101469,2531229,429760
RETRIEVE,1146205,1272423,126218
RETRIEVE,4144980,4262022,117042
ADD,3536563,3922131,385568
ADD,4077467,4314378,236911
RETRIEVE,2555231,2648049,92818
RETRIEVE,1955854,2035050,79196
RETRIEVE,2254033,2326753,72720
RETRIEVE,2983662,3060432,76770
DELETE,3949072,4335206,386134
RETRIEVE,4629706,4750042,120336
ADD,2130114,2613960,483846
DELETE,117384,479930,362546
RETRIEVE,1771852,1866662,94810
RETRIEVE,1482903,1578701,95798
ADD,3004836,3520783,515947
ADD,2433245,2908132,474887
ADD,3088305,3441290,352985
RETRIEVE,871527,954631,83104
ADD,2208599,2726010,517411
ADD,2822893,3321701,498808
DELETE,2330227,2764434,434207
ADD,3700040,4297913,597873
RETRIEVE,1049450,1239496,190046
RETRIEVE,2187552,2320244,132692
DELETE,1622727,2114874,492147
DELETE,1943630,2396495,452865
ADD,2972228,3335849,363621
ADD,872085,1492248,620163
ADD,1785893,2294373,508480
DELETE,3787903,4358742,570839
RETRIEVE,1095175,1200065,104890
RETRIEVE,1837289,1920999,83710
RETRIEVE,3771967,3861685,89718
RETRIEVE,3267984,3344406,76422
RETRIEVE,1893021,2028459,135438
ADD,355879,1004160,648281
ADD,2287708,2837702,549994
DELETE,880594,1410447,529853
RETRIEVE,2102562,2196490,93928
RETRIEVE,4253780,4323012,69232
RETRIEVE,3449796,3550620,100824
ADD,1866274,2198127,331853
ADD,3652752,3882538,229786
ADD,1511933,1815909,303976
RETRIEVE,2889091,2967701,78610
RETRIEVE,4063717,4145821,82104
DELETE,1497336,1939705,442369
RETRIEVE,4044447,4119901,75454
DELETE,2387998,2781237,393239
ADD,803388,1317130,513742
RETRIEVE,3427080,3551546,124466
ADD,1220705,1817679,596974
RETRIEVE,2449796,2530126,80330
ADD,1202433,1603501,401068
DELETE,1878772,2332981,454209
ADD,1075492,1511450,435958
RETRIEVE,1054014,1108446,54432
RETRIEVE,1146314,1215394,69080
ADD,865608,1315055,449447
ADD,4130114,4484628,354514
DELETE,176154,789322,613168
RETRIEVE,3015884,3126006,110122
ADD,4427080,4846297,419217
DELETE,2397129,2945826,548697
RETRIEVE,2137485,2229145,91660
DELETE,2199600,2568993,369393
RETRIEVE,3069761,3179755,109994
RETRIEVE,2170722,2243390,72668
ADD,1170722,1426106,255384
DELETE,880313,1459008,578695
DELETE,3380026,3876509,496483
ADD,2342738,2593953,251215
ADD,770697,1193138,422441
DELETE,233781,416699,182918
RETRIEVE,4716356,4845152,128796
RETRIEVE,3391545,3444099,52554
DELETE,3137485,3524897,387412
RETRIEVE,4519729,4583683,63954
DELETE,4254033,4604693,350660
ADD,3660228,4038579,378351
RETRIEVE,1823567,1973377,149810
ADD,3968061,4422288,454227
ADD,575725,801722,225997
DELETE,330227,908255,578028
RETRIEVE,2516715,2600007,83292
RETRIEVE,4248779,4298681,49902
ADD,1004403,1594753,590350
RETRIEVE,3663709,3802981,139272
ADD,4356360,4728384,372024
RETRIEVE,3035467,3128515,93048
RETRIEVE,2777558,2859438,81880
RETRIEVE,1922123,1964709,42586
RETRIEVE,367359,429673,62314
DELETE,571501,1120976,549475
ADD,632401,1111031,478630
RETRIEVE,2205168,2271570,66402
DELETE,2414571,2634130,219559
RETRIEVE,3142993,3235917,92924
RETRIEVE,3299459,3336955,37496
ADD,1281639,1739044,457405
RETRIEVE,2917240,3055298,138058
ADD,1531837,1873538,341701
ADD,3017220,3563443,546223
ADD,679816,1128170,448354
DELETE,1662827,1976235,313408
ADD,1846038,2157185,311147
RETRIEVE,1493852,1565756,71904
RETRIEVE,3125255,3224713,99458
DELETE,4012345,4368480,356135
ADD,1222024,1473378,251354
DELETE,3574515,3927787,353272
DELETE,1422716,1912065,489349
DELETE,2931886,3432278,500392
DELETE,2983783,3780907,797124
RETRIEVE,409581,529361,119780
RETRIEVE,2835347,2925621,90274
DELETE,2137610,2299377,161767
RETRIEVE,971824,1091026,119202
ADD,3030542,3442931,412389
DELETE,181793,553798,372005
ADD,3238523,3636923,398400
RETRIEVE,2368883,2442357,73474
ADD,3733491,4315466,581975
ADD,4408733,4836168,427435
DELETE,2041543,2398642,357099
ADD,2052829,2408779,355950
RETRIEVE,3054531,3139961,85430
DELETE,3516715,3901876,385161
ADD,1197135,1379460,182325
RETRIEVE,3784087,3821537,37450
DELETE,2224445,2740670,516225
ADD,17694,623229,605535
DELETE,1786418,2341165,554747
RETRIEVE,2599925,2679589,79664
DELETE,4569967,4851088,281121
RETRIEVE,1121175,1260593,139418
RETRIEVE,1382928,1435836,52908
RETRIEVE,3083468,3170236,86768
RETRIEVE,4747742,4888734,140992
ADD,1655627,2179829,524202
RETRIEVE,2523972,2602596,78624
DELETE,3176751,3768945,592194
RETRIEVE,3613996,3711824,97828
ADD,1056428,1419215,362787
RETRIEVE,2539203,2600401,61198
RETRIEVE,1518828,1683144,164316
RETRIEVE,3034567,3141139,106572
RETRIEVE,1181389,1255751,74362
RETRIEVE,3959787,4066701,106914
DELETE,1645679,2230591,584912
RETRIEVE,3662506,3775300,112794
DELETE,1688685,2065563,376878
DELETE,1123538,1341494,217956
ADD,2280987,2787244,506257
DELETE,988997,1615423,626426
ADD,2069220,2404455,335235
RETRIEVE,3308882,3386786,77904
ADD,2620665,2969907,349242
RETRIEVE,937063,1008583,71520
DELETE,2245407,2664828,419421
DELETE,3879213,4167996,288783
RETRIEVE,3936712,4037194,100482
DELETE,3362585,3852879,490294
ADD,4035470,4383619,348149
RETRIEVE,3555231,3644609,89378
ADD,35467,721269,685802
DELETE,940969,1623954,682985
ADD,3354113,3831427,477314
RETRIEVE,1248459,1304027,55568
RETRIEVE,3880313,3981917,101604
DELETE,1712803,2084966,372163
RETRIEVE,1041543,1082715,41172
RETRIEVE,1809699,1933877,124178
DELETE,4067585,4547781,480196
ADD,4015884,4339603,323719
DELETE,809699,1390238,580539
ADD,3780596,4315109,534513
DELETE,4392900,4732776,339876
DELETE,80926,492435,411509
RETRIEVE,780596,875534,94938
RETRIEVE,4261066,4448998,187932
RETRIEVE,618971,724939,105968
RETRIEVE,3992015,4055763,63748
RETRIEVE,2192811,2284169,91358
DELETE,2826758,3110482,283724
RETRIEVE,3211193,3318829,107636
DELETE,82318,368960,286642
RETRIEVE,1612978,1707620,94642
RETRIEVE,2151893,2245743,93850
ADD,2419137,2826588,407451
RETRIEVE,4418027,4482243,64216
ADD,1181793,1672856,491063
RETRIEVE,3667799,3762559,94760
RETRIEVE,1374850,1469178,94328
ADD,1205650,1634326,428676
DELETE,2035470,2443866,408396
RETRIEVE,1773516,1844740,71224
ADD,1359822,1694149,334327
DELETE,4499537,4797102,297565
ADD,1332770,1719747,386977
DELETE,4012344,4658290,645946
ADD,3734114,4155212,421098
DELETE,4354539,4545906,191367
DELETE,974925,1247208,272283
ADD,2647330,3213379,566049
ADD,1328661,1848286,519625
RETRIEVE,4867824,4898196,30372
ADD,2398856,2874253,475397
RETRIEVE,4422716,4501414,78698
DELETE,208599,743816,535217
RETRIEVE,2346194,2420796,74602
ADD,3097897,3472867,374970
ADD,794161,1096627,302466
RETRIEVE,2836463,2919181,82718
DELETE,2220884,2650792,429908
DELETE,2777612,3214932,437320
RETRIEVE,2593714,2682104,88390
RETRIEVE,792880,887390,94510
RETRIEVE,1956928,2041182,84254
ADD,1560385,2096297,535912
RETRIEVE,135422,238820,103398
RETRIEVE,531608,634400,102792
RETRIEVE,1988215,2102669,114454
DELETE,2536563,2910532,373969
DELETE,1883573,2464205,580632
RETRIEVE,659908,735788,75880
RETRIEVE,3645679,3749581,103902
DELETE,3677895,4097844,419949
RETRIEVE,4059781,4185593,125812
ADD,2336860,2710663,373803
ADD,4391545,4892586,501041
ADD,210721,633181,422460
DELETE,1592261,1861866,269605
ADD,101557,541610,440053
RETRIEVE,2125953,2180131,54178
RETRIEVE,1349264,1383002,33738
RETRIEVE,2067990,2198994,131004
RETRIEVE,2086160,2212484,126324
DELETE,2269349,2527374,258025
RETRIEVE,2983284,3137282,153998
DELETE,1418027,1877933,459906
ADD,171355,870581,699226
DELETE,1553735,2036451,482716
RETRIEVE,2054531,2145433,90902
ADD,1570513,2039304,468791
RETRIEVE,3281639,3354711,73072
ADD,722150,1149297,427147
ADD,151922,433080,281158
ADD,1283119,1707431,424312
RETRIEVE,4001580,4109406,107826
DELETE,684130,1266105,581975
ADD,3763060,4243404,480344
RETRIEVE,178172,278350,100178
DELETE,219557,418289,198732
DELETE,509371,879931,370560
ADD,4593714,4869814,276100
RETRIEVE,2526505,2612703,86198
ADD,3129491,3494020,364529
ADD,3420905,3743169,322264
RETRIEVE,3701390,3787976,86586
DELETE,2656856,3078584,421728
ADD,2702088,3543014,840926
RETRIEVE,1723833,1806463,82630
DELETE,892509,1302619,410110
RETRIEVE,4055050,4197872,142822
ADD,1077467,1209282,131815
RETRIEVE,334256,384346,50090
RETRIEVE,990723,1078533,87810
RETRIEVE,2233581,2316707,83126
RETRIEVE,1040313,1081965,41652
DELETE,55030,541896,486866
DELETE,4441699,4704411,262712
DELETE,1978846,2603326,624480
DELETE,840508,1335175,494667
RETRIEVE,724203,880225,156022
ADD,1784205,2029593,245388
DELETE,2848537,3078259,229722
RETRIEVE,1137258,1198562,61304
RETRIEVE,1067442,1145288,77846
ADD,1048947,1471407,422460
RETRIEVE,3710256,3748544,38288
ADD,478600,822701,344101
ADD,1836463,2315658,479195
RETRIEVE,3827935,3936977,109042
ADD,947078,1339224,392146
RETRIEVE,1307284,1391538,84254
DELETE,1088332,1700787,612455
DELETE,2234315,2640404,406089
DELETE,2094945,2414300,319355
RETRIEVE,528118,608266,80148
RETRIEVE,3346194,3406130,59936
ADD,1727411,2062507,335096
RETRIEVE,4800560,4875998,75438
RETRIEVE,1996456,2085162,88706
RETRIEVE,2362585,2480527,117942
RETRIEVE,1939255,2080795,141540
ADD,4095066,4466858,371792
RETRIEVE,4299459,4395745,96286
ADD,2555980,2888111,332131
ADD,4040388,4575086,534698
DELETE,1409780,1930878,521098
RETRIEVE,1366355,1424505,58150
ADD,3628943,3925730,296787
DELETE,2850275,3286353,436078
DELETE,3152856,3554109,401253
DELETE,1884058,2322749,438691
RETRIEVE,2988997,3038199,49202
ADD,558562,1261605,703043
ADD,681454,1060009,378555
DELETE,2837289,3115825,278536
ADD,3534467,3813161,278694
RETRIEVE,1044241,1152171,107930
ADD,1237473,1526200,288727
ADD,1348739,1712221,363482
RETRIEVE,3718147,3818219,100072
DELETE,3091070,3663669,572599
RETRIEVE,1354806,1453674,98868
DELETE,1789195,2125060,335865
DELETE,30530,570129,539599
ADD,867776,1474052,606276
DELETE,1453519,1919132,465613
RETRIEVE,273584,446392,172808
RETRIEVE,935283,1049681,114398
RETRIEVE,639916,771564,131648
RETRIEVE,41547,113873,72326
RETRIEVE,3917240,4003778,86538
DELETE,1224445,1622289,397844
ADD,1435737,1903657,467920
ADD,2679816,3582017,902201
RETRIEVE,3338906,3454740,115834
ADD,2699473,3061380,361907
ADD,4244809,4680146,435337
RETRIEVE,452454,560578,108124
DELETE,3220884,3556239,335355
DELETE,3723752,4051992,328240
RETRIEVE,4176154,4261112,84958
ADD,712929,1160838,447909
RETRIEVE,2243006,2325404,82398
ADD,3478968,3898750,419782
RETRIEVE,651126,734016,82890
DELETE,2352262,2737478,385216
RETRIEVE,336860,430616,93756
RETRIEVE,2900770,3010516,109746
DELETE,887283,1174342,287059
RETRIEVE,3213881,3307921,94040
ADD,1129491,1592520,463029
ADD,3232165,3679898,447733
DELETE,3770725,4124711,353986
DELETE,349264,684814,335550
ADD,3896783,4234890,338107
ADD,2743449,3056912,313463
RETRIEVE,211193,310517,99324
RETRIEVE,2205650,2318226,112576
ADD,1326982,1753694,426712
RETRIEVE,3793600,3845948,52348
DELETE,1574515,2078437,503922
ADD,3173432,3716691,543259
DELETE,1497774,1946267,448493
RETRIEVE,1559448,1654464,95016
DELETE,1306138,1909968,603830
ADD,742198,1173940,431742
DELETE,1748056,2019134,271078
DELETE,12253,453631,441378
RETRIEVE,2040496,2129210,88714
DELETE,2792880,3307753,514873
ADD,2406064,2743309,337245
RETRIEVE,4780596,4899778,119182
DELETE,2219557,2777148,557591
DELETE,3771852,4151639,379787
ADD,2726259,2865624,139365
DELETE,2939255,3466774,527519
RETRIEVE,3889091,3980423,91332
DELETE,2569727,2876112,306385
DELETE,3489436,3948499,459063
RETRIEVE,4608099,4765583,157484
ADD,3194170,3477209,283039
ADD,3905304,4372307,467003
DELETE,3344067,3746728,402661
ADD,1090303,1436775,346472
RETRIEVE,3622353,3742383,120030
DELETE,1775572,2326465,550893
ADD,441810,872311,430501
DELETE,2669572,2906418,236846
RETRIEVE,4088935,4201539,112604
DELETE,3893950,4549439,655489
RETRIEVE,2596907,2703723,106816
DELETE,83468,599610,516142
RETRIEVE,640637,702049,61412
ADD,1680498,2144286,463788
RETRIEVE,1154229,1217149,62920
RETRIEVE,85239,165115,79876
ADD,3151922,3641743,489821
RETRIEVE,478322,567422,89100
RETRIEVE,2640580,2714026,73446
RETRIEVE,3028023,3158443,130420
RETRIEVE,4091070,4222778,131708
DELETE,4502047,4656152,154105
RETRIEVE,2888816,2991974,103158
RETRIEVE,4117384,4162382,44998
RETRIEVE,866274,946020,79746
RETRIEVE,1887281,1973625,86344
DELETE,69220,479441,410221
RETRIEVE,3789846,3935906,146060
ADD,3827223,4341262,514039
RETRIEVE,1325970,1427360,101390
DELETE,182324,447037,264713
RETRIEVE,3986829,4071365,84536
DELETE,2729036,2984346,255310
RETRIEVE,59781,202349,142568
RETRIEVE,4044241,4134879,90638
ADD,3557244,4120866,563622
DELETE,1998733,2354618,355885
RETRIEVE,3445431,3590901,145470
RETRIEVE,199600,307326,107726
RETRIEVE,3246413,3347323,100910
ADD,3752398,4106754,354356
RETRIEVE,3239056,3334014,94958
DELETE,1452454,1996195,543741
ADD,2604031,2708414,104383
DELETE,685108,983933,298825
RETRIEVE,2423665,2548807,125142
RETRIEVE,1059997,1151935,91938
RETRIEVE,1807396,1859740,52344
ADD,2620339,3160448,540109
RETRIEVE,3094840,3179746,84906
RETRIEVE,4172560,4276014,103454
ADD,218645,835844,617199
DELETE,1125255,1583466,458211
RETRIEVE,88305,190897,102592
DELETE,622353,1056097,433744
RETRIEVE,244809,310601,65792
ADD,3537509,3963535,426026
DELETE,2017694,2654589,636895
ADD,4029366,4384843,355477
ADD,2044447,2431878,387431
DELETE,606602,843596,236994
ADD,1294154,2039925,745771
DELETE,1445431,2141804,696373
ADD,2850346,3120507,270161
ADD,1543750,1961086,417336
DELETE,1294055,1797504,503449
RETRIEVE,3193572,3296148,102576
RETRIEVE,3324152,3403356,79204
RETRIEVE,2693559,2847801,154242
RETRIEVE,2445303,2612519,167216
DELETE,3651156,3906892,255736
RETRIEVE,4729036,4772376,43340
RETRIEVE,2073972,2188808,114836
ADD,2401250,2949706,548456
RETRIEVE,820435,885659,65224
ADD,2559448,2971448,412000
ADD,3785893,4130188,344295
DELETE,528691,884243,355552
DELETE,3957741,4304417,346676
DELETE,4274588,4810037,535449
ADD,2747742,3096568,348826
ADD,2474974,2970512,495538
ADD,1062288,1620963,558675
DELETE,4553128,4875883,322755
RETRIEVE,784087,880277,96190
DELETE,19887,489373,469486
DELETE,2537509,2817101,279592
DELETE,1287708,1880624,592916
ADD,44447,467601,423154
RETRIEVE,1756911,1876563,119652
ADD,170722,541578,370856
ADD,4090303,4578392,488089
RETRIEVE,224445,224445,0
ADD,834916,1408247,573331
RETRIEVE,2668627,2763713,95086
DELETE,2123538,2439994,316456
RETRIEVE,3935942,4035628,99686
RETRIEVE,4210721,4251073,40352
DELETE,1539203,2028830,489627
ADD,742657,1125020,382363
DELETE,2152668,2454940,302272
DELETE,3343810,4059916,716106
ADD,905304,1275077,369773
ADD,3331155,3653744,322589
ADD,2004403,2301246,296843
RETRIEVE,2457312,2494370,37058
RETRIEVE,1122232,1254054,131822
RETRIEVE,201761,299735,97974
DELETE,2872757,3427180,554423
ADD,354539,536493,181954
RETRIEVE,2230873,2338335,107462
DELETE,1750642,2043501,292859
ADD,1931886,2475719,543833
RETRIEVE,3192565,3305221,112656
ADD,4440478,4820960,380482
DELETE,4041547,4309651,268104
RETRIEVE,353827,435733,81906
ADD,542006,1453157,911151
ADD,4374850,4885980,511130
RETRIEVE,2088332,2218812,130480
ADD,2478525,2879824,401299
DELETE,1377612,1754518,376906
RETRIEVE,4368767,4453543,84776
ADD,4394254,4673957,279703
RETRIEVE,2885032,2996552,111520
DELETE,2785893,3392030,606137
DELETE,2553128,2806780,253652
DELETE,3772246,4215921,443675
RETRIEVE,3463367,3555365,91998
DELETE,4218034,4610245,392211
DELETE,2871200,3127789,256589
RETRIEVE,1155379,1311457,156078
RETRIEVE,700040,726980,26940
DELETE,4363551,4798860,435309
ADD,3199600,3638680,439080
RETRIEVE,202026,247986,45960
ADD,4321705,4812722,491017
DELETE,988215,1453995,465780
ADD,2095066,2382014,286948
DELETE,2419781,2958871,539090
ADD,4438780,4737049,298269
RETRIEVE,2560641,2646513,85872
RETRIEVE,1419781,1492945,73164
ADD,557627,1068507,510880
ADD,2447104,2743548,296444
ADD,217713,768022,550309
RETRIEVE,532779,588525,55746
ADD,4085239,4527645,442406
DELETE,3736338,4372862,636524
RETRIEVE,406660,480688,74028
RETRIEVE,3181921,3252703,70782
DELETE,497055,995233,498178
ADD,4067442,4479683,412241
ADD,950506,1034470,83964
ADD,2314363,2741195,426832
RETRIEVE,3857388,3968088,110700
ADD,3321705,4055747,734042
DELETE,708621,1142133,433512
RETRIEVE,3528439,3602211,73772
ADD,814131,1211493,397362
ADD,1309998,1871591,561593
DELETE,2194170,2519464,325294
ADD,1025947,1456837,430890
DELETE,2049450,2335796,286346
RETRIEVE,3937249,4023727,86478
RETRIEVE,956928,1036066,79138
RETRIEVE,1426551,1524921,98370
ADD,2254666,3038041,783375
RETRIEVE,4592261,4700611,108350
DELETE,3326982,3697959,370977
ADD,3245407,3912106,666699
RETRIEVE,1519561,1575835,56274
DELETE,2752926,3191209,438283
ADD,984232,1402384,418152
ADD,2085490,2529147,443657
DELETE,3785459,4234443,448984
RETRIEVE,806865,913717,106852
RETRIEVE,2915029,3032487,117458
DELETE,4348464,4758806,410342
ADD,1082515,1369111,286596
RETRIEVE,2140994,2224578,83584
RETRIEVE,1729657,1825353,95696
RETRIEVE,324152,430178,106026
DELETE,771852,1233509,461657
RETRIEVE,4152856,4262570,109714
DELETE,2558943,3098616,539673
DELETE,1528691,1875395,346704
RETRIEVE,4409581,4508459,98878
RETRIEVE,1354539,1424105,69566
DELETE,4233426,4647297,413871
ADD,3085239,3466166,380927
RETRIEVE,1290342,1409224,118882
RETRIEVE,245040,326962,81922
ADD,209322,655832,446510
ADD,2845394,3198926,353532
RETRIEVE,2290271,2380815,90544
DELETE,3753918,4156116,402198
RETRIEVE,939255,1062635,123380
ADD,2122345,2622672,500327
ADD,3002345,3278556,276211
ADD,859382,1273883,414501
ADD,2653848,3164051,510203
RETRIEVE,628214,697620,69406
ADD,2232165,2598093,365928
DELETE,3998362,4341657,343295
DELETE,3625100,4417730,792630
ADD,100097,579783,479686
ADD,4142993,4756532,613539
ADD,535083,989357,454274
ADD,1239967,1708221,468254
DELETE,1090969,1611372,520403
RETRIEVE,3771973,3877491,105518
RETRIEVE,3850275,3935185,84910
DELETE,1752926,2014138,261212
ADD,1724203,2445265,721062
ADD,3348739,3803624,454885
DELETE,2664908,3140610,475702
DELETE,1457312,1889471,432159
ADD,1676621,2067831,391210
DELETE,1004209,1330689,326480
RETRIEVE,92225,164781,72556
ADD,3467956,3931652,463696
RETRIEVE,2499537,2598257,98720
ADD,401771,881411,479640
RETRIEVE,2238339,2373097,134758
RETRIEVE,3511933,3599951,88018
RETRIEVE,326982,339984,13002
RETRIEVE,2276085,2396125,120040
DELETE,2337421,2651523,314102
RETRIEVE,1511480,1597742,86262
DELETE,3026080,3510139,484059
RETRIEVE,1640580,1748458,107878
DELETE,2572970,2918646,345676
RETRIEVE,3337421,3395599,58178
DELETE,2847911,3200072,352161
DELETE,2308882,2733787,424905
RETRIEVE,2666804,2727204,60400
RETRIEVE,331155,447859,116704
RETRIEVE,1542006,1657678,115672
RETRIEVE,2786418,2892282,105864
RETRIEVE,1979265,2075581,96316
ADD,2187450,2685897,498447
ADD,3852696,4228166,375470
RETRIEVE,4403856,4480828,76972
DELETE,1979461,2313649,334188
DELETE,173432,639212,465780
RETRIEVE,855768,933870,78102
RETRIEVE,3608580,3730050,121470
RETRIEVE,3684746,3789448,104702
RETRIEVE,1014179,1096865,82686
ADD,1217713,1708526,490813
RETRIEVE,2101557,2188045,86488
RETRIEVE,2247188,2282472,35284
RETRIEVE,747813,861187,113374
ADD,3059144,3520070,460926
DELETE,879213,1119728,240515
RETRIEVE,2507148,2600784,93636
RETRIEVE,3442729,3446675,3946
RETRIEVE,218034,301598,83564
RETRIEVE,2618347,2741979,123632
RETRIEVE,4497882,4623094,125212
RETRIEVE,3656856,3726904,70048
RETRIEVE,3974725,4103313,128588
RETRIEVE,4742657,4884825,142168
RETRIEVE,3885032,3977132,92100
ADD,47992,320154,272162
DELETE,3248779,3553645,304866
ADD,3294154,3775684,481530
DELETE,4254258,4693653,439395
DELETE,123538,521965,398427
RETRIEVE,239056,300702,61646
ADD,915029,1381421,466392
RETRIEVE,1792880,1884726,91846
RETRIEVE,1657407,1768883,111476
RETRIEVE,374850,449116,74266
ADD,2124349,2441138,316789
ADD,2317878,2553584,235706
RETRIEVE,4069761,4169217,99456
RETRIEVE,1968061,2060369,92308
RETRIEVE,1958715,2138611,179896
RETRIEVE,4647270,4752344,105074
DELETE,766685,1266975,500290
DELETE,449796,835383,385587
RETRIEVE,628429,686009,57580
DELETE,3940663,4073636,132973
ADD,3859382,4230600,371218
RETRIEVE,305930,418690,112760
DELETE,1685108,2119333,434225
RETRIEVE,2632788,2794788,162000
DELETE,3558786,4064987,506201
RETRIEVE,3567514,3572606,5092
RETRIEVE,3360715,3382897,22182
DELETE,174069,657016,482947
RETRIEVE,3125953,3230897,104944
ADD,3519561,3710168,190607
RETRIEVE,3972704,4077374,104670
DELETE,3091891,3595554,503663
RETRIEVE,1741049,1851749,110700
DELETE,4372638,4826856,454218
RETRIEVE,308882,407704,98822
DELETE,2026046,2508965,482919
RETRIEVE,243006,338698,95692
DELETE,2067585,2479789,412204
ADD,3853326,4192276,338950
DELETE,4088305,4530257,441952
ADD,1190823,1714608,523785
ADD,1278083,1898098,620015
RETRIEVE,3066760,3097512,30752
RETRIEVE,1917240,2041906,124666
ADD,1603866,2057973,454107
RETRIEVE,4475922,4591556,115634
RETRIEVE,968061,1093881,125820
ADD,2478322,2696778,218456
ADD,3004403,3377020,372617
RETRIEVE,3974865,4084777,109912
RETRIEVE,4294154,4409426,115272
DELETE,693559,1337124,643565
ADD,2494646,2953061,458415
RETRIEVE,4353707,4471087,117380
DELETE,2998733,3493733,495000
RETRIEVE,171537,244125,72588
ADD,3047992,3505619,457627
DELETE,1082442,1462007,379565
RETRIEVE,2278083,2389255,111172
ADD,247188,742012,494824
ADD,294842,636543,341701
DELETE,3711280,4016831,305551
RETRIEVE,3463945,3563847,99902
DELETE,1966310,2502231,535921
ADD,2511480,2926055,414575
ADD,478968,797888,318920
ADD,4205650,4575580,369930
RETRIEVE,4478600,4546876,68276
DELETE,1367359,1705762,338403
RETRIEVE,3115351,3244237,128886
ADD,3589675,3984035,394360
DELETE,785893,1093047,307154
RETRIEVE,3305930,3410900,104970
DELETE,949514,1243123,293609
DELETE,1656856,2086977,430121
RETRIEVE,770387,894833,124446
RETRIEVE,188138,250756,62618
RETRIEVE,2063717,2154815,91098
DELETE,4094945,4506426,411481
RETRIEVE,752926,827230,74304
RETRIEVE,1591064,1662704,71640
ADD,381709,850435,468726
DELETE,866957,1314570,447613
ADD,2423714,2935603,511889
RETRIEVE,1763060,1812018,48958
ADD,238339,659826,421487
RETRIEVE,1009874,1084328,74454
RETRIEVE,890859,990483,99624
DELETE,2023468,2455451,431983
ADD,2466783,2751628,284845
RETRIEVE,2841241,2914089,72848
ADD,681038,1227363,546325
RETRIEVE,498305,570661,72356
RETRIEVE,3375291,3473513,98222
RETRIEVE,4509005,4601023,92018
DELETE,4086160,4689332,603172
RETRIEVE,275578,450414,174836
ADD,2632401,3377384,744983
RETRIEVE,1247188,1370056,122868
ADD,2182324,2789017,606693
DELETE,2935942,3231664,295722
DELETE,1026080,1385717,359637
ADD,1799295,2403375,604080
RETRIEVE,4254666,4381500,126834
DELETE,3441810,4015919,574109
RETRIEVE,3949750,4076038,126288
RETRIEVE,1268180,1351454,83274
ADD,2729657,2956525,226868
RETRIEVE,3210771,3289637,78866
DELETE,3368767,3856365,487598
RETRIEVE,2518828,2683978,165150
DELETE,3459222,4061042,601820
ADD,3876977,4301317,424340
DELETE,1233426,1806322,572896
RETRIEVE,3988997,4106555,117558
DELETE,1782698,2307215,524517
RETRIEVE,2772246,2906788,134542
RETRIEVE,3992914,4088882,95968
RETRIEVE,4025947,4135087,109140
ADD,1871200,2299413,428213
ADD,787903,1246466,458563
ADD,3532779,4003960,471181
ADD,1994409,2675430,681021
ADD,1885032,2394587,509555
DELETE,698880,1241842,542962
ADD,1427080,1862584,435504
RETRIEVE,3479208,3561450,82242
RETRIEVE,418027,478241,60214
ADD,25947,495683,469736
RETRIEVE,28023,47573,19550
DELETE,1115351,1629612,514261
RETRIEVE,4314363,4401703,87340
RETRIEVE,2426722,2505766,79044
ADD,1840508,2356863,516355
RETRIEVE,3682992,3788868,105876
DELETE,4004209,4261993,257784
RETRIEVE,1059781,1193337,133556
DELETE,3558310,3904958,346648
RETRIEVE,4581104,4682690,101586
RETRIEVE,1476740,1549418,72678
RETRIEVE,2784087,2828027,43940
ADD,2660240,3337639,677399
ADD,3059446,3578441,518995
RETRIEVE,3702088,3830772,128684
RETRIEVE,668387,728389,60002
RETRIEVE,2420583,2542273,121690
RETRIEVE,888816,1035006,146190
RETRIEVE,4330227,4421067,90840
ADD,3582433,4016112,433679
RETRIEVE,4618971,4676585,57614
RETRIEVE,651156,757576,106420
RETRIEVE,2929131,3001435,72304
RETRIEVE,2871527,2956927,85400
RETRIEVE,1111496,1216148,104652
RETRIEVE,2376799,2449307,72508
RETRIEVE,1665023,1749093,84070
RETRIEVE,356360,471102,114742
DELETE,1012877,1491683,478806
DELETE,3638997,3939907,300910
ADD,4511933,4872914,360981
DELETE,2940340,3437823,497483
DELETE,3151893,3600488,448595
ADD,3835347,4323167,487820
DELETE,1017220,1420224,403004
ADD,2498305,2878620,380315
ADD,713114,1228913,515799
RETRIEVE,1529036,1626522,97486
DELETE,2912016,3322395,410379
RETRIEVE,832752,923538,90786
DELETE,2151922,2584656,432734
ADD,2391545,3073521,681976
RETRIEVE,3872757,3992349,119592
RETRIEVE,3218645,3354707,136062
ADD,1698880,2155840,456960
RETRIEVE,1581104,1674964,93860
ADD,1423714,1924773,501059
RETRIEVE,375291,448463,73172
ADD,2659908,3120722,460814
ADD,334940,874104,539164
DELETE,1923652,2440035,516383
RETRIEVE,4182324,4273492,91168
RETRIEVE,2420691,2537107,116416
DELETE,3220705,3677962,457257
DELETE,1089776,1459076,369300
DELETE,2638873,3220561,581688
RETRIEVE,263378,348544,85166
ADD,2015884,2373418,357534
DELETE,2354806,2864565,509759
DELETE,3077467,3424347,346880
ADD,1793656,2286748,493092
ADD,2724203,3430748,706545
DELETE,2320315,2579257,258942
DELETE,972228,1298596,326368
ADD,3023468,3220356,196888
DELETE,2550130,3142759,592629
ADD,2202433,2631572,429139
DELETE,3026046,3365440,339394
DELETE,2893950,3212157,318207
RETRIEVE,2077467,2152595,75128
ADD,1992914,2319792,326878
DELETE,2406527,3001852,595325
DELETE,3931886,4518132,586246
RETRIEVE,2623030,2715374,92344
ADD,3666804,4044507,377703
ADD,1041547,1219314,177767
RETRIEVE,1238523,1344167,105644
DELETE,3526505,3968198,441693
DELETE,4355879,4778542,422663
ADD,387998,750396,362398
DELETE,2808868,3406324,597456
RETRIEVE,4647330,4694570,47240
ADD,4283119,4800298,517179
RETRIEVE,3276085,3356593,80508
ADD,1302389,1775562,473173
DELETE,972704,1535854,563150
RETRIEVE,3085490,3202620,117130
RETRIEVE,2949514,3083330,133816
ADD,2132699,2690966,558267
RETRIEVE,1475922,1584534,108612
RETRIEVE,2030530,2153060,122530
DELETE,2673610,2944503,270893
DELETE,2034567,2508129,473562
ADD,3343889,3858076,514187
RETRIEVE,1770697,1848363,77666
DELETE,283119,498805,215686
RETRIEVE,3476740,3534650,57910
RETRIEVE,4217713,4322345,104632
RETRIEVE,3004209,3068625,64416
RETRIEVE,277539,375123,97584
ADD,3152668,3614854,462186
DELETE,3474974,4170615,695641
RETRIEVE,1770387,1853231,82844
ADD,3261066,4138411,877345
ADD,2544894,3173052,628158
DELETE,232687,696290,463603
RETRIEVE,3922123,4002401,80278
RETRIEVE,59144,115506,56362
ADD,3830607,4327497,496890
ADD,4478322,4881196,402874
RETRIEVE,4366355,4456685,90330
ADD,1348464,1740629,392165
DELETE,2366355,2723454,357099
ADD,2681062,3131463,450401
DELETE,1205168,1745898,540730
ADD,392900,531552,138652
RETRIEVE,899897,1003345,103448
DELETE,4432720,4651306,218586
ADD,3292197,3661840,369643
RETRIEVE,4332698,4395580,62882
ADD,2521008,2980108,459100
RETRIEVE,3033050,3116460,83410
DELETE,2151573,2494173,342600
DELETE,4478583,4894752,416169
DELETE,3646944,4179604,532660
ADD,3482903,3760679,277776
DELETE,632788,1174296,541508
RETRIEVE,2855768,2969538,113770
RETRIEVE,4581017,4663097,82080
ADD,867824,1385485,517661
ADD,3688909,4065361,376452
RETRIEVE,2453519,2533023,79504
RETRIEVE,990784,1070178,79394
RETRIEVE,3817254,3910660,93406
DELETE,125255,411129,285874
DELETE,67585,491119,423534
DELETE,372638,914155,541517
RETRIEVE,4534467,4622535,88068
RETRIEVE,1547293,1645829,98536
ADD,3871200,4132754,261554
RETRIEVE,3337569,3519593,182024
ADD,33050,373834,340784
RETRIEVE,3665023,3800547,135524
RETRIEVE,1993065,2087157,94092
DELETE,1921629,2428497,506868
RETRIEVE,4080926,4144858,63932
DELETE,865406,1087623,222217
DELETE,2534819,2975103,440284
RETRIEVE,4101972,4219852,117880
RETRIEVE,4521008,4613018,92010
RETRIEVE,91812,239776,147964
DELETE,2709086,3269012,559926
ADD,269349,836223,566874
DELETE,1480389,1872100,391711
RETRIEVE,4474862,4592044,117182
RETRIEVE,4247188,4368062,120874
ADD,3497055,3991221,494166
DELETE,3012344,3730006,717662
RETRIEVE,4733298,4856750,123452
RETRIEVE,827418,912932,85514
RETRIEVE,1913835,2002213,88378
DELETE,4091812,4478835,387023
DELETE,2012253,2265756,253503
RETRIEVE,3969085,4121499,152414
RETRIEVE,4188298,4292008,103710
DELETE,2553735,3042352,488617
ADD,53446,256764,203318
DELETE,3306138,3306138,0
DELETE,1398856,1780015,381159
ADD,2248581,2904672,656091
ADD,3732710,4164462,431752
RETRIEVE,4047992,4134042,86050
RETRIEVE,2663709,2793523,129814
RETRIEVE,4669212,4749186,79974
ADD,1532779,1925861,393082
DELETE,88935,445728,356793
RETRIEVE,366014,461112,95098
RETRIEVE,4621395,4703115,81720
RETRIEVE,3793656,3894276,100620
DELETE,2277539,2867657,590118
DELETE,1442717,1863175,420458
ADD,1830607,2368844,538237
DELETE,782698,1230385,447687
ADD,2119847,2729560,609713
ADD,4097897,4604765,506868
RETRIEVE,230873,340413,109540
DELETE,592261,1124041,531780
RETRIEVE,1130114,1204530,74416
RETRIEVE,310715,364015,53300
DELETE,1463367,1738151,274784
RETRIEVE,2233426,2323216,89790
DELETE,1827935,2476586,648651
ADD,3833995,4468370,634375
DELETE,1276085,1870317,594232
RETRIEVE,1968330,2044778,76448
DELETE,3240322,3719776,479454
DELETE,1302152,1692881,390729
ADD,638873,1162880,524007
ADD,3927586,4382119,454533
RETRIEVE,1094945,1210013,115068
ADD,1380026,1855460,475434
DELETE,3277539,3725615,448076
RETRIEVE,3575523,3670011,94488
RETRIEVE,175133,273251,98118
ADD,253780,764836,511056
RETRIEVE,1345800,1461514,115714
RETRIEVE,4827223,4882027,54804
DELETE,3367359,3777293,409934
DELETE,1850275,2288873,438598
DELETE,1757136,2434869,677733
RETRIEVE,4035079,4098041,62962
DELETE,2164799,2622195,457396
DELETE,2032711,2586735,554024
RETRIEVE,2827418,2901636,74218
RETRIEVE,756911,857081,100170
DELETE,1937249,2392532,455283
ADD,2530951,2965010,434059
DELETE,1234438,1581225,346787
RETRIEVE,2674594,2792888,118294
ADD,2622727,3283682,660955
RETRIEVE,1880594,1983090,102496
ADD,3546780,3853860,307080
RETRIEVE,2969085,3101849,132764
ADD,1233581,1678813,445232
DELETE,2355879,2903807,547928
RETRIEVE,543750,654532,110782
ADD,2338906,2742142,403236
RETRIEVE,650740,756082,105342
ADD,2445431,3079648,634217
RETRIEVE,1041964,1100286,58322
DELETE,3558259,4110273,552014
ADD,35638,432657,397019
ADD,2146314,2510648,364334
ADD,1478583,1765513,286930
RETRIEVE,2742657,2844405,101748
DELETE,222510,770605,548095
ADD,164799,572565,407766
RETRIEVE,2290342,2405072,114730
RETRIEVE,3313105,3404287,91182
DELETE,4199600,4729842,530242
RETRIEVE,558259,728211,169952
RETRIEVE,1394635,1508901,114266
RETRIEVE,1835347,1921833,86486
ADD,197135,643840,446705
RETRIEVE,3088332,3170812,82480
DELETE,3056428,3493461,437033
ADD,497882,928578,430696
ADD,855776,1225382,369606
RETRIEVE,3086160,3217682,131522
DELETE,4300968,4556769,255801
RETRIEVE,4667799,4735713,67914
DELETE,3406660,3798436,391776
ADD,302822,599970,297148
RETRIEVE,4752398,4828006,75608
RETRIEVE,1246413,1332449,86036
RETRIEVE,1519729,1590649,70920
ADD,1302822,1678922,376100
ADD,1248581,1739347,490766
RETRIEVE,3850346,3929162,78816
ADD,1023468,1173589,150121
ADD,3280987,3673281,392294
RETRIEVE,1560641,1685787,125146
ADD,3255715,3745231,489516
RETRIEVE,4726259,4810415,84156
DELETE,505569,679982,174413
DELETE,1337569,1736200,398631
RETRIEVE,3521008,3639880,118872
ADD,290271,729703,439432
RETRIEVE,332770,423224,90454
RETRIEVE,4668402,4727042,58640
RETRIEVE,2923652,3042930,119278
DELETE,2955854,3469550,513696
ADD,3474862,4079692,604830
ADD,2531837,2930867,399030
DELETE,3305699,3862021,556322
DELETE,750642,1157333,406691
RETRIEVE,394635,464631,69996
DELETE,1940064,2480201,540137
RETRIEVE,3409949,3519775,109826
DELETE,3314363,3809206,494843
DELETE,255715,704736,449021
ADD,3032711,3538273,505562
ADD,3536292,3933367,397075
RETRIEVE,1685047,1769659,84612
RETRIEVE,1277539,1381077,103538
DELETE,75535,492454,416919
ADD,2022059,2377629,355570
ADD,1314363,1805824,491461
RETRIEVE,596907,716607,119700
DELETE,1239056,1658190,419134
RETRIEVE,4208599,4365431,156832
RETRIEVE,4662827,4748873,86046
RETRIEVE,729036,769228,40192
RETRIEVE,2509371,2533791,24420
DELETE,9874,487698,477824
RETRIEVE,567514,647534,80020
RETRIEVE,936712,1047528,110816
ADD,390379,819611,429232
RETRIEVE,4666804,4718570,51766
RETRIEVE,2660228,2709266,49038
RETRIEVE,1209322,1324350,115028
ADD,1770725,2046093,275368
ADD,1192565,1498802,306237
RETRIEVE,3012877,3101227,88350
DELETE,2723833,3240290,516457
DELETE,90303,590278,499975
DELETE,893950,1423961,530011
DELETE,2780596,3330303,549707
ADD,1666804,1888530,221726
DELETE,2014179,2486833,472654
ADD,4218645,4636676,418031
RETRIEVE,1531608,1670708,139100
ADD,3766685,4354423,587738
ADD,1433245,1783868,350623
RETRIEVE,1726259,1803519,77260
RETRIEVE,1693559,1833239,139680
DELETE,3777612,4418528,640916
RETRIEVE,1557319,1666677,109358
RETRIEVE,1776142,1902086,125944
RETRIEVE,4441810,4550080,108270
RETRIEVE,2713694,2840796,127102
DELETE,10562,462306,451744
DELETE,2268480,2841691,573211
RETRIEVE,4391430,4492668,101238
RETRIEVE,979461,1116745,137284
ADD,2353707,2721682,367975
ADD,3359822,3931476,571654
DELETE,3665303,4035511,370208
ADD,3547293,3840031,292738
RETRIEVE,3122232,3241616,119384
ADD,3709086,4350048,640962
ADD,3038953,3460718,421765
RETRIEVE,3892509,3987975,95466
RETRIEVE,4135287,4224663,89376
ADD,3885254,4108305,223051
RETRIEVE,4505569,4600711,95142
DELETE,1650880,2118328,467448
RETRIEVE,4638997,4768969,129972
DELETE,883573,1482595,599022
RETRIEVE,3235124,3339198,104074
ADD,237473,560451,322978
RETRIEVE,2650740,2720002,69262
DELETE,3197135,3598175,401040
ADD,4248475,4793188,544713
ADD,4136292,4609271,472979
RETRIEVE,1660228,1682056,21828
DELETE,4354806,4802483,447677
ADD,3726259,4160660,434401
RETRIEVE,662827,749161,86334
ADD,481414,916575,435161
DELETE,4059997,4544806,484809
RETRIEVE,1230632,1346352,115720
ADD,2273584,3109396,835812
ADD,4122232,4654781,532549
DELETE,406527,916082,509555
DELETE,2570513,2928501,357988
ADD,337421,673276,335855
RETRIEVE,3947385,4064697,117312
RETRIEVE,1589675,1690167,100492
ADD,1074989,1482357,407368
ADD,3785889,4214352,428463
RETRIEVE,33379,121489,88110
ADD,4368838,4674241,305403
ADD,766938,1180735,413797
DELETE,2818101,3206578,388477
DELETE,3947266,4233306,286040
DELETE,1575725,2019039,443314
DELETE,3668387,4040225,371838
DELETE,2902750,3459952,557202
DELETE,3441699,3862352,420653
RETRIEVE,4782698,4865044,82346
RETRIEVE,1487338,1572390,85052
RETRIEVE,302152,400306,98154
DELETE,817254,1365701,548447
DELETE,3216080,3664156,448076
DELETE,4231610,4827315,595705
RETRIEVE,790905,940217,149312
ADD,1845394,2300798,455404
RETRIEVE,2337065,2407365,70300
ADD,4375291,4826720,451429
DELETE,3696765,4007977,311212
ADD,3993185,4345846,352661
DELETE,1094840,1608036,513196
DELETE,2812737,3186734,373997
RETRIEVE,1571196,1681882,110686
ADD,858771,1372643,513872
RETRIEVE,3478322,3543976,65654
RETRIEVE,2968061,2968061,0
DELETE,1152668,1416270,263602
ADD,857388,1340085,482697
ADD,3136292,3419488,283196
DELETE,4151573,4550630,399057
ADD,1709086,2293868,584782
DELETE,734114,1326789,592675
RETRIEVE,3338607,3440897,102290
DELETE,1677690,2072819,395129
DELETE,575523,1027777,452254
DELETE,4175133,4562777,387644
RETRIEVE,913835,1038985,125150
DELETE,3030530,3258417,227887
RETRIEVE,2557627,2653233,95606
ADD,2931422,3273772,342350
RETRIEVE,4773516,4858700,85184
RETRIEVE,1708621,1808467,99846
ADD,250930,593178,342248
DELETE,4360715,4845997,485282
RETRIEVE,2345,120151,117806
ADD,4302152,4682291,380139
DELETE,2809699,3423201,613502
DELETE,2993185,3413662,420477
DELETE,3693962,3889766,195804
DELETE,884058,1312113,428055
ADD,3371455,3820281,448826
DELETE,454119,980433,526314
RETRIEVE,1879213,1972267,93054
ADD,2952643,3351348,398705
DELETE,2088935,2495450,406515
DELETE,254033,620165,366132
RETRIEVE,2806865,2934973,128108
DELETE,1625578,2101716,476138
ADD,3957618,4368858,411240
RETRIEVE,3735111,3866017,130906
DELETE,1255715,1604485,348770
ADD,3432720,3786743,354023
RETRIEVE,2287837,2409707,121870
ADD,799274,970500,171226
RETRIEVE,1192272,1330574,138302
RETRIEVE,2294055,2308129,14074
ADD,40388,373325,332937
RETRIEVE,1075535,1162027,86492
RETRIEVE,2621395,2708067,86672
RETRIEVE,2758764,2839344,80580
ADD,1622815,1883665,260850
DELETE,111496,538856,427360
ADD,2963467,3264284,300817
RETRIEVE,4174069,4215895,41826
ADD,3063717,3675774,612057
RETRIEVE,2589675,2678729,89054
RETRIEVE,3834916,3940840,105924
RETRIEVE,2017322,2106980,89658
DELETE,1235124,1757204,522080
DELETE,3729036,4135005,405969
RETRIEVE,1015884,1141448,125564
DELETE,685339,1175031,489692
RETRIEVE,3623030,3689894,66864
ADD,1557627,2016218,458591
ADD,113180,530498,417318
DELETE,2144980,2380705,235725
ADD,1171355,1730734,559379
DELETE,4209322,4603664,394342
RETRIEVE,1067585,1147687,80102
ADD,3423665,3903972,480307
ADD,2309998,2801607,491609
RETRIEVE,482903,590645,107742
ADD,248581,848344,599763
DELETE,420583,969447,548864
DELETE,952643,1333709,381066
RETRIEVE,4091891,4200621,108730
DELETE,3836291,4221433,385142
ADD,1732710,2249908,517198
DELETE,233581,579136,345555
DELETE,3230632,3717859,487227
RETRIEVE,2419838,2522606,102768
DELETE,701390,1060073,358683
ADD,511480,1090370,578890
ADD,3132085,3629818,497733
RETRIEVE,132085,140125,8040
DELETE,1330227,1824681,494454
RETRIEVE,2225100,2308418,83318
RETRIEVE,2900859,2953975,53116
DELETE,2747813,3278954,531141
RETRIEVE,4213881,4292351,78470
RETRIEVE,4525518,4607944,82426
ADD,1088305,1362005,273700
RETRIEVE,3454119,3512537,58418
RETRIEVE,3657545,3787811,130266
RETRIEVE,406064,481954,75890
RETRIEVE,4122345,4237727,115382
DELETE,2327392,2519148,191756
DELETE,2519561,2904472,384911
ADD,3309998,3408905,98907
RETRIEVE,1620339,1732023,111684
RETRIEVE,4711280,4815952,104672
ADD,476459,878129,401670
RETRIEVE,765420,856386,90966
ADD,469818,963753,493935
RETRIEVE,544894,653650,108756
DELETE,3833100,4198991,365891
DELETE,2536292,2914866,378574
RETRIEVE,747742,860804,113062
DELETE,674059,1257516,583457
DELETE,4082515,4423429,340914
RETRIEVE,43102,195064,151962
RETRIEVE,1181921,1291691,109770
DELETE,2532779,2942833,410054
RETRIEVE,2181921,2181921,0
ADD,2354113,2872840,518727
RETRIEVE,2852480,2966502,114022
RETRIEVE,3172560,3255494,82934
RETRIEVE,507148,567584,60436
DELETE,3420691,3751701,331010
DELETE,1017694,1746835,729141
DELETE,2980703,3471784,491081
DELETE,2979461,3495158,515697
RETRIEVE,3537161,3604965,67804
ADD,528439,920391,391952
ADD,1887283,2181430,294147
RETRIEVE,172560,284328,111768
ADD,2823781,3324312,500531
DELETE,176751,579505,402754
RETRIEVE,1977644,2080424,102780
ADD,3723833,4256225,532392
DELETE,1016741,1295120,278379
ADD,3621395,4315980,694585
ADD,1254666,2209990,955324
RETRIEVE,3727411,3807029,79618
ADD,3512870,3963336,450466
ADD,4030542,4397832,367290
RETRIEVE,2646944,2769560,122616
ADD,3254666,3846925,592259
ADD,121175,878221,757046
DELETE,2281639,2770015,488376
DELETE,3181793,3598768,416975
RETRIEVE,1019887,1138665,118778
RETRIEVE,785889,852975,67086
RETRIEVE,3558943,3678809,119866
ADD,2899725,3340102,440377
RETRIEVE,80527,169145,88618
RETRIEVE,4684746,4816776,132030
DELETE,1815108,2157263,342155
DELETE,2033050,2599479,566429
RETRIEVE,3655627,3707423,51796
RETRIEVE,1865406,1968476,103070
DELETE,380026,769699,389673
RETRIEVE,2802422,2877434,75012
RETRIEVE,838943,964127,125184
DELETE,2158453,2804770,646317
RETRIEVE,3354806,3497280,142474
RETRIEVE,1628629,1754097,125468
RETRIEVE,2984232,3068630,84398
RETRIEVE,4050246,4152606,102360
ADD,4287516,4692030,404514
RETRIEVE,1887194,1954708,67514
ADD,3929131,4175760,246629
RETRIEVE,3698880,3805986,107106
ADD,2834660,3389249,554589
DELETE,179608,603531,423923
RETRIEVE,1638997,1696083,57086
ADD,773516,1307168,533652
DELETE,2980104,3413125,433021
RETRIEVE,827935,912983,85048
RETRIEVE,3748056,3907600,159544
DELETE,4245407,4576602,331195
DELETE,3075535,3570693,495158
ADD,4202026,4657189,455163
DELETE,3699473,4018309,318836
ADD,1812737,2154707,341970
ADD,3841241,4385834,544593
ADD,775572,1341918,566346
RETRIEVE,3453612,3606502,152890
ADD,3044447,3514433,469986
DELETE,2682992,3079270,396278
RETRIEVE,3987386,4046340,58954
DELETE,969085,1641166,672081
RETRIEVE,667641,773227,105586
RETRIEVE,3602460,3739908,137448
ADD,3834660,4494169,659509
RETRIEVE,3318801,3401647,82846
ADD,1287516,1847849,560333
ADD,2080926,2502681,421755
RETRIEVE,3836463,3880073,43610
DELETE,1942984,2330359,387375
DELETE,3012345,3394838,382493
RETRIEVE,812565,891517,78952
DELETE,2547293,3131788,584495
RETRIEVE,4051597,4140345,88748
RETRIEVE,623030,700232,77202
RETRIEVE,723833,804783,80950
DELETE,2824686,3224633,399947
ADD,3729657,4080502,350845
DELETE,3855776,4398572,542796
RETRIEVE,727411,770273,42862
ADD,1269349,1689567,420218
DELETE,3931422,4319909,388487
DELETE,152668,583113,430445
RETRIEVE,4476740,4560622,83882
DELETE,698766,1056782,358016
RETRIEVE,1230873,1237047,6174
RETRIEVE,1056048,1164448,108400
DELETE,2339671,2576795,237124
RETRIEVE,419838,499320,79482
RETRIEVE,3756911,3841011,84100
ADD,1101469,1631683,530214
RETRIEVE,3263333,3327453,64120
DELETE,59446,274715,215269
RETRIEVE,398856,487906,89050
DELETE,1974725,2470327,495602
RETRIEVE,4673610,4729138,55528
RETRIEVE,2657545,2756121,98576
RETRIEVE,1219557,1331597,112040
RETRIEVE,3041547,3185497,143950
RETRIEVE,423665,606699,183034
RETRIEVE,3422716,3511416,88700
ADD,188298,507626,319328
ADD,1756722,2268278,511556
RETRIEVE,3612426,3697610,85184
RETRIEVE,1555759,1661317,105558
RETRIEVE,2302152,2363118,60966
ADD,1343889,1760058,416169
RETRIEVE,4032711,4145285,112574
RETRIEVE,1812565,1866585,54020
RETRIEVE,2283119,2352797,69678
RETRIEVE,2459222,2504722,45500
ADD,59997,547956,487959
RETRIEVE,2822639,2915031,92392
DELETE,983662,1577440,593778
DELETE,1972228,2441862,469634
RETRIEVE,602460,701340,98880
ADD,1736338,2340677,604339
ADD,2469818,3111827,642009
ADD,4246413,4730361,483948
RETRIEVE,1083468,1187292,103824
ADD,4267072,4674208,407136
RETRIEVE,994409,1094513,100104
RETRIEVE,3692556,3763000,70444
DELETE,2784938,3127399,342461
RETRIEVE,2814131,2902045,87914
DELETE,3363551,3847814,484263
ADD,968330,1354853,386523
RETRIEVE,2299459,2400607,101148
DELETE,3855768,4250147,394379
DELETE,466783,874410,407627
RETRIEVE,2537440,2656772,119332
ADD,4406064,4790085,384021
DELETE,2526961,2972350,445389
RETRIEVE,1474746,1565298,90552
DELETE,2561010,3004926,443916
RETRIEVE,2742198,2803128,60930
DELETE,516715,815587,298872
DELETE,3302822,3604732,301910
RETRIEVE,52829,153455,100626
ADD,2660066,3120167,460101
DELETE,1826758,2175639,348881
ADD,3650880,4068596,417716
ADD,2002345,2539554,537209
DELETE,447104,813041,365937
ADD,1113180,1469927,356747
ADD,1394254,1903364,509110
RETRIEVE,1770181,1882791,112610
DELETE,3395182,3789468,394286
RETRIEVE,2209951,2326543,116592
ADD,536292,1095754,559462
DELETE,4390379,4812616,422237
RETRIEVE,67990,203962,135972
ADD,3931566,4523204,591638
RETRIEVE,4575523,4668871,93348
ADD,1747813,2377620,629807
RETRIEVE,4294842,4384466,89624
DELETE,2047992,2198039,150047
RETRIEVE,2998362,3101716,103354
DELETE,2292039,2456863,164824
RETRIEVE,2062288,2189420,127132
RETRIEVE,1360715,1467697,106982
RETRIEVE,667799,766097,98298
DELETE,3926010,4408105,482095
DELETE,453519,888310,434791
RETRIEVE,4294055,4381691,87636
ADD,3888816,4252011,363195
DELETE,4071666,4559486,487820
RETRIEVE,1660240,1760922,100682
RETRIEVE,2403856,2527204,123348
DELETE,2617905,3039345,421440
DELETE,3662827,3863217,200390
DELETE,4305699,4819460,513761
ADD,2974925,3371231,396306
ADD,1401250,1750696,349446
ADD,2210771,2595645,384874
RETRIEVE,953635,1026595,72960
RETRIEVE,1827223,1908229,81006
ADD,887194,1397860,510666
RETRIEVE,710256,782126,71870
ADD,3353827,3802422,448595
ADD,3544366,3768112,223746
RETRIEVE,66760,170244,103484
DELETE,1657545,2270825,613280
ADD,980703,1452792,472089
DELETE,1173432,1420321,246889
RETRIEVE,1608580,1709078,100498
DELETE,2667641,3080706,413065
RETRIEVE,656856,738582,81726
ADD,2530606,3128358,597752
RETRIEVE,508940,627346,118406
RETRIEVE,2630485,2728599,98114
ADD,49450,424059,374609
RETRIEVE,4035638,4142422,106784
ADD,71666,404112,332446
DELETE,3266573,3496415,229842
DELETE,463367,852197,388830
ADD,1144877,1499224,354347
ADD,435737,981896,546159
ADD,1659908,2133674,473766
ADD,1780596,2308105,527509
DELETE,692556,989695,297139
DELETE,3499537,3905496,405959
RETRIEVE,1356360,1424982,68622
RETRIEVE,913967,1077789,163822
RETRIEVE,537231,655421,118190
ADD,2748056,3158555,410499
ADD,4125953,4535368,409415
ADD,876977,1239551,362574
RETRIEVE,947266,1044866,97600
ADD,3980104,4430431,450327
RETRIEVE,137610,202406,64796
DELETE,2823567,3349900,526333
RETRIEVE,4334940,4448946,114006
RETRIEVE,2685047,2814025,128978
RETRIEVE,2771852,2870988,99136
ADD,3560641,4093199,532558
ADD,2896783,3235186,338403
DELETE,1489436,1974968,485532
DELETE,3113180,3277986,164806
ADD,989124,1319365,330241
ADD,2004209,2305165,300956
RETRIEVE,677690,799472,121782
DELETE,613996,947053,333057
ADD,1232687,1722823,490136
RETRIEVE,2996456,3102886,106430
RETRIEVE,1476365,1631175,154810
DELETE,1822893,2029231,206338
ADD,3377612,3785980,408368
ADD,4009874,4422356,412482
DELETE,3542006,4169460,627454
ADD,572706,1118429,545723
DELETE,3247188,3590075,342887
RETRIEVE,1687328,1770982,83654
ADD,2418027,2587965,169938
DELETE,3121552,3575288,453736
RETRIEVE,2431934,2522822,90888
DELETE,1665991,2191166,525175
RETRIEVE,4051651,4157147,105496
RETRIEVE,557319,635195,77876
RETRIEVE,1733491,1871971,138480
DELETE,2246413,2660136,413723
ADD,4403487,4751988,348501
DELETE,2770697,3142860,372163
DELETE,3154229,3592234,438005
ADD,3035470,3375930,340460
RETRIEVE,2218034,2273012,54978
ADD,2880313,3383790,503477
ADD,2958454,3360106,401652
ADD,2853326,3277073,423747
ADD,928646,1461973,533327
ADD,1778770,2253222,474452
RETRIEVE,108906,203794,94888
DELETE,850275,1319353,469078
ADD,685030,1112418,427388
RETRIEVE,3327392,3378124,50732
RETRIEVE,3928646,4021794,93148
ADD,992864,1326765,333901
RETRIEVE,368767,482099,113332
ADD,2135287,2606969,471682
DELETE,2572706,2993285,420579
DELETE,80782,642394,561612
RETRIEVE,2733298,2856328,123030
ADD,1151573,1633798,482225
DELETE,2830607,3282981,452374
RETRIEVE,974865,1065545,90680
ADD,56428,446295,389867
DELETE,4328661,4674781,346120
RETRIEVE,3201761,3330237,128476
RETRIEVE,4698880,4788340,89460
ADD,3645909,3984571,338662
ADD,2261066,3018075,757009
ADD,3409780,3791115,381335
RETRIEVE,30542,97058,66516
ADD,2684130,3281771,597641
ADD,422716,809646,386930
DELETE,122232,523578,401346
DELETE,1308882,1626579,317697
RETRIEVE,3152247,3233123,80876
DELETE,3233781,3633246,399465
ADD,2306138,2593633,287495
DELETE,3339671,3704163,364492
ADD,3742198,4273598,531400
ADD,1668402,1848170,179768
RETRIEVE,3225113,3333533,108420
RETRIEVE,39678,165882,126204
RETRIEVE,317878,405628,87750
ADD,1927827,2374337,446510
ADD,1537161,2242418,705257
DELETE,2770181,3309549,539368
RETRIEVE,4121175,4290979,169804
ADD,2253780,2794259,540479
ADD,209951,650856,440905
DELETE,1067990,1627897,559907
RETRIEVE,3332146,3432580,100434
ADD,2794161,3223013,428852
RETRIEVE,1005934,1105776,99842
DELETE,1144980,1464141,319161
RETRIEVE,3608160,3710756,102596
DELETE,4306506,4820711,514205
RETRIEVE,1033379,1122811,89432
DELETE,2528439,3005716,477277
RETRIEVE,4343658,4433268,89610
RETRIEVE,827223,927033,99810
RETRIEVE,2735111,2859041,123930
ADD,3966538,4524620,558082
RETRIEVE,3328661,3440705,112044
DELETE,2913835,3484304,570469
RETRIEVE,1699473,1779251,79778
DELETE,3887836,4436728,548892
RETRIEVE,175256,285490,110234
RETRIEVE,26046,152958,126912
DELETE,3872085,4424951,552866
DELETE,2292584,2683878,391294
RETRIEVE,4668387,4756795,88408
RETRIEVE,4620235,4708249,88014
DELETE,2337569,2829855,492286
RETRIEVE,4222024,4320222,98198
DELETE,1497055,2056869,559814
DELETE,1683598,2144070,460472
RETRIEVE,48947,142687,93740
ADD,3887194,4422550,535356
ADD,1743449,2280297,536848
DELETE,2569967,2973638,403671
ADD,612426,1093103,480677
DELETE,1900770,2153560,252790
DELETE,3463149,3983163,520014
ADD,3073663,3412437,338774
ADD,1988997,2466904,477907
ADD,1004836,1196425,191589
RETRIEVE,3447104,3543942,96838
ADD,807396,1142658,335262
RETRIEVE,4785893,4852201,66308
ADD,4220705,4745444,524739
RETRIEVE,4316602,4388908,72306
RETRIEVE,4363130,4447196,84066
ADD,3980703,4417597,436894
RETRIEVE,1035638,1140842,105204
RETRIEVE,4784205,4880473,96268
RETRIEVE,418772,491896,73124
DELETE,3287516,3850267,562751
ADD,4202689,4646837,444148
ADD,4255715,4605606,349891
RETRIEVE,931422,995832,64410
RETRIEVE,4054531,4131781,77250
ADD,4422546,4792439,369893
ADD,2217713,2741257,523544
DELETE,4836,318809,313973
DELETE,1495492,2041947,546455
RETRIEVE,2799295,2938931,139636
DELETE,267984,710473,442489
ADD,3677690,3972587,294897
ADD,3546593,3925574,378981
RETRIEVE,3067990,3215756,147766
DELETE,3187450,3644031,456581
ADD,142993,679998,537005
ADD,3108455,3677515,569060
ADD,2665023,3084638,419615
RETRIEVE,755954,869182,113228
ADD,904193,1312635,408442
ADD,2874783,3211231,336448
RETRIEVE,2035467,2136253,100786
RETRIEVE,3355879,3455091,99212
DELETE,1244809,1664248,419439
ADD,3497774,4012591,514817
DELETE,1618347,2096819,478472
DELETE,2325970,2751218,425248
RETRIEVE,65825,190273,124448
ADD,4026046,4524187,498141
ADD,713694,1264513,550819
RETRIEVE,3676621,3758993,82372
RETRIEVE,1650740,1729024,78284
RETRIEVE,1059446,1151060,91614
DELETE,3848537,4257128,408591
RETRIEVE,3713105,3752717,39612
ADD,3638934,4094310,455376
RETRIEVE,519729,567637,47908
ADD,1164799,1559159,394360
RETRIEVE,2887281,2983623,96342
DELETE,2966538,3039977,73439
ADD,3790905,4546014,755109
ADD,1716356,2064700,348344
RETRIEVE,3039678,3103250,63572
RETRIEVE,2639538,2787038,147500
DELETE,62288,628439,566151
RETRIEVE,2773516,2845836,72320
DELETE,4467956,4760111,292155
ADD,758123,1148444,390321
DELETE,893021,1321604,428583
DELETE,2152856,2574871,422015
DELETE,3656726,4154024,497298
DELETE,1257338,1770571,513233
RETRIEVE,2725700,2823054,97354
DELETE,561010,1009892,448882
DELETE,837289,1228231,390942
DELETE,1509005,1831936,322931
DELETE,3820435,4099314,278879
DELETE,1667312,2047266,379954
RETRIEVE,653848,732470,78622
RETRIEVE,4248459,4352895,104436
DELETE,2520773,2978058,457285
DELETE,1681062,2144146,463084
RETRIEVE,1073972,1128540,54568
DELETE,1136292,1455953,319661
DELETE,478525,884049,405524
DELETE,521008,940197,419189
RETRIEVE,4420905,4526695,105790
DELETE,992832,1419998,427166
RETRIEVE,2406660,2447232,40572
ADD,1836291,2365551,529260
DELETE,3775572,4130077,354505
DELETE,1889131,2282936,393805
ADD,949072,1415658,466586
RETRIEVE,3133358,3253044,119686
DELETE,3553128,3955604,402476
RETRIEVE,2546593,2616261,69668
ADD,2723752,3209766,486014
DELETE,1102562,1400137,297575
ADD,3290342,3901852,611510
RETRIEVE,3927827,4074937,147110
DELETE,1791047,2156150,365103
RETRIEVE,391430,499656,108226
RETRIEVE,695260,781882,86622
RETRIEVE,938195,1061969,123774
RETRIEVE,231730,327444,95714
DELETE,1866957,2294410,427453
ADD,1867776,2452493,584717
RETRIEVE,2422716,2491722,69006
DELETE,2571501,2805429,233928
DELETE,2883573,3380778,497205
ADD,1091812,1610816,519004
DELETE,2943630,3472862,529232
ADD,1957741,2556077,598336
ADD,3599925,3919799,319874
DELETE,4202433,4279819,77386
DELETE,3158453,3638732,480279
RETRIEVE,1980703,2098963,118260
RETRIEVE,537161,656817,119656
RETRIEVE,4269349,4360123,90774
ADD,3529036,3841943,312907
RETRIEVE,22059,119137,97078
DELETE,2852696,3389840,537144
RETRIEVE,519561,613977,94416
ADD,3080527,3507517,426990
ADD,3725700,4151013,425313
ADD,1353827,1735134,381307
