type,start,end,duration
ADD,2887194,4571473,1684279
RETRIEVE,1268480,1537762,269282
RETRIEVE,2642499,2977969,335470
DELETE,2343658,3413602,1069944
ADD,2510689,3625435,1114746
DELETE,1316602,2203758,887156
ADD,3041543,4277376,1235833
ADD,655627,2253599,1597972
RETRIEVE,4108906,4320250,211344
DELETE,786704,2134442,1347738
RETRIEVE,3591064,3842142,251078
RETRIEVE,3526961,3840473,313512
RETRIEVE,360715,643545,282830
RETRIEVE,3988215,4211317,223102
DELETE,1395182,2309075,913893
ADD,3668627,4656608,987981
DELETE,2766938,4148269,1381331
RETRIEVE,474974,635396,160422
RETRIEVE,4026080,4320846,294766
RETRIEVE,660218,1027474,367256
RETRIEVE,3752926,4024778,271852
ADD,3660066,4887644,1227578
RETRIEVE,1638663,1938263,299600
ADD,3098413,4826643,1728230
RETRIEVE,1352262,1652142,299880
RETRIEVE,1199600,1378900,179300
RETRIEVE,1561010,1715114,154104
RETRIEVE,1638873,1884687,245814
DELETE,1245040,2749302,1504262
ADD,878772,2066078,1187306
RETRIEVE,2950506,3414946,464440
ADD,1665303,2374766,709463
ADD,3683598,4735930,1052332
RETRIEVE,3696022,4025882,329860
RETRIEVE,4152668,4411814,259146
DELETE,248779,1545720,1296941
RETRIEVE,1685339,1901071,215732
DELETE,3017322,3654485,637163
RETRIEVE,4066760,4247430,180670
RETRIEVE,2722150,2910334,188184
RETRIEVE,495492,877154,381662
ADD,1442729,2995898,1553169
DELETE,2531608,3190904,659296
DELETE,3269349,4682078,1412729
DELETE,1712929,3735250,2022321
RETRIEVE,41547,372511,330964
RETRIEVE,2771973,2994305,222332
RETRIEVE,1951257,2169321,218064
RETRIEVE,3786704,3964980,178276
RETRIEVE,957618,1268672,311054
ADD,1520362,2651229,1130867
DELETE,3048947,3944691,895744
DELETE,770181,1487065,716884
ADD,2935283,3943664,1008381
ADD,3232638,4189629,956991
ADD,494646,2108293,1613647
RETRIEVE,2125255,2381973,256718
RETRIEVE,3832752,4085092,252340
ADD,2222024,3274763,1052739
ADD,2657407,4053904,1396497
DELETE,1406660,2208305,801645
DELETE,101972,868931,766959
DELETE,1966538,3562166,1595628
ADD,3232687,4836606,1603919
ADD,2957618,4453838,1496220
RETRIEVE,4188138,4383822,195684
RETRIEVE,3688685,3944431,255746
RETRIEVE,618139,994587,376448
RETRIEVE,2287516,2506482,218966
ADD,1391545,2703940,1312395
ADD,2017220,3012140,994920
ADD,573673,1354760,781087
DELETE,1940969,3035741,1094772
DELETE,2726028,3688448,962420
RETRIEVE,1713694,1974766,261072
ADD,1952643,3196768,1244125
DELETE,2338607,3759701,1421094
ADD,726028,1712842,986814
ADD,1872757,2849129,976372
DELETE,2338846,3815305,1476459
RETRIEVE,2650880,2815254,164374
RETRIEVE,2628943,2837519,208576
RETRIEVE,4137610,4277952,140342
DELETE,1824686,4542842,2718156
ADD,1857388,3369117,1511729
DELETE,4175256,4665494,490238
RETRIEVE,2409581,2614477,204896
DELETE,3372638,4395815,1023177
ADD,1273584,2860346,1586762
RETRIEVE,292584,530832,238248
DELETE,1216080,2571026,1354946
ADD,441810,1594930,1153120
DELETE,3175517,4337345,1161828
RETRIEVE,368883,653387,284504
DELETE,723752,1772952,1049200
DELETE,2371455,3648487,1277032
DELETE,1992832,4173464,2180632
RETRIEVE,2782698,3065100,282402
RETRIEVE,3248475,3483421,234946
ADD,2750642,3954225,1203583
ADD,2840508,3960971,1120463
DELETE,684746,2047743,1362997
RETRIEVE,1969085,2109285,140200
DELETE,2800560,4288664,1488104
RETRIEVE,125953,443421,317468
DELETE,1474862,2075644,600782
RETRIEVE,2757136,3114304,357168
RETRIEVE,3469818,3718288,248470
ADD,3923652,4672906,749254
RETRIEVE,1449796,1758976,309180
ADD,3059781,4486647,1426866
RETRIEVE,1803388,1948408,145020
ADD,2090372,2801475,711103
RETRIEVE,3454491,3877139,422648
RETRIEVE,1292584,1592064,299480
DELETE,1266573,2149041,882468
DELETE,3674594,4675212,1000618
RETRIEVE,1175517,1514817,339300
RETRIEVE,1833995,2188305,354310
ADD,2799274,3501215,701941
ADD,2489436,3365697,876261
RETRIEVE,628943,853429,224486
RETRIEVE,3557627,3788971,231344
RETRIEVE,2235124,2589016,353892
RETRIEVE,926010,1292736,366726
DELETE,3426551,4124008,697457
DELETE,3668402,4654530,986128
DELETE,519561,1714538,1194977
RETRIEVE,4373920,4665120,291200
ADD,2012877,3383026,1370149
ADD,4098413,4862203,763790
DELETE,2184335,3843943,1659608
DELETE,3940064,4784112,844048
DELETE,3022059,4763259,1741200
ADD,51597,1089726,1038129
RETRIEVE,957741,1238197,280456
ADD,1336860,1968696,631836
ADD,532779,2259814,1727035
RETRIEVE,1808868,2264434,455566
RETRIEVE,1387998,1580114,192116
DELETE,3376799,4470858,1094059
DELETE,2069761,3219101,1149340
RETRIEVE,784938,1084866,299928
RETRIEVE,3726028,3980074,254046
DELETE,2669212,4026437,1357225
ADD,3476365,4080918,604553
RETRIEVE,555980,742176,186196
DELETE,1050246,2607232,1556986
ADD,320315,2029896,1709581
RETRIEVE,266573,468173,201600
DELETE,3230873,4498177,1267304
RETRIEVE,1785459,2079811,294352
RETRIEVE,1814131,1995555,181424
RETRIEVE,624441,891605,267164
DELETE,966310,2564856,1598546
DELETE,3639538,4637330,997792
DELETE,3345800,4649829,1304029
ADD,1086160,2446211,1360051
RETRIEVE,2620940,2781254,160314
RETRIEVE,3392900,3536252,143352
RETRIEVE,2190823,2376019,185196
RETRIEVE,2454119,2653525,199406
RETRIEVE,328661,506373,177712
DELETE,2591064,3400194,809130
ADD,2710256,4098786,1388530
RETRIEVE,4474746,4667282,192536
ADD,1990784,2563031,572247
DELETE,1047992,1154385,106393
RETRIEVE,2179608,2588302,408694
DELETE,1202026,2189275,987249
ADD,2791047,4221897,1430850
RETRIEVE,4240322,4394058,153736
RETRIEVE,3822670,4170592,347922
RETRIEVE,3756722,4108112,351390
RETRIEVE,2234438,2554512,320074
DELETE,3069220,3902818,833598
DELETE,736338,2208795,1472457
RETRIEVE,4181921,4424373,242452
RETRIEVE,852696,1073120,220424
RETRIEVE,3480389,3617145,136756
RETRIEVE,1022059,1335951,313892
DELETE,3632788,4474909,842121
RETRIEVE,1286197,1452743,166546
RETRIEVE,4326982,4521338,194356
RETRIEVE,3073972,3243866,169894
RETRIEVE,1054531,1253945,199414
ADD,313105,1410054,1096949
DELETE,1080926,1683542,602616
RETRIEVE,3494646,3883744,389098
DELETE,2700040,3655827,955787
ADD,2949072,4168572,1219500
RETRIEVE,75492,317126,241634
DELETE,1865608,3135821,1270213
ADD,459222,951276,492054
RETRIEVE,683598,959372,275774
DELETE,1623030,2655406,1032376
ADD,823567,1751959,928392
RETRIEVE,2698766,3010488,311722
ADD,3620235,4690429,1070194
ADD,3481414,4327204,845790
ADD,2618139,3493121,874982
RETRIEVE,1332146,1473102,140956
RETRIEVE,3390379,3580651,190272
DELETE,793656,2096564,1302908
RETRIEVE,2117384,2400648,283264
RETRIEVE,555759,883993,328234
RETRIEVE,1888816,2184414,295598
ADD,2240322,3527110,1286788
RETRIEVE,1904193,2286153,381960
ADD,91891,1424695,1332804
RETRIEVE,1618139,1867229,249090
DELETE,2608099,3434897,826798
RETRIEVE,3440478,3677006,236528
RETRIEVE,4106893,4299361,192468
RETRIEVE,852480,1108458,255978
DELETE,841965,2493578,1651613
RETRIEVE,4187450,4330268,142818
DELETE,3733298,4569740,836442
RETRIEVE,2391430,2647964,256534
RETRIEVE,3558562,3864522,305960
RETRIEVE,3050246,3387406,337160
DELETE,3466783,4131666,664883
RETRIEVE,321705,607081,285376
ADD,4209,1358961,1354752
ADD,2612426,3653983,1041557
ADD,1353707,2281450,927743
ADD,2101972,2837719,735747
ADD,3267072,4725734,1458662
ADD,1338906,3125817,1786911
RETRIEVE,1662506,1963272,300766
ADD,3603866,4669279,1065413
DELETE,2420905,4040491,1619586
RETRIEVE,4263333,4534595,271262
RETRIEVE,302389,531647,229258
DELETE,92225,1431338,1339113
ADD,4498305,4760990,262685
RETRIEVE,4171355,4486031,314676
RETRIEVE,2623561,2994367,370806
DELETE,2065825,2926623,860798
ADD,1929131,3278676,1349545
ADD,3111496,3466408,354912
ADD,618971,1660667,1041696
RETRIEVE,1338607,1642357,303750
DELETE,2786704,4022833,1236129
ADD,2372638,3640378,1267740
RETRIEVE,2876977,3168579,291602
RETRIEVE,3287708,3446744,159036
ADD,2387178,3628079,1240901
ADD,1254033,2957277,1703244
RETRIEVE,4140994,4413328,272334
DELETE,665303,1613873,948570
RETRIEVE,2603866,2807330,203464
ADD,2455987,3255983,799996
DELETE,1208599,2622245,1413646
DELETE,2820435,3941778,1121343
RETRIEVE,4192565,4562903,370338
ADD,1069220,2059443,990223
RETRIEVE,2476365,2770505,294140
ADD,2857388,4179418,1322030
RETRIEVE,4232165,4501021,268856
RETRIEVE,4306138,4607118,300980
RETRIEVE,1935283,2205225,269942
ADD,3368883,4528812,1159929
ADD,135422,1804322,1668900
DELETE,1387488,2351289,963801
DELETE,182324,1639216,1456892
RETRIEVE,43102,301706,258604
DELETE,2972704,4364866,1392162
RETRIEVE,3234438,3415984,181546
ADD,2210721,2810938,600217
RETRIEVE,1794161,1953983,159822
RETRIEVE,2937063,3201441,264378
DELETE,2582433,3954759,1372326
ADD,2218645,4093596,1874951
RETRIEVE,2225113,2532183,307070
DELETE,2030542,3316144,1285602
ADD,2216080,3544502,1328422
RETRIEVE,1935942,2211966,276024
RETRIEVE,1479190,1691224,212034
DELETE,2074989,3325126,1250137
ADD,2348739,4117445,1768706
RETRIEVE,943630,1232188,288558
ADD,23468,1131989,1108521
DELETE,2012345,3494974,1482629
RETRIEVE,3741049,3960571,219522
RETRIEVE,220705,346557,125852
RETRIEVE,4277539,4516563,239024
RETRIEVE,889091,1137811,248720
RETRIEVE,3069292,3397598,328306
DELETE,2305699,3038703,733004
RETRIEVE,4124349,4276335,151986
DELETE,3573673,4818613,1244940
DELETE,245407,1591571,1346164
ADD,2192272,3212799,1020527
DELETE,1974865,3316387,1341522
DELETE,955854,2573300,1617446
DELETE,1668387,2923546,1255159
RETRIEVE,1210771,1491215,280444
DELETE,2992914,3730977,738063
ADD,2866957,3633221,766264
RETRIEVE,3697729,3963901,266172
RETRIEVE,2628629,2777023,148394
ADD,1905563,3158174,1252611
RETRIEVE,3900770,4007508,106738
RETRIEVE,3090303,3370181,279878
RETRIEVE,1668627,1818689,150062
RETRIEVE,181793,463959,282166
DELETE,2390379,3409729,1019350
ADD,1219575,2200839,981264
ADD,2480389,3182079,701690
DELETE,3770181,4535101,764920
ADD,2091070,3363470,1272400
DELETE,1695260,2386296,691036
DELETE,300968,1161868,860900
RETRIEVE,3865608,4061912,196304
DELETE,2866274,4618397,1752123
DELETE,2146205,3557210,1411005
RETRIEVE,1558786,1794164,235378
RETRIEVE,4111496,4284968,173472
RETRIEVE,520773,781151,260378
DELETE,3487338,4705763,1218425
DELETE,1498305,2135765,637460
RETRIEVE,4071912,4413384,341472
RETRIEVE,1766685,2024019,257334
RETRIEVE,647270,844328,197058
DELETE,941547,1986977,1045430
ADD,2921018,3861324,940306
RETRIEVE,3990723,4281421,290698
ADD,1092225,3284567,2192342
RETRIEVE,362585,626259,263674
DELETE,1833100,2816652,983552
ADD,2356360,4097384,1741024
RETRIEVE,2833995,3036801,202806
RETRIEVE,2326982,2723568,396586
ADD,2001580,3347957,1346377
DELETE,2667312,4068432,1401120
RETRIEVE,3334940,3524986,190046
RETRIEVE,4656856,4895630,238774
RETRIEVE,4596907,4824125,227218
RETRIEVE,1557544,1899252,341708
RETRIEVE,1630485,1901537,271052
RETRIEVE,3151573,3316891,165318
RETRIEVE,3890859,4249511,358652
DELETE,2441699,2917744,476045
RETRIEVE,1012344,1308804,296460
DELETE,3523972,4000462,476490
RETRIEVE,3484488,3767922,283434
RETRIEVE,3569967,3724119,154152
RETRIEVE,1069761,1354671,284910
ADD,1430458,2528806,1098348
RETRIEVE,3044241,3262159,217918
RETRIEVE,3423714,3688204,264490
DELETE,4054014,4548255,494241
RETRIEVE,3194299,3385099,190800
ADD,3469104,4709477,1240373
RETRIEVE,656726,1006860,350134
DELETE,2472067,3075526,603459
DELETE,2176751,3921388,1744637
ADD,959787,2090487,1130700
RETRIEVE,1852696,2103922,251226
ADD,2033379,3167840,1134461
RETRIEVE,3222510,3407226,184716
RETRIEVE,2171537,2462493,290956
RETRIEVE,2887642,3128508,240866
RETRIEVE,3292039,3647657,355618
ADD,853326,1975808,1122482
ADD,3205650,4446208,1240558
RETRIEVE,1621395,1950753,329358
DELETE,729657,1994960,1265303
DELETE,660228,2555644,1895416
ADD,2639916,3542441,902525
RETRIEVE,1224296,1579848,355552
ADD,725700,1617164,891464
RETRIEVE,3913967,4073637,159670
RETRIEVE,2680498,2852930,172432
DELETE,1983810,3049427,1065617
RETRIEVE,3144877,3479859,334982
ADD,1343658,1919287,575629
DELETE,2991418,4421601,1430183
RETRIEVE,327392,532438,205046
DELETE,2785459,3951438,1165979
RETRIEVE,1499537,1677437,177900
ADD,1290271,2448523,1158252
RETRIEVE,3757136,4187210,430074
ADD,222510,1597013,1374503
DELETE,1847911,2777489,929578
ADD,3098653,3680869,582216
DELETE,2155379,3698181,1542802
ADD,1184335,1695641,511306
ADD,2137258,4059727,1922469
RETRIEVE,3101557,3455919,354362
ADD,1234315,2633258,1398943
RETRIEVE,1986829,2288581,301752
RETRIEVE,463367,819535,356168
RETRIEVE,4426551,4592561,166010
ADD,224296,1551856,1327560
DELETE,922123,2027077,1104954
DELETE,2608160,4065414,1457254
ADD,3352262,3977363,625101
RETRIEVE,3735916,4099668,363752
ADD,469818,1665730,1195912
DELETE,685047,2037390,1352343
RETRIEVE,1406064,1610944,204880
DELETE,3687328,4441956,754628
RETRIEVE,3317878,3561834,243956
ADD,1481414,2411288,929874
DELETE,1701390,3151510,1450120
ADD,3338846,4702065,1363219
RETRIEVE,581104,967928,386824
DELETE,287516,1570542,1283026
DELETE,1440478,2777145,1336667
RETRIEVE,188298,411780,223482
DELETE,657407,1909759,1252352
ADD,1940663,3576109,1635446
ADD,680498,1607787,927289
DELETE,3074989,4051593,976604
RETRIEVE,1652752,1794198,141446
ADD,1572706,3146905,1574199
ADD,899725,2240710,1340985
RETRIEVE,1372638,1653206,280568
RETRIEVE,2597461,2917277,319816
DELETE,3095066,4360351,1265285
RETRIEVE,763060,1065938,302878
RETRIEVE,1534467,1747613,213146
DELETE,3593714,4594869,1001155
RETRIEVE,4338906,4622892,283986
RETRIEVE,1250930,1490816,239886
RETRIEVE,3268480,3495260,226780
RETRIEVE,1211193,1556627,345434
RETRIEVE,1958454,2062950,104496
ADD,2776142,4538271,1762129
RETRIEVE,2957741,3196941,239200
RETRIEVE,2089776,2388036,298260
RETRIEVE,2348464,2672446,323982
ADD,2430458,3592991,1162533
RETRIEVE,2274588,2484604,210016
RETRIEVE,4230873,4489853,258980
RETRIEVE,4266573,4552107,285534
ADD,1507148,2940101,1432953
ADD,3051597,3641799,590202
DELETE,2481414,3806695,1325281
ADD,2685339,4313995,1628656
DELETE,497774,1594019,1096245
RETRIEVE,4203874,4492176,288302
RETRIEVE,287708,613570,325862
RETRIEVE,1931566,2112926,181360
RETRIEVE,2231730,2383926,152196
ADD,1992015,3522671,1530656
DELETE,2989124,4218768,1229644
DELETE,2520362,3746523,1226161
ADD,1052829,2303254,1250425
ADD,1931422,3191519,1260097
RETRIEVE,1502047,1760247,258200
DELETE,561010,2063243,1502233
DELETE,2936712,4567989,1631277
ADD,1735916,3114505,1378589
RETRIEVE,4403,368483,364080
RETRIEVE,4075535,4421377,345842
DELETE,608580,1639326,1030746
RETRIEVE,1098413,1335315,236902
ADD,1475300,2863163,1387863
DELETE,2014863,3449660,1434797
DELETE,544894,1629698,1084804
DELETE,1202689,2579453,1376764
RETRIEVE,1834660,1990270,155610
ADD,363551,1389071,1025520
RETRIEVE,4544894,4808640,263746
ADD,1182425,1985672,803247
RETRIEVE,2174069,2422971,248902
DELETE,3238339,3709733,471394
RETRIEVE,1035079,1309841,274762
ADD,2418165,4335140,1916975
DELETE,2574515,3946035,1371520
ADD,3746733,4531294,784561
RETRIEVE,1213881,1490837,276956
ADD,1765420,3249365,1483945
ADD,254258,1460435,1206177
DELETE,455987,1913491,1457504
RETRIEVE,3422546,3701136,278590
RETRIEVE,219557,447389,227832
ADD,2055050,4092203,2037153
RETRIEVE,4620665,4790663,169998
DELETE,292197,1348809,1056612
ADD,808868,3054861,2245993
DELETE,2790905,3503027,712122
RETRIEVE,2544366,2657412,113046
DELETE,1248779,2119852,871073
DELETE,1981288,4193947,2212659
RETRIEVE,1174069,1436163,262094
RETRIEVE,4419781,4735231,315450
RETRIEVE,4463149,4778755,315606
DELETE,2132085,3321253,1189168
RETRIEVE,1373920,1600764,226844
DELETE,3102562,3582507,479945
ADD,3065825,4105112,1039287
DELETE,2651156,4743878,2092722
ADD,3219557,4324279,1104722
RETRIEVE,1983284,2416082,432798
RETRIEVE,2693962,2969124,275162
ADD,2438780,3804649,1365869
DELETE,604031,2549300,1945269
ADD,1664519,2858208,1193689
ADD,2846038,4391554,1545516
ADD,1408733,2963986,1555253
RETRIEVE,3996456,4179054,182598
RETRIEVE,1368883,1675723,306840
RETRIEVE,1546593,1834351,287758
RETRIEVE,4137485,4469331,331846
ADD,682992,1700675,1017683
RETRIEVE,1613996,1950094,336098
ADD,2432720,4160135,1727415
RETRIEVE,4101557,4369419,267862
RETRIEVE,1419838,1756470,336632
DELETE,2497336,3651447,1154111
ADD,359822,1252481,892659
ADD,3520362,4377436,857074
DELETE,1337065,2832627,1495562
DELETE,2095175,4082995,1987820
ADD,2366014,3168604,802590
ADD,2668402,3856829,1188427
RETRIEVE,3667312,3945322,278010
RETRIEVE,3537440,3750878,213438
DELETE,3217713,4307029,1089316
RETRIEVE,2243200,2468538,225338
RETRIEVE,4041964,4232752,190788
ADD,3364293,4855538,1491245
RETRIEVE,3840508,4157294,316786
DELETE,230632,1138707,908075
ADD,2497882,3684530,1186648
RETRIEVE,1401771,1607467,205696
RETRIEVE,3401771,3699521,297750
RETRIEVE,748056,1031116,283060
DELETE,3498305,4155396,657091
RETRIEVE,620940,849858,228918
RETRIEVE,2979265,3373297,394032
RETRIEVE,2349264,2611518,262254
ADD,1222510,2652832,1430322
DELETE,3596907,4648887,1051980
ADD,2665991,3882804,1216813
ADD,921018,1878574,957556
RETRIEVE,3233426,3634512,401086
RETRIEVE,314363,583001,268638
DELETE,2663943,3661364,997421
ADD,1558562,3264150,1705588
DELETE,1646944,2445365,798421
RETRIEVE,4205168,4550066,344898
RETRIEVE,3257338,3511058,253720
RETRIEVE,1859382,2104524,245142
ADD,716356,1816242,1099886
DELETE,557627,1535102,977475
ADD,2409780,4166341,1756561
RETRIEVE,2025947,2059403,33456
ADD,348739,2390321,2041582
RETRIEVE,4123538,4316552,193014
DELETE,660066,1517177,857111
ADD,2193572,3114450,920878
RETRIEVE,2542006,2728644,186638
RETRIEVE,3233581,3403073,169492
ADD,3190823,4498724,1307901
RETRIEVE,4758764,4885216,126452
RETRIEVE,2129491,2382773,253282
ADD,2624441,4379862,1755421
RETRIEVE,3210721,3372823,162102
ADD,3593556,4501446,907890
RETRIEVE,1688909,2111381,422472
RETRIEVE,1684130,1987188,303058
DELETE,1521008,2237651,716643
ADD,3140994,4772911,1631917
RETRIEVE,4380026,4659886,279860
ADD,2306506,3283592,977086
RETRIEVE,1187450,1397338,209888
RETRIEVE,1647330,1907052,259722
RETRIEVE,238523,470451,231928
RETRIEVE,1119847,1343675,223828
ADD,889131,2410662,1521531
DELETE,2859382,4110094,1250712
ADD,2558310,3733424,1175114
DELETE,2239967,3209530,969563
ADD,2696765,3810038,1113273
DELETE,992015,2174105,1182090
RETRIEVE,2770725,3097959,327234
RETRIEVE,1267984,1464266,196282
DELETE,560385,1576085,1015700
ADD,2789846,4646426,1856580
DELETE,264427,1689616,1425189
ADD,1625100,3136486,1511386
RETRIEVE,1210721,1414331,203610
ADD,2652241,3578233,925992
ADD,3290271,4581969,1291698
RETRIEVE,3866957,4051315,184358
DELETE,3758764,4889640,1130876
ADD,1233781,2662491,1428710
ADD,2264427,3345562,1081135
ADD,639538,1851802,1212264
RETRIEVE,777612,1004224,226612
RETRIEVE,1528439,1787617,259178
DELETE,1692556,3781590,2089034
ADD,2754973,3848115,1093142
RETRIEVE,2343889,2594067,250178
ADD,90969,995950,904981
RETRIEVE,2855776,3129624,273848
ADD,2171355,3785715,1614360
RETRIEVE,3887283,4117355,230072
RETRIEVE,3455987,3819353,363366
RETRIEVE,4190823,4437329,246506
RETRIEVE,3231730,3450090,218360
DELETE,4233781,4257016,23235
DELETE,220884,1671606,1450722
RETRIEVE,2766685,2923239,156554
DELETE,1992864,3216940,1224076
RETRIEVE,3202026,3312264,110238
RETRIEVE,4459222,4682894,223672
RETRIEVE,701414,973028,271614
ADD,4002345,4550042,547697
ADD,931886,2576893,1645007
DELETE,702088,2677976,1975888
ADD,2872085,4120388,1248303
ADD,4073972,4737419,663447
ADD,2495492,3748214,1252722
DELETE,812737,2226383,1413646
DELETE,3222024,4758100,1536076
DELETE,531608,1229166,697558
RETRIEVE,1526961,1917507,390546
ADD,581828,2047503,1465675
ADD,316602,1787002,1470400
ADD,2763060,4337611,1574551
ADD,1318801,2781187,1462386
DELETE,1580,1601719,1600139
DELETE,3265417,4309290,1043873
DELETE,3307284,4860101,1552817
RETRIEVE,1305930,1541142,235212
RETRIEVE,80782,294918,214136
DELETE,2091812,3284399,1192587
RETRIEVE,665023,917915,252892
ADD,2986829,4502338,1515509
RETRIEVE,1478322,1878452,400130
DELETE,1777558,2767373,989815
DELETE,3188138,4685322,1497184
ADD,1497882,2587911,1090029
RETRIEVE,3979265,4216479,237214
RETRIEVE,2756722,3077396,320674
DELETE,2751831,3363341,611510
DELETE,1155206,2345059,1189853
DELETE,2711280,4541512,1830232
ADD,231610,1557614,1326004
RETRIEVE,1484488,1675710,191222
ADD,294154,1693236,1399082
ADD,1602460,2528619,926159
DELETE,2537231,3694890,1157659
RETRIEVE,463149,660533,197384
RETRIEVE,3287837,3544525,256688
DELETE,1342738,2381497,1038759
DELETE,2463149,3725163,1262014
RETRIEVE,3225100,3485876,260776
DELETE,1947385,2934662,987277
DELETE,1216750,2215774,999024
RETRIEVE,2028023,2234565,206542
RETRIEVE,3254033,3627379,373346
DELETE,1218034,1989801,771767
DELETE,3606602,4856165,1249563
ADD,2382928,3532416,1149488
DELETE,826758,1564700,737942
RETRIEVE,1581017,1939785,358768
RETRIEVE,789195,1132329,343134
RETRIEVE,1478968,1714062,235094
ADD,3403856,4683556,1279700
RETRIEVE,1841241,2126883,285642
RETRIEVE,729694,1049248,319554
DELETE,1820435,3165125,1344690
RETRIEVE,3146314,3372754,226440
RETRIEVE,1066760,1285968,219208
DELETE,1928646,2974076,1045430
DELETE,1035470,1941887,906417
RETRIEVE,478600,777294,298694
RETRIEVE,3845394,4047352,201958
RETRIEVE,2245040,2522924,277884
DELETE,422716,691886,269170
RETRIEVE,4557244,4721330,164086
ADD,982500,2855987,1873487
RETRIEVE,4346194,4544100,197906
DELETE,3581828,4823247,1241419
RETRIEVE,935942,1119590,183648
ADD,1867824,2969387,1101563
ADD,1947266,3050034,1102768
RETRIEVE,666804,877870,211066
DELETE,2941547,3858812,917265
RETRIEVE,3979461,4114065,134604
DELETE,3618347,4457772,839425
RETRIEVE,294055,499545,205490
DELETE,440478,1868215,1427737
DELETE,1742657,3053523,1310866
DELETE,669572,2445523,1775951
ADD,2713114,4028519,1315405
RETRIEVE,3090372,3321926,231554
DELETE,1915029,2947655,1032626
ADD,2175517,3414648,1239131
RETRIEVE,1080527,1502999,422472
RETRIEVE,280987,380721,99734
ADD,1334940,2242042,907102
RETRIEVE,2232687,2678245,445558
RETRIEVE,2085239,2361077,275838
ADD,665991,1477836,811845
DELETE,2321705,3240054,918349
RETRIEVE,1639916,1877156,237240
ADD,2628429,3694732,1066303
RETRIEVE,2082442,2425022,342580
ADD,2701414,3987757,1286343
ADD,2090969,3231202,1140233
ADD,771973,1726009,954036
DELETE,1544366,2037810,493444
RETRIEVE,1264427,1561519,297092
RETRIEVE,1880313,2106127,225814
ADD,1305699,2103517,797818
RETRIEVE,983600,1367036,383436
DELETE,4100097,4591771,491674
RETRIEVE,1287837,1506661,218824
RETRIEVE,4209951,4542981,333030
ADD,154229,2156409,2002180
RETRIEVE,376799,642323,265524
ADD,1363551,2459880,1096329
DELETE,1546883,3152535,1605652
DELETE,3823567,4388644,565077
RETRIEVE,121552,452824,331272
DELETE,1097897,2299646,1201749
DELETE,1706061,2502499,796438
ADD,432720,2762473,2329753
ADD,664519,2074329,1409810
DELETE,2497774,3673805,1176031
ADD,2345800,3905491,1559691
ADD,2793600,3938067,1144467
RETRIEVE,1980104,2327152,347048
RETRIEVE,194170,451908,257738
RETRIEVE,1245407,1489953,244546
RETRIEVE,3638873,3701131,62258
ADD,1368838,2485104,1116266
ADD,979265,2010168,1030903
RETRIEVE,4264427,4466501,202074
ADD,2692556,3692655,1000099
RETRIEVE,986829,1294911,308082
ADD,1913967,2899808,985841
RETRIEVE,2557544,2781784,224240
DELETE,2100097,3245629,1145532
DELETE,2771967,3837992,1066025
RETRIEVE,1593714,1749960,156246
RETRIEVE,1137610,1315046,177436
DELETE,2505569,3838484,1332915
ADD,2387488,3475942,1088454
ADD,2865608,4588428,1722820
RETRIEVE,3570513,3730617,160104
ADD,2549798,3301498,751700
DELETE,2940663,4406755,1466092
RETRIEVE,1055050,1497398,442348
ADD,2937249,4409317,1472068
RETRIEVE,1624441,1903913,279472
RETRIEVE,512870,604552,91682
ADD,2993065,4039041,1045976
ADD,3391430,4707947,1316517
ADD,1952547,2637015,684468
RETRIEVE,292039,634075,342036
ADD,1194299,2552571,1358272
ADD,1573673,2262838,689165
ADD,1949514,3049048,1099534
RETRIEVE,2476459,2663305,186846
RETRIEVE,2041964,2270458,228494
RETRIEVE,3475300,3698670,223370
DELETE,2344067,3912300,1568233
RETRIEVE,874783,1180139,305356
DELETE,2865406,4571096,1705690
DELETE,248459,1479113,1230654
RETRIEVE,286197,456235,170038
RETRIEVE,3260841,3460967,200126
RETRIEVE,1265417,1426271,160854
RETRIEVE,3659908,4038410,378502
RETRIEVE,2879213,3212507,333294
DELETE,1937063,2508134,571071
ADD,3630485,4560396,929911
ADD,1596907,2633943,1037036
DELETE,2056428,3253971,1197543
RETRIEVE,3502047,3662057,160010
RETRIEVE,2029366,2409310,379944
ADD,1069292,2235132,1165840
RETRIEVE,4129491,4274991,145500
DELETE,1233072,2242630,1009558
RETRIEVE,696022,939938,243916
RETRIEVE,1752398,1978406,226008
ADD,1478600,2562496,1083896
RETRIEVE,1858771,1981289,122518
DELETE,2640637,4467256,1826619
DELETE,1371455,2910884,1539429
RETRIEVE,3620339,3923077,302738
ADD,2359822,4470850,2111028
RETRIEVE,59997,312615,252618
DELETE,2974725,4542809,1568084
RETRIEVE,4238339,4523145,284806
ADD,917240,2207678,1290438
DELETE,3495492,4337317,841825
RETRIEVE,4178172,4459464,281292
DELETE,2248779,3192522,943743
RETRIEVE,1681454,2027680,346226
ADD,2080782,3516829,1436047
RETRIEVE,1530606,1746352,215746
DELETE,98413,1173786,1075373
RETRIEVE,625578,848350,222772
ADD,1618971,3064450,1445479
RETRIEVE,3202433,3477523,275090
DELETE,3398856,4368502,969646
ADD,2746733,4051457,1304724
RETRIEVE,447104,794158,347054
DELETE,3320315,4560780,1240465
DELETE,1248475,3279051,2030576
RETRIEVE,2367359,2571131,203772
ADD,645909,2061046,1415137
RETRIEVE,1029366,1029366,0
ADD,1905304,2979935,1074631
DELETE,1663709,2796391,1132682
RETRIEVE,1993185,2339731,346546
RETRIEVE,2789195,3003927,214732
RETRIEVE,3822639,4010515,187876
RETRIEVE,94945,355083,260138
RETRIEVE,2677690,2907242,229552
RETRIEVE,1876977,2148179,271202
DELETE,2543750,3400981,857231
DELETE,3438780,4765451,1326671
ADD,1653848,2793794,1139946
ADD,3049450,3479645,430195
RETRIEVE,1872574,2147294,274720
RETRIEVE,3629706,3825224,195518
ADD,3245040,3876571,631531
ADD,497882,2120349,1622467
RETRIEVE,2593556,2811204,217648
RETRIEVE,3192811,3334139,141328
ADD,3729330,4794576,1065246
RETRIEVE,3472067,3608967,136900
DELETE,2040388,3045471,1005083
ADD,3382928,4609385,1226457
ADD,3170722,4164048,993326
DELETE,255133,1531693,1276560
RETRIEVE,2467956,2608288,140332
RETRIEVE,2528118,3020164,492046
RETRIEVE,1754973,2040601,285628
DELETE,1628943,2556529,927586
ADD,152247,1802572,1650325
RETRIEVE,3406064,3613382,207318
RETRIEVE,2302389,2522401,220012
RETRIEVE,2928646,3195456,266810
ADD,1122345,2591550,1469205
DELETE,1354113,2927006,1572893
DELETE,2660218,4118658,1458440
ADD,1409581,2308966,899385
RETRIEVE,3283119,3579341,296222
ADD,1673610,2900614,1227004
DELETE,983810,2210962,1227152
ADD,1799274,2620615,821341
ADD,642499,1739411,1096912
RETRIEVE,534819,939925,405106
RETRIEVE,1890859,2186915,296056
DELETE,205168,1772456,1567288
RETRIEVE,2267072,2448952,181880
RETRIEVE,1320315,1537519,217204
RETRIEVE,1038953,1300699,261746
RETRIEVE,2889131,3111823,222692
ADD,1299459,1998796,699337
RETRIEVE,3537231,3817931,280700
RETRIEVE,983783,1345161,361378
RETRIEVE,2817254,2971602,154348
RETRIEVE,2188298,2434546,246248
RETRIEVE,1243006,1701782,458776
ADD,1171537,2116679,945142
RETRIEVE,4074989,4439073,364084
ADD,1950506,3591993,1641487
DELETE,733298,1833573,1100275
RETRIEVE,546883,863577,316694
DELETE,274588,1150543,875955
ADD,1420691,2409218,988527
RETRIEVE,2949750,3190910,241160
DELETE,758764,1614874,856110
ADD,307284,1465055,1157771
RETRIEVE,281639,528799,247160
RETRIEVE,1201761,1351059,149298
ADD,3679816,4460792,780976
ADD,3231610,4805735,1574125
ADD,2978846,3769142,790296
ADD,496826,1244607,747781
DELETE,17220,2001427,1984207
RETRIEVE,240322,477494,237172
RETRIEVE,3978846,4177426,198580
RETRIEVE,44241,299487,255246
ADD,2188138,3414901,1226763
RETRIEVE,3403487,3654061,250574
DELETE,135287,1447987,1312700
ADD,1713114,2957053,1243939
ADD,1108455,2490704,1382249
RETRIEVE,59144,215036,155892
RETRIEVE,414571,670791,256220
RETRIEVE,3758123,3963879,205756
ADD,1039678,2083653,1043975
RETRIEVE,3343658,3554474,210816
ADD,2571196,3943532,1372336
DELETE,489436,1596669,1107233
DELETE,2197135,3397337,1200202
RETRIEVE,2427080,2601150,174070
ADD,2332698,3711528,1378830
RETRIEVE,3651126,3931788,280662
ADD,620339,2022617,1402278
RETRIEVE,751831,894907,143076
RETRIEVE,476365,750817,274452
RETRIEVE,1220884,1557346,336462
ADD,1758764,2594650,835886
RETRIEVE,3803388,3934832,131444
RETRIEVE,1567514,1784164,216650
RETRIEVE,3818101,4119663,301562
RETRIEVE,662506,975298,312792
RETRIEVE,1787903,1996089,208186
DELETE,3059997,4386344,1326347
RETRIEVE,3974925,4336371,361446
RETRIEVE,1848537,2041525,192988
ADD,1674059,2765302,1091243
ADD,408733,1796809,1388076
DELETE,912016,2975564,2063548
RETRIEVE,981288,1422242,440954
ADD,1035467,2303068,1267601
ADD,2254258,3345047,1090789
RETRIEVE,1063717,1338083,274366
ADD,3612978,4679373,1066395
ADD,3268180,4472912,1204732
RETRIEVE,3233072,3395174,162102
DELETE,2019887,3720305,1700418
DELETE,2181389,3560099,1378710
ADD,261066,2246255,1985189
RETRIEVE,4082442,4572070,489628
ADD,1785889,4185783,2399894
ADD,1422546,2531613,1109067
RETRIEVE,3349264,3603388,254124
RETRIEVE,4454491,4779335,324844
DELETE,2059144,3525579,1466435
ADD,1606602,2768319,1161717
RETRIEVE,3937063,4074241,137178
RETRIEVE,2674059,2948521,274462
DELETE,818101,1926103,1108002
ADD,2238523,3177143,938620
ADD,1001580,1963713,962133
DELETE,14179,1495872,1481693
DELETE,606602,1768319,1161717
ADD,397129,1268776,871647
RETRIEVE,3949514,4212958,263444
RETRIEVE,3622727,3946147,323420
DELETE,834660,1850342,1015682
ADD,2878772,4522492,1643720
RETRIEVE,2202026,2468714,266688
ADD,2373920,3251570,877650
RETRIEVE,1467956,1769340,301384
ADD,339671,1511635,1171964
RETRIEVE,2474862,2853638,378776
RETRIEVE,1292039,1491971,199932
RETRIEVE,2502047,2751365,249318
ADD,2956235,3856676,900441
RETRIEVE,620665,860447,239782
DELETE,1956235,2347001,390766
RETRIEVE,596907,903399,306492
DELETE,2012344,3776270,1763926
RETRIEVE,409780,651256,241476
RETRIEVE,629706,900996,271290
DELETE,3453755,4829435,1375680
ADD,1667799,3626557,1958758
ADD,625100,2083354,1458254
RETRIEVE,3940340,4363902,423562
ADD,2255715,3824902,1569187
ADD,733491,2906508,2173017
RETRIEVE,3014179,3294151,279972
ADD,2121175,3507945,1386770
DELETE,2905304,4064261,1158957
ADD,124349,1439680,1315331
RETRIEVE,1313105,1488897,175792
DELETE,1321705,2877171,1555466
RETRIEVE,872574,1195802,323228
DELETE,3088935,4406277,1317342
RETRIEVE,663943,940723,276780
RETRIEVE,1419137,1487999,68862
ADD,2248475,3554829,1306354
ADD,848537,2110079,1261542
DELETE,54531,1791840,1737309
ADD,1940340,3576815,1636475
DELETE,338846,1544301,1205455
RETRIEVE,558943,706163,147220
RETRIEVE,3555759,3682079,126320
RETRIEVE,1974925,2281919,306994
ADD,1608160,2462594,854434
ADD,1696022,2426960,730938
ADD,2038953,3429604,1390651
DELETE,1344067,2501828,1157761
RETRIEVE,4336860,4597698,260838
RETRIEVE,3972228,4321550,349322
RETRIEVE,2546883,2732763,185880
DELETE,1793600,2914943,1121343
DELETE,3397129,4351749,954620
DELETE,1392900,1617823,224923
ADD,2858771,3830280,971509
RETRIEVE,2608580,2943134,334554
ADD,1771973,2971980,1200007
RETRIEVE,1530951,1886859,355908
ADD,377612,1932383,1554771
DELETE,3121175,4602007,1480832
DELETE,387178,1345188,958010
RETRIEVE,2508940,2724330,215390
RETRIEVE,4354113,4523433,169320
ADD,3418027,4287784,869757
ADD,3053446,4545756,1492310
RETRIEVE,2250930,2457418,206488
RETRIEVE,2108455,2420559,312104
ADD,2836291,3953233,1116942
DELETE,3171537,4660929,1489392
DELETE,158453,1780651,1622198
ADD,947385,2568573,1621188
DELETE,657545,2421786,1764241
DELETE,3555980,4730612,1174632
RETRIEVE,235124,497448,262324
DELETE,1459222,2613583,1154361
RETRIEVE,4367359,4576137,208778
RETRIEVE,1179608,1571946,392338
ADD,1874783,3566353,1691570
RETRIEVE,1026046,1262846,236800
RETRIEVE,3354539,3686495,331956
ADD,1152247,2655332,1503085
DELETE,3620665,4509146,888481
RETRIEVE,1900859,2133469,232610
ADD,3435737,4788849,1353112
RETRIEVE,2899897,3126549,226652
RETRIEVE,3608099,3886079,277980
DELETE,2403487,3784902,1381415
RETRIEVE,2474746,2696038,221292
ADD,254666,1293963,1039297
ADD,836291,1574048,737757
RETRIEVE,3054014,3265146,211132
DELETE,1090372,1873627,783255
RETRIEVE,3525518,3753304,227786
RETRIEVE,4665991,4860615,194624
ADD,387488,1155290,767802
ADD,225113,1492566,1267453
DELETE,2947385,4061298,1113913
RETRIEVE,144980,437672,292692
RETRIEVE,1725700,1926774,201074
RETRIEVE,621395,824851,203456
RETRIEVE,3325970,3546696,220726
RETRIEVE,4059144,4296222,237078
RETRIEVE,1193572,1419780,226208
RETRIEVE,3625578,4012584,387006
RETRIEVE,3475922,3777870,301948
DELETE,1082318,2681466,1599148
RETRIEVE,418165,822613,404448
RETRIEVE,3184335,3516687,332352
RETRIEVE,3921018,4081210,160192
DELETE,2222510,3355989,1133479
RETRIEVE,822670,1085330,262660
RETRIEVE,4004836,4291836,287000
ADD,2088305,3268885,1180580
ADD,3940969,4840215,899246
RETRIEVE,1225100,1599728,374628
ADD,2942984,3970191,1027207
RETRIEVE,2144877,2534801,389924
DELETE,2310715,3364640,1053925
ADD,2071666,3702443,1630777
RETRIEVE,1528118,2037746,509628
DELETE,2534467,4029594,1495127
ADD,2408733,4218842,1810109
ADD,343658,1111700,768042
RETRIEVE,2520926,2844342,323416
ADD,1117384,2258877,1141493
DELETE,2887836,4856414,1968578
RETRIEVE,3041964,3208572,166608
RETRIEVE,2469104,2734770,265666
RETRIEVE,1151893,1370725,218832
DELETE,502047,1307231,805184
RETRIEVE,1746733,2009863,263130
ADD,56048,1676338,1620290
ADD,100097,1258757,1158660
RETRIEVE,2655627,2989353,333726
ADD,3091812,3886314,794502
RETRIEVE,4546780,4670964,124184
DELETE,712803,1869740,1156937
RETRIEVE,2353827,2691317,337490
RETRIEVE,667312,944606,277294
RETRIEVE,549798,875690,325892
DELETE,77467,769782,692315
DELETE,1343810,1767474,423664
RETRIEVE,454119,634455,180336
RETRIEVE,4181793,4414011,232218
RETRIEVE,213881,471771,257890
RETRIEVE,4257338,4697304,439966
DELETE,3776142,4774008,997866
DELETE,3632401,4804226,1171825
ADD,2629706,3774970,1145264
ADD,175256,1087352,912096
ADD,822639,1771403,948764
ADD,2683598,4037775,1354177
ADD,2681038,4062481,1381443
DELETE,1784087,2999149,1215062
DELETE,2066760,2875446,808686
DELETE,2867776,3793092,925316
RETRIEVE,433245,726369,293124
RETRIEVE,1963467,2135635,172168
DELETE,1203874,2277051,1073177
RETRIEVE,348464,702496,354032
ADD,2992864,4484943,1492079
ADD,1685030,2849944,1164914
RETRIEVE,2983810,3308126,324316
ADD,3278083,4646518,1368435
RETRIEVE,1949750,2185208,235458
DELETE,2395182,3477169,1081987
RETRIEVE,3667641,3946615,278974
DELETE,2172560,3070555,897995
RETRIEVE,3292584,3615076,322492
RETRIEVE,652752,819086,166334
DELETE,2493852,3920477,1426625
DELETE,1055030,2566749,1511719
ADD,2612426,3953503,1341077
RETRIEVE,2940064,3174528,234464
RETRIEVE,4561010,4806138,245128
RETRIEVE,3302389,3558591,256202
ADD,2083468,3494409,1410941
RETRIEVE,4395182,4716002,320820
RETRIEVE,4017694,4272434,254740
ADD,681062,1905815,1224753
ADD,2887283,3757698,870415
RETRIEVE,1158453,1412203,253750
ADD,2787903,4303875,1515972
ADD,3012253,4510613,1498360
RETRIEVE,3722150,3919502,197352
RETRIEVE,937249,1192903,255654
RETRIEVE,2364293,2640417,276124
ADD,776142,2296218,1520076
DELETE,1537231,3018795,1481564
RETRIEVE,1363130,1654538,291408
DELETE,2904193,4406731,1502538
DELETE,193572,2226056,2032484
ADD,1560340,2820325,1259985
RETRIEVE,1423665,1796843,373178
DELETE,2685030,3748322,1063292
ADD,2558562,3796544,1237982
RETRIEVE,3310715,3532915,222200
RETRIEVE,3942984,4166418,223434
RETRIEVE,1231730,1471462,239732
RETRIEVE,2511933,2731383,219450
RETRIEVE,102562,322668,220106
ADD,1832752,2741364,908612
RETRIEVE,2688685,2823111,134426
ADD,2841965,3979984,1138019
RETRIEVE,1902750,2202796,300046
DELETE,2665303,3597892,932589
ADD,2324152,3485758,1161606
RETRIEVE,2687328,2871724,184396
RETRIEVE,3865406,4128356,262950
ADD,3300968,4378870,1077902
DELETE,3478583,4276318,797735
DELETE,1051651,2474395,1422744
DELETE,1102519,2423548,1321029
RETRIEVE,1536292,1785620,249328
RETRIEVE,3478600,3774594,295994
ADD,2292197,2627478,335281
RETRIEVE,599925,896613,296688
DELETE,1085490,2337916,1252426
RETRIEVE,633008,873088,240080
ADD,2822670,4179867,1357197
DELETE,1463149,2866854,1403705
RETRIEVE,2487338,2763420,276082
ADD,2647270,3940793,1293523
ADD,106893,1436195,1329302
RETRIEVE,3507148,3628156,121008
DELETE,474862,1623655,1148793
DELETE,528118,2015722,1487604
RETRIEVE,2454491,2702439,247948
RETRIEVE,3205168,3457534,252366
ADD,338607,1965363,1626756
DELETE,232638,1526921,1294283
RETRIEVE,3336860,3477260,140400
ADD,3175133,4213290,1038157
RETRIEVE,3067442,3311202,243760
DELETE,2055030,3443986,1388956
RETRIEVE,3243006,3727570,484564
RETRIEVE,1135422,1366754,231332
ADD,2302822,3345380,1042558
ADD,3531837,3888797,356960
RETRIEVE,4679816,4846196,166380
ADD,1249406,2018829,769423
ADD,2201761,3115635,913874
RETRIEVE,3394635,3495329,100694
DELETE,1693962,2897462,1203500
RETRIEVE,3947078,4318538,371460
DELETE,2784205,4738812,1954607
DELETE,430458,1801154,1370696
DELETE,638997,2100373,1461376
DELETE,325970,1784928,1458958
RETRIEVE,2971824,3241738,269914
RETRIEVE,1364293,1665185,300892
RETRIEVE,4102519,4524353,421834
DELETE,3055030,4417647,1362617
RETRIEVE,4224445,4437169,212724
RETRIEVE,2535083,2818225,283142
ADD,332698,1248592,915894
ADD,420905,1374626,953721
DELETE,752398,1455682,703284
DELETE,2833100,4118748,1285648
ADD,3750642,4364079,613437
DELETE,946010,2011970,1065960
RETRIEVE,4098653,4307283,208630
DELETE,268180,1357625,1089445
RETRIEVE,12344,218410,206066
DELETE,2706061,3705502,999441
RETRIEVE,3294842,3529584,234742
DELETE,1453755,2723607,1269852
RETRIEVE,4267984,4552192,284208
ADD,1632788,3580864,1948076
DELETE,2712929,3689255,976326
ADD,479208,1493824,1014616
RETRIEVE,1953635,2358041,404406
ADD,1546780,2519326,972546
ADD,1135287,1869542,734255
DELETE,2154229,3561362,1407133
ADD,3164799,4732244,1567445
ADD,2741049,4266841,1525792
RETRIEVE,3837289,4157575,320286
RETRIEVE,2695260,2965454,270194
RETRIEVE,4090372,4239530,149158
RETRIEVE,152856,529968,377112
RETRIEVE,1043102,1329068,285966
RETRIEVE,3642499,3853277,210778
RETRIEVE,2827935,3305809,477874
RETRIEVE,1982500,2457860,475360
DELETE,4327392,4854558,527166
ADD,1697729,3014932,1317203
RETRIEVE,732710,847052,114342
ADD,793600,2413741,1620141
DELETE,3089776,4733458,1643682
ADD,3493852,4772783,1278931
DELETE,3887281,4503396,616115
ADD,2394254,3809456,1415202
ADD,575523,1715506,1139983
ADD,401250,1014752,613502
DELETE,2785889,4370955,1585066
ADD,3253780,4563710,1309930
RETRIEVE,2040313,2414083,373770
RETRIEVE,2009874,2262656,252782
DELETE,3071666,4652109,1580443
RETRIEVE,902750,1181832,279082
ADD,487338,1823709,1336371
RETRIEVE,1887642,2071444,183802
RETRIEVE,4317878,4498566,180688
ADD,706061,1217876,511815
RETRIEVE,4102562,4372782,270220
ADD,2054014,2946534,892520
ADD,3248459,4209443,960984
RETRIEVE,2992015,3297865,305850
ADD,638663,1896082,1257419
DELETE,2239056,3298271,1059215
DELETE,3174069,4180755,1006686
DELETE,1455987,3225666,1769679
RETRIEVE,54014,304648,250634
RETRIEVE,1834916,2122554,287638
RETRIEVE,3628629,3931573,302944
RETRIEVE,1280987,1398379,117392
ADD,2175256,3484464,1309208
RETRIEVE,38953,205669,166716
RETRIEVE,137258,411960,274702
DELETE,940340,2835136,1894796
RETRIEVE,422546,624946,202400
DELETE,3550130,4449413,899283
RETRIEVE,815108,1074028,258920
DELETE,1254258,2526686,1272428
RETRIEVE,905563,1133555,227992
RETRIEVE,2475300,2670610,195310
RETRIEVE,3616523,3947333,330810
DELETE,1478525,2726244,1247719
RETRIEVE,2175133,2352671,177538
RETRIEVE,940064,1107270,167206
RETRIEVE,1346194,1623076,276882
ADD,1622353,3174049,1551696
DELETE,2727411,3710139,982728
ADD,842891,2253628,1410737
ADD,571196,2047257,1476061
RETRIEVE,4275578,4517200,241622
RETRIEVE,963467,1318817,355350
DELETE,2575523,3965220,1389697
RETRIEVE,1366014,1785566,419552
RETRIEVE,1822670,2132464,309794
RETRIEVE,2938195,3231043,292848
DELETE,2268180,3528240,1260060
ADD,1758123,3173344,1415221
RETRIEVE,571501,849707,278206
RETRIEVE,2334256,2625144,290888
ADD,1817254,2679498,862244
ADD,1176154,1965542,789388
RETRIEVE,2755954,3067128,311174
RETRIEVE,2664519,2940343,275824
DELETE,1194170,2867193,1673023
RETRIEVE,3989124,4203062,213938
ADD,942984,1340355,397371
RETRIEVE,3710071,3975753,265682
DELETE,743449,1574731,831282
DELETE,2091891,3576799,1484908
DELETE,2688909,4000359,1311450
DELETE,2082515,2904931,822416
ADD,3332698,4160756,828058
DELETE,1267072,2432430,1165358
RETRIEVE,4280987,4505263,224276
RETRIEVE,12345,382769,370424
RETRIEVE,2267984,2518728,250744
RETRIEVE,618347,843139,224792
ADD,1526505,2495355,968850
DELETE,95175,1284074,1188899
ADD,613996,1910289,1296293
DELETE,3531608,4402329,870721
DELETE,2497055,3231810,734755
RETRIEVE,475922,673812,197890
RETRIEVE,1827418,2214016,386598
RETRIEVE,1629706,1847354,217648
ADD,3452454,4785332,1332878
DELETE,234438,1124586,890148
DELETE,2716356,4080863,1364507
RETRIEVE,4555231,4789615,234384
DELETE,3640580,4541151,900571
ADD,1845453,2685369,839916
ADD,1893950,3415360,1521410
DELETE,2248459,3167179,918720
ADD,1151922,1745542,593620
ADD,1261066,3447294,2186228
RETRIEVE,4569727,4757031,187304
ADD,2496826,4127038,1630212
ADD,232165,1163179,931014
ADD,2409949,3742281,1332332
RETRIEVE,1030530,1161414,130884
DELETE,1516715,2701769,1185054
DELETE,3155206,3908657,753451
RETRIEVE,4650740,4837388,186648
RETRIEVE,16741,257433,240692
RETRIEVE,3100097,3352569,252472
RETRIEVE,4509371,4666659,157288
RETRIEVE,2712803,2949455,236652
RETRIEVE,278083,445051,166968
RETRIEVE,3431934,3805048,373114
RETRIEVE,3208599,3473813,265214
RETRIEVE,998362,1248508,250146
DELETE,2073663,3366195,1292532
RETRIEVE,1508940,1918624,409684
RETRIEVE,1569967,1846583,276616
RETRIEVE,3332770,3559270,226500
RETRIEVE,3650740,4021352,370612
RETRIEVE,526961,897799,370838
DELETE,3426722,4666983,1240261
RETRIEVE,4518828,4810902,292074
RETRIEVE,2463945,2750711,286766
ADD,2026080,3322206,1296126
ADD,1085239,1955015,869776
RETRIEVE,2662827,2804705,141878
RETRIEVE,560340,776912,216572
DELETE,409949,1990411,1580462
RETRIEVE,4292197,4584243,292046
ADD,2343810,3506611,1162801
ADD,394254,1824946,1430692
RETRIEVE,4397129,4650469,253340
DELETE,234315,1739661,1505346
ADD,647330,1924260,1276930
RETRIEVE,3479190,3678810,199620
RETRIEVE,535083,1000363,465280
DELETE,3874783,4877087,1002304
DELETE,3274588,4830656,1556068
RETRIEVE,2082318,2395664,313346
RETRIEVE,3665991,3838985,172994
ADD,1755954,2575220,819266
DELETE,1218645,3260255,2041610
DELETE,260841,1323901,1063060
RETRIEVE,146205,440877,294672
ADD,1620235,2540474,920239
ADD,1065825,1978421,912596
DELETE,2765420,4231781,1466361
RETRIEVE,741049,980435,239386
RETRIEVE,1612426,2024040,411614
ADD,2182425,2443303,260878
RETRIEVE,1421718,1604924,183206
RETRIEVE,1669572,1892814,223242
DELETE,1469104,2341085,871981
ADD,940663,2412795,1472132
RETRIEVE,337569,713405,375836
ADD,1652241,2741260,1089019
DELETE,789846,2334538,1544692
DELETE,1381709,2609491,1227782
ADD,1710256,2803453,1093197
RETRIEVE,4526505,4669995,143490
ADD,2363130,3220324,857194
ADD,983284,2334256,1350972
DELETE,2368767,3573193,1204426
ADD,481414,1502432,1021018
RETRIEVE,1660218,2061008,400790
DELETE,2422546,3471885,1049339
RETRIEVE,3409581,3592259,182678
RETRIEVE,1677895,2026745,348850
DELETE,771967,2090828,1318861
RETRIEVE,3017694,3287654,269960
RETRIEVE,3905563,4125747,220184
ADD,3557544,4565962,1008418
ADD,2313105,3116899,803794
DELETE,3561010,4344746,783736
RETRIEVE,3182324,3573854,391530
ADD,1711280,3702324,1991044
RETRIEVE,1990723,2240029,249306
ADD,2421718,3369732,948014
DELETE,2845453,3779904,934451
ADD,2567514,3789589,1222075
DELETE,1729694,3130610,1400916
RETRIEVE,2994409,3392907,398498
ADD,4034567,4645002,610435
RETRIEVE,1557244,1803586,246342
RETRIEVE,2059997,2391709,331712
RETRIEVE,1734114,2017450,283336
RETRIEVE,1466783,1689095,222312
RETRIEVE,1855776,2074880,219104
RETRIEVE,1142993,1413033,270040
DELETE,3014863,4527333,1512470
DELETE,2926010,4040386,1114376
DELETE,557319,2067955,1510636
ADD,2053446,3003702,950256
RETRIEVE,693962,977150,283188
RETRIEVE,1418165,1622767,204602
RETRIEVE,4650880,4797844,146964
ADD,1899897,2443777,543880
RETRIEVE,3696796,3881126,184330
DELETE,3025947,4005636,979689
DELETE,2633008,3532309,899301
RETRIEVE,3966310,4209606,243296
DELETE,2381709,3351393,969684
RETRIEVE,1310715,1514029,203314
DELETE,1334256,2717829,1383573
DELETE,233072,2142079,1909007
DELETE,2203874,3689894,1486020
RETRIEVE,3899725,4114669,214944
ADD,3243200,4552528,1309328
RETRIEVE,1510689,1774531,263842
ADD,1647270,3049002,1401732
ADD,1751831,2412906,661075
RETRIEVE,2733491,3053785,320294
DELETE,2622353,3884988,1262635
RETRIEVE,710071,909685,199614
DELETE,1132699,2133289,1000590
RETRIEVE,2016741,2357395,340654
ADD,476459,1118792,642333
RETRIEVE,2751537,3136565,385028
RETRIEVE,778770,1130844,352074
ADD,2696022,4007018,1310996
RETRIEVE,248475,568747,320272
RETRIEVE,1729036,2136016,406980
RETRIEVE,4476365,4676351,199986
RETRIEVE,3249406,3410994,161588
ADD,2656726,4709323,2052597
RETRIEVE,786418,1046936,260518
ADD,1467272,2952736,1485464
ADD,2602460,3526729,924269
RETRIEVE,4683598,4893676,210078
ADD,677895,1882414,1204519
RETRIEVE,2758123,3088585,330462
RETRIEVE,3040388,3271940,231552
RETRIEVE,4337569,4638869,301300
ADD,1409949,2992625,1582676
ADD,1581828,3211577,1629749
DELETE,2113180,2965390,852210
RETRIEVE,4528691,4749375,220684
ADD,1172560,1839907,667347
RETRIEVE,3713114,4068266,355152
RETRIEVE,1656726,1925296,268570
RETRIEVE,4171537,4430419,258882
DELETE,1447104,3036321,1589217
ADD,2092225,3777560,1685335
RETRIEVE,1698766,1698766,0
DELETE,3237473,4732878,1495405
DELETE,525518,2148606,1623088
RETRIEVE,2035079,2392967,357888
ADD,1175133,2735222,1560089
RETRIEVE,3056048,3428044,371996
RETRIEVE,3998733,4444653,445920
DELETE,1575523,2606222,1030699
DELETE,555231,1909501,1354270
ADD,1822639,2700688,878049
RETRIEVE,35470,294206,258736
RETRIEVE,3968330,4288290,319960
DELETE,2696796,3276751,579955
RETRIEVE,1125953,1495113,369160
RETRIEVE,366355,832315,465960
RETRIEVE,108455,450951,342496
RETRIEVE,3016741,3363211,346470
RETRIEVE,1558259,1745143,186884
RETRIEVE,1786704,2177458,390754
ADD,1253780,2540605,1286825
DELETE,1133358,3211516,2078158
RETRIEVE,3401250,3593312,192062
RETRIEVE,591064,870068,279004
RETRIEVE,2176154,2526630,350476
DELETE,1368767,2817979,1449212
RETRIEVE,2592261,2748335,156074
RETRIEVE,2307284,2590018,282734
RETRIEVE,4376799,4658193,281394
RETRIEVE,1454491,1772943,318452
ADD,1896783,2595879,699096
RETRIEVE,1696765,1907663,210898
ADD,3181389,3594566,413177
DELETE,1790905,2725921,935016
RETRIEVE,3946010,4166858,220848
ADD,445303,1959200,1513897
RETRIEVE,4052829,4305377,252548
RETRIEVE,4243200,4531988,288788
DELETE,2667799,3693014,1025215
ADD,1946010,3247574,1301564
RETRIEVE,3092225,3494761,402536
RETRIEVE,1852480,2176878,324398
DELETE,987386,1989097,1001711
RETRIEVE,1572970,1818788,245818
RETRIEVE,1700040,1973398,273358
RETRIEVE,2051597,2311979,260382
DELETE,2832752,3807929,975177
ADD,3794161,4726824,932663
DELETE,650880,1240350,589470
RETRIEVE,2375291,2684447,309156
RETRIEVE,4146205,4480363,334158
DELETE,3010562,4318065,1307503
RETRIEVE,4219575,4419495,199920
RETRIEVE,3841965,4293353,451388
RETRIEVE,1536563,1752599,216036
RETRIEVE,560641,767741,207100
ADD,1032711,2142056,1109345
DELETE,791047,2077733,1286686
RETRIEVE,1426722,1628066,201344
RETRIEVE,4409780,4709044,299264
RETRIEVE,3938680,4170204,231524
RETRIEVE,1034567,1268289,233722
RETRIEVE,1375291,1646003,270712
ADD,2478583,3650417,1171834
ADD,457312,1490503,1033191
RETRIEVE,2305930,2514264,208334
RETRIEVE,1014863,1299573,284710
RETRIEVE,3094945,3264277,169332
RETRIEVE,3958715,4259095,300380
ADD,622815,1721710,1098895
RETRIEVE,265417,467675,202258
RETRIEVE,3681062,3952660,271598
RETRIEVE,2059446,2278302,218856
RETRIEVE,1243200,1589722,346522
DELETE,97897,1113875,1015978
ADD,3958454,4854485,896031
DELETE,1012253,1670910,658657
ADD,1582433,2446390,863957
RETRIEVE,343889,617895,274006
RETRIEVE,3394254,3689066,294812
DELETE,1445303,3443953,1998650
RETRIEVE,3106893,3204009,97116
ADD,3773516,4483934,710418
RETRIEVE,91812,305678,213866
DELETE,1718147,2496538,778391
ADD,845453,1939151,1093698
ADD,569967,1656892,1086925
DELETE,887836,2794268,1906432
RETRIEVE,822893,996245,173352
ADD,593714,2008305,1414591
ADD,836463,1808972,972509
RETRIEVE,391545,591617,200072
RETRIEVE,4155206,4431598,276392
DELETE,699473,2668264,1968791
DELETE,966538,1964886,998348
ADD,3543750,3868794,325044
RETRIEVE,3812565,4125543,312978
RETRIEVE,3866274,4245580,379306
ADD,2237473,3142018,904545
DELETE,3155379,4708020,1552641
DELETE,3742657,4659570,916913
ADD,2334940,3850236,1515296
RETRIEVE,1339671,1629041,289370
RETRIEVE,751537,1133461,381924
ADD,132699,1105551,972852
DELETE,2161877,2538348,376471
RETRIEVE,770725,960739,190014
RETRIEVE,2620235,2843899,223664
RETRIEVE,998733,1472449,473716
ADD,1684746,3295086,1610340
RETRIEVE,709086,985554,276468
DELETE,1188298,2433896,1245598
RETRIEVE,622353,919047,296694
RETRIEVE,3809699,4076931,267232
RETRIEVE,4230632,4551168,320536
DELETE,546780,1827388,1280608
DELETE,1512870,3160332,1647462
RETRIEVE,4512870,4751544,238674
DELETE,80527,1560534,1480007
RETRIEVE,3430458,3697390,266932
ADD,3137258,4155913,1018655
ADD,3239967,4539919,1299952
RETRIEVE,1520773,1807235,286462
DELETE,2368838,3418946,1050108
DELETE,589675,1483288,893613
DELETE,1327392,2778587,1451195
ADD,3387998,4194673,806675
DELETE,1073663,2167796,1094133
RETRIEVE,2803388,2943588,140200
DELETE,752995,1476003,723008
DELETE,3581017,4182531,601514
RETRIEVE,1927586,2172008,244422
RETRIEVE,2736338,3134504,398166
ADD,2612978,3453932,840954
ADD,726259,2244834,1518575
RETRIEVE,2752398,2976620,224222
RETRIEVE,1682992,2067474,384482
DELETE,182425,1413802,1231377
RETRIEVE,2685108,3009828,324720
ADD,3363130,4214173,851043
ADD,363130,1561460,1198330
ADD,2101469,4179497,2078028
RETRIEVE,1651156,2069634,418478
RETRIEVE,1146205,1544289,398084
DELETE,2555231,3010644,455413
RETRIEVE,2905563,3160873,255310
RETRIEVE,1232638,1556528,323890
DELETE,1955854,3443838,1487984
RETRIEVE,3255133,3514137,259004
ADD,2983662,3563599,579937
RETRIEVE,4629706,4778612,148906
RETRIEVE,2130114,2344434,214320
RETRIEVE,121175,486935,365760
DELETE,2555759,4223168,1667409
RETRIEVE,1771852,1954634,182782
RETRIEVE,1850346,2182148,331802
DELETE,2441810,3840123,1398313
DELETE,297786,1431969,1134183
ADD,3004836,4128087,1123251
RETRIEVE,2433245,2762907,329662
ADD,3743449,4519913,776464
RETRIEVE,871527,1134201,262674
RETRIEVE,2208599,2337401,128802
ADD,2822893,4014748,1191855
DELETE,2330227,3655332,1325105
DELETE,1049450,2257962,1208512
RETRIEVE,2187552,2324406,136854
RETRIEVE,1622727,1914521,291794
RETRIEVE,1943630,2209702,266072
ADD,1628429,3096216,1467787
RETRIEVE,2972228,3187292,215064
ADD,872085,2074723,1202638
DELETE,192811,1150006,957195
DELETE,1785893,3568737,1782844
DELETE,299459,1436348,1136889
RETRIEVE,3787903,4017623,229720
DELETE,1837289,3556940,1719651
DELETE,3771967,4583849,811882
DELETE,3414571,4359824,945253
RETRIEVE,900859,1120009,219150
DELETE,3267984,4419242,1151258
RETRIEVE,2069292,2391548,322256
DELETE,1893021,3951427,2058406
ADD,3560385,4459890,899505
DELETE,355879,1421941,1066062
DELETE,2287708,3473911,1186203
RETRIEVE,4639538,4810838,171300
RETRIEVE,880594,1052106,171512
RETRIEVE,3913835,4034975,121140
RETRIEVE,3449796,3776434,326638
RETRIEVE,1866274,1977278,111004
RETRIEVE,1511933,1732917,220984
ADD,353707,1102433,748726
DELETE,2889091,3521548,632457
DELETE,1497336,3262800,1765464
RETRIEVE,2387998,2592046,204048
RETRIEVE,3982500,4384180,401680
RETRIEVE,845394,1120146,274752
ADD,803388,1836561,1033173
RETRIEVE,480389,698649,218260
ADD,1220705,1744861,524156
ADD,2449796,3581672,1131876
RETRIEVE,1202433,1377815,175382
ADD,1878772,2909518,1030746
RETRIEVE,1075492,1290570,215078
ADD,1054014,1785582,731568
ADD,467956,2097038,1629082
DELETE,1146314,2197525,1051211
RETRIEVE,865608,1082186,216578
RETRIEVE,3015884,3298592,282708
ADD,2397129,3428671,1031542
RETRIEVE,2137485,2462697,325212
ADD,2199600,2913501,713901
RETRIEVE,3069761,3351745,281984
ADD,142993,1813366,1670373
ADD,2170722,3804890,1634168
ADD,1623561,2787233,1163672
ADD,880313,1848977,968664
RETRIEVE,3380026,3571336,191310
ADD,3209951,4607940,1397989
ADD,466783,1316084,849301
RETRIEVE,2342738,2682902,340164
RETRIEVE,770697,1002711,232014
RETRIEVE,233781,233781,0
RETRIEVE,828526,988680,160154
DELETE,101469,2519540,2418071
RETRIEVE,3137485,3394217,256732
DELETE,185801,1078312,892511
RETRIEVE,2893021,3303879,410858
RETRIEVE,3660228,4095038,434810
DELETE,1823567,2526175,702608
RETRIEVE,2815108,3056338,241230
RETRIEVE,1855768,1938676,82908
DELETE,3581104,4848223,1267119
RETRIEVE,3968061,4225087,257026
RETRIEVE,4406660,4525432,118772
DELETE,1071666,2766099,1694433
RETRIEVE,581017,809557,228540
DELETE,330227,1073904,743677
ADD,1338846,2471241,1132395
RETRIEVE,35079,346063,310984
ADD,2516715,3535880,1019165
RETRIEVE,1983662,2123704,140042
RETRIEVE,4248779,4530435,281656
ADD,3706061,4668750,962689
DELETE,735111,1578992,843881
ADD,1152856,2944084,1791228
ADD,1004403,2207375,1202972
DELETE,3663709,4623053,959344
RETRIEVE,696796,965238,268442
ADD,2777558,3415194,637636
DELETE,1922123,3173363,1251240
RETRIEVE,367359,658251,290892
RETRIEVE,572706,781484,208778
ADD,632401,1890506,1258105
RETRIEVE,2205168,2474990,269822
DELETE,2414571,3736341,1321770
RETRIEVE,3142993,3324977,181984
RETRIEVE,2917240,3286378,369138
DELETE,1531837,2311710,779873
ADD,3017220,3705560,688340
DELETE,679816,1767807,1087991
ADD,1662827,3000866,1338039
DELETE,1493852,2885004,1391152
RETRIEVE,3125255,3430985,305730
ADD,1317878,2093490,775612
DELETE,4012345,4621585,609240
DELETE,1222024,2540996,1318972
ADD,3574515,4792885,1218370
RETRIEVE,1422716,1503430,80714
ADD,2931886,4653251,1721365
RETRIEVE,2983783,3396133,412350
ADD,409581,1546840,1137259
RETRIEVE,1232165,1572407,340242
RETRIEVE,2835347,3078643,243296
RETRIEVE,2137610,2475766,338156
RETRIEVE,1362585,1621285,258700
ADD,971824,2187748,1215924
ADD,3030542,4119830,1089288
ADD,47992,953436,905444
ADD,181389,1385223,1203834
DELETE,2622815,4272593,1649778
DELETE,3238523,4328848,1090325
ADD,2977644,3779455,801811
ADD,2368883,3607375,1238492
DELETE,2041543,2876920,835377
ADD,2052829,2982073,929244
DELETE,3054531,4267351,1212820
ADD,3516715,4762303,1245588
DELETE,2224445,3172088,947643
RETRIEVE,1983783,2237565,253782
DELETE,17694,944066,926372
ADD,1786418,2386070,599652
RETRIEVE,2599925,2882699,282774
ADD,1382928,2772477,1389549
DELETE,1612426,2874802,1262376
ADD,3083468,4655249,1571781
DELETE,1655627,3252580,1596953
ADD,2523972,3149073,625101
ADD,3176751,3906856,730105
RETRIEVE,3613996,3933130,319134
ADD,1056428,2128382,1071954
DELETE,2539203,4192187,1652984
RETRIEVE,1518828,1751070,232242
DELETE,3034567,4644332,1609765
RETRIEVE,1181389,1464099,282710
RETRIEVE,1645679,1869611,223932
DELETE,539203,1906276,1367073
DELETE,1688685,2550030,861345
DELETE,276085,1543102,1267017
DELETE,2363551,3249882,886331
DELETE,122345,1107139,984794
RETRIEVE,2280987,2527231,246244
ADD,1123538,2612643,1489105
DELETE,1784938,2977932,1192994
RETRIEVE,988997,1278283,289286
RETRIEVE,2069220,2130072,60852
RETRIEVE,1209951,1498995,289044
DELETE,2620665,4108630,1487965
RETRIEVE,3879213,4228829,349616
DELETE,3005934,4173636,1167702
RETRIEVE,4035470,4332056,296586
DELETE,3362585,4376534,1013949
DELETE,1534819,2975851,1441032
RETRIEVE,3555231,3854295,299064
DELETE,35467,1297250,1261783
DELETE,940969,2165018,1224049
RETRIEVE,3354113,3612089,257976
RETRIEVE,1248459,1506749,258290
RETRIEVE,3880313,4255621,375308
RETRIEVE,1712803,2002767,289964
ADD,1041543,2366463,1324920
RETRIEVE,1809699,2017981,208282
ADD,1051597,2013860,962263
RETRIEVE,809699,1144397,334698
ADD,780596,2189952,1409356
RETRIEVE,620235,993525,373290
RETRIEVE,2192811,2375791,182980
RETRIEVE,3090969,3346701,255732
RETRIEVE,3211193,3441375,230182
DELETE,2826758,3883805,1057047
ADD,151573,556995,405422
DELETE,83468,1344185,1260717
DELETE,1612978,2582365,969387
RETRIEVE,2151893,2465623,313730
RETRIEVE,2419137,2523747,104610
RETRIEVE,4418027,4592917,174890
RETRIEVE,3792880,4082988,290108
RETRIEVE,1469818,1703250,233432
ADD,1059144,1575341,516197
RETRIEVE,1374850,1648066,273216
RETRIEVE,2035470,2247566,212096
RETRIEVE,1225113,1523155,298042
ADD,1773516,2752288,978772
RETRIEVE,1359822,1584592,224770
RETRIEVE,4499537,4783503,283966
DELETE,1332770,3069829,1737059
RETRIEVE,3734114,4079946,345832
RETRIEVE,2476740,2820930,344190
DELETE,974925,3077430,2102505
ADD,4537440,4812039,274599
RETRIEVE,2647330,3029526,382196
RETRIEVE,346194,608378,262184
RETRIEVE,1328661,1486183,157522
ADD,2398856,3457330,1058474
ADD,208361,1218993,1010632
DELETE,2346194,3638448,1292254
DELETE,660240,2258897,1598657
RETRIEVE,4495492,4823924,328432
RETRIEVE,2392900,2579544,186644
ADD,794161,1643203,849042
RETRIEVE,2836463,3125023,288560
DELETE,792880,1906144,1113264
ADD,1560385,3352419,1792034
ADD,1838943,2774311,935368
ADD,136292,1335595,1199303
RETRIEVE,531837,829509,297672
RETRIEVE,1988215,2242229,254014
DELETE,2536563,3605663,1069100
DELETE,1883573,3328320,1444747
ADD,3887642,4856835,969193
ADD,3617905,4827455,1209550
DELETE,3645679,4638802,993123
ADD,2336860,3410546,1073686
RETRIEVE,4391545,4740643,349098
RETRIEVE,209951,565713,355762
RETRIEVE,102519,272475,169956
ADD,1936712,3101023,1164311
RETRIEVE,2125953,2445791,319838
DELETE,1349264,2311471,962207
ADD,2067990,3383016,1315026
RETRIEVE,4055030,4410790,355760
RETRIEVE,2086160,2360516,274356
ADD,2269349,3905601,1636252
RETRIEVE,2983284,3263800,280516
ADD,1418027,2026962,608935
RETRIEVE,170722,462378,291656
RETRIEVE,1553735,1731465,177730
RETRIEVE,2054531,2412283,357752
RETRIEVE,1570513,1724675,154162
DELETE,1088935,2127046,1038111
DELETE,3281639,4306492,1024853
DELETE,722150,1822166,1100016
RETRIEVE,151922,436044,284122
RETRIEVE,4001580,4114512,112932
ADD,684130,1741872,1057742
RETRIEVE,176751,474811,298060
ADD,510689,1366179,855490
DELETE,218645,2213265,1994620
RETRIEVE,2732710,3072960,340250
RETRIEVE,2526505,2631983,105478
ADD,921629,2130771,1209142
DELETE,3129491,4007799,878308
RETRIEVE,3420905,3801817,380912
RETRIEVE,3701390,4010514,309124
DELETE,2656856,3885824,1228968
RETRIEVE,1509371,1768583,259212
RETRIEVE,4542006,4720268,178262
RETRIEVE,3062288,3423552,361264
RETRIEVE,892509,1206743,314234
DELETE,3135287,3936848,801561
RETRIEVE,2558259,2851135,292876
RETRIEVE,4055050,4501180,446130
RETRIEVE,3994409,4208815,214406
ADD,1077467,2061964,984497
ADD,334256,1645798,1311542
DELETE,990723,2151764,1161041
RETRIEVE,4603866,4801364,197498
RETRIEVE,1010562,1250752,240190
RETRIEVE,59781,233837,174056
RETRIEVE,4441699,4682199,240500
RETRIEVE,1978846,2220210,241364
RETRIEVE,840508,1107590,267082
ADD,724203,2159991,1435788
RETRIEVE,1784205,2221901,437696
ADD,2848537,4008253,1159716
RETRIEVE,4348739,4781385,432646
DELETE,1137258,2731487,1594229
ADD,4211193,4796651,585458
RETRIEVE,354806,638744,283938
DELETE,1067442,1950651,883209
ADD,1048947,2342970,1294023
RETRIEVE,4741049,4847425,106376
RETRIEVE,478968,790282,311314
DELETE,1836463,2548659,712196
RETRIEVE,3827935,4174991,347056
RETRIEVE,3669572,3851484,181912
DELETE,947078,2170969,1223891
RETRIEVE,4232687,4535483,302796
RETRIEVE,1307284,1629020,321736
RETRIEVE,2560340,2780376,220036
DELETE,3752995,4396004,643009
RETRIEVE,1088332,1379440,291108
RETRIEVE,2234315,2619713,385398
RETRIEVE,4161877,4454955,293078
ADD,2094945,2583544,488599
RETRIEVE,528439,764423,235984
ADD,3346194,4433499,1087305
RETRIEVE,1727411,1981567,254156
RETRIEVE,1996456,2340060,343604
ADD,2362585,4157667,1795082
ADD,2108906,2495086,386180
DELETE,1463945,3117485,1653540
DELETE,1939255,2950666,1011411
ADD,2946010,3925727,979717
RETRIEVE,4299459,4520165,220706
DELETE,1002345,1877531,875186
ADD,2555980,3621662,1065682
DELETE,1387178,2632739,1245561
ADD,1938195,3032986,1094791
ADD,1366355,2907989,1541634
RETRIEVE,3628943,3808945,180002
DELETE,3152856,4820589,1667733
ADD,1884058,2688399,804341
ADD,2988997,4555275,1566278
DELETE,558786,2349848,1791062
ADD,681454,2803155,2121701
ADD,2059781,2936514,876733
DELETE,2837289,4341217,1503928
DELETE,3534467,4277801,743334
RETRIEVE,1044241,1226453,182212
ADD,1028023,2250172,1222149
RETRIEVE,1348739,1875633,526894
ADD,2080527,3873293,1792766
ADD,1354806,3068620,1713814
ADD,668627,2057870,1389243
RETRIEVE,1789195,2205331,416136
RETRIEVE,30530,133574,103044
DELETE,867776,2407771,1539995
RETRIEVE,1453519,1735575,282056
ADD,1766938,3291433,1524495
ADD,469104,1517285,1048181
DELETE,935283,2288135,1352852
DELETE,639916,1511063,871147
RETRIEVE,44447,364421,319974
RETRIEVE,1224445,1481555,257110
RETRIEVE,3453519,3568461,114942
DELETE,1435737,2249083,813346
DELETE,2679816,3036766,356950
RETRIEVE,4528439,4865313,336874
DELETE,3338906,4656711,1317805
DELETE,2699473,4308479,1609006
RETRIEVE,453519,638477,184958
DELETE,2440478,3313107,872629
DELETE,3723752,4694853,971101
RETRIEVE,712929,886727,173798
DELETE,991418,2293585,1302167
DELETE,3478968,4336987,858019
ADD,651126,3067159,2416033
DELETE,1664908,1978668,313760
ADD,2352262,3107427,755165
ADD,336860,1945467,1608607
DELETE,2900770,4118454,1217684
ADD,3213881,4335872,1121991
ADD,1129491,1999007,869516
ADD,3770725,4705861,935136
RETRIEVE,349264,824308,475044
ADD,3896783,4643165,746382
ADD,784205,2368632,1584427
ADD,2827223,4192675,1365452
DELETE,210771,1599486,1388715
ADD,841241,2186006,1344765
DELETE,2205650,3432719,1227069
RETRIEVE,1326982,1595882,268900
RETRIEVE,2098653,2368285,269632
ADD,1633008,2496669,863661
RETRIEVE,1574515,1860733,286218
DELETE,3173432,3874882,701450
RETRIEVE,1497774,1748584,250810
RETRIEVE,1306138,1517508,211370
RETRIEVE,1559448,1729284,169836
RETRIEVE,742198,939094,196896
DELETE,12253,986031,973778
RETRIEVE,2040496,2374278,333782
RETRIEVE,652241,858483,206242
ADD,2792880,4278205,1485325
ADD,2406064,3338745,932681
RETRIEVE,2638663,2907989,269326
RETRIEVE,2219557,2442379,222822
ADD,3771852,4844862,1073010
ADD,974725,2019580,1044855
DELETE,2939255,3944829,1005574
RETRIEVE,3889091,4140289,251198
RETRIEVE,2569727,2763779,194052
RETRIEVE,3489436,3726282,236846
ADD,2828526,3737953,909427
ADD,3344067,4669052,1324985
DELETE,1090303,2215880,1125577
RETRIEVE,1775572,1980040,204468
RETRIEVE,2669572,2914402,244830
ADD,3893950,4844113,950163
DELETE,2596907,3938133,1341226
RETRIEVE,1680498,1826958,146460
DELETE,640637,2032215,1391578
RETRIEVE,1154229,1477161,322932
ADD,88305,1232679,1144374
ADD,3151922,4150585,998663
DELETE,119847,972724,852877
ADD,3822893,4893096,1070203
RETRIEVE,1723752,1907280,183528
RETRIEVE,478525,760091,281566
DELETE,2640580,4102540,1461960
DELETE,3028023,4190519,1162496
DELETE,3035079,4318439,1283360
RETRIEVE,4091070,4225916,134846
RETRIEVE,4502047,4714549,212502
RETRIEVE,40313,470533,430220
ADD,2888816,4311513,1422697
DELETE,866274,2095826,1229552
RETRIEVE,3660218,4011824,351606
RETRIEVE,73972,280254,206282
DELETE,181921,1501301,1319380
DELETE,146314,841000,694686
ADD,67442,1406509,1339067
RETRIEVE,4338607,4608367,269760
DELETE,956235,1760650,804415
RETRIEVE,3557244,3786594,229350
RETRIEVE,3445431,3770733,325302
ADD,1998733,3830697,1831964
DELETE,197135,1271952,1074817
RETRIEVE,3752398,4029278,276880
DELETE,2718147,3130453,412306
RETRIEVE,2332770,2503590,170820
ADD,2546780,3603327,1056547
RETRIEVE,1713105,1974601,261496
RETRIEVE,1452454,1805554,353100
DELETE,2604031,4861920,2257889
RETRIEVE,685108,1032152,347044
DELETE,2423665,3530676,1107011
DELETE,2620339,3417185,796846
ADD,2931566,4399919,1468353
RETRIEVE,3094840,3428254,333414
ADD,4172560,4692204,519644
DELETE,218034,1148862,930828
DELETE,1125255,1880948,755693
ADD,89776,1160155,1070379
DELETE,88332,722716,634384
DELETE,622727,1566507,943780
DELETE,3534819,4885995,1351176
ADD,364293,1718785,1354492
DELETE,244809,1219486,974677
RETRIEVE,3537509,3919261,381752
ADD,2017694,3562043,1544349
DELETE,1735111,3073261,1338150
ADD,608099,1642921,1034822
DELETE,1294154,2621446,1327292
DELETE,1445431,2252394,806963
RETRIEVE,2850346,3011432,161086
ADD,2294154,3591512,1297358
RETRIEVE,2638934,2812326,173392
ADD,1294055,1962690,668635
ADD,3193572,4223011,1029439
ADD,3324152,4545421,1221269
ADD,1418772,2866474,1447702
ADD,4048947,4048947,0
RETRIEVE,2693559,2990097,296538
DELETE,2445303,4305996,1860693
ADD,1098653,2652526,1553873
DELETE,3623561,4675411,1051850
DELETE,1263333,2700742,1437409
ADD,2380026,3299468,919442
RETRIEVE,2401250,2722888,321638
ADD,2073972,3049057,975085
RETRIEVE,820435,924051,103616
RETRIEVE,2559448,2796184,236736
RETRIEVE,3785893,4162273,376380
RETRIEVE,529036,778468,249432
ADD,2747742,3973505,1225763
ADD,2474974,3379964,904990
RETRIEVE,1062288,1231212,168924
RETRIEVE,1823781,2178999,355218
DELETE,784087,1726978,942891
ADD,872757,1919067,1046310
RETRIEVE,2537509,2864129,326620
RETRIEVE,1287708,1597912,310204
RETRIEVE,1756911,2055483,298572
ADD,164799,1309812,1145013
RETRIEVE,224445,439281,214836
ADD,834916,1870414,1035498
ADD,2668627,3647445,978818
ADD,2123538,3126398,1002860
RETRIEVE,3935942,4196576,260634
ADD,742657,1537918,795261
RETRIEVE,2152668,2338984,186316
RETRIEVE,905304,1128268,222964
DELETE,3331155,4311465,980310
ADD,2457312,3171806,714494
ADD,2004403,3428240,1423837
ADD,1122232,2703750,1581518
DELETE,1752995,2552249,799254
ADD,2872757,4234290,1361533
RETRIEVE,354539,667065,312526
RETRIEVE,306138,474124,167986
ADD,1750642,2335934,585292
DELETE,1931886,3680637,1748751
RETRIEVE,4440478,4733848,293370
DELETE,3192565,4742436,1549871
RETRIEVE,353827,636469,282642
RETRIEVE,543750,634192,90442
RETRIEVE,2216750,2388530,171780
ADD,2088332,3575130,1486798
RETRIEVE,155206,155206,0
RETRIEVE,2181793,2490211,308418
RETRIEVE,4608160,4823684,215524
RETRIEVE,2478525,2822265,343740
RETRIEVE,2255133,2570129,314996
RETRIEVE,1377612,1684122,306510
ADD,1772246,2816916,1044670
RETRIEVE,2581104,2866212,285108
RETRIEVE,4368767,4573321,204554
RETRIEVE,2885032,3169192,284160
ADD,2785893,4461325,1675432
RETRIEVE,1789846,2217406,427560
RETRIEVE,2553128,2950538,397410
RETRIEVE,3956235,4067477,111242
RETRIEVE,4305930,4654406,348476
ADD,497055,1303693,806638
RETRIEVE,1674594,1939970,265376
RETRIEVE,2871200,3097562,226362
DELETE,700040,1676107,976067
DELETE,3250930,3996339,745409
DELETE,201761,1148098,946337
ADD,713105,2571686,1858581
RETRIEVE,3784938,3944580,159642
ADD,2095066,3085956,990890
ADD,2419781,4664004,2244223
RETRIEVE,4438780,4734898,296118
DELETE,2560641,3628797,1068156
ADD,1419781,3117466,1697685
RETRIEVE,558259,805209,246950
ADD,3202689,4546898,1344209
ADD,2447104,3947762,1500658
ADD,216750,1282163,1065413
DELETE,534467,1676229,1141762
RETRIEVE,1753918,1925056,171138
ADD,2697729,4529350,1831621
RETRIEVE,225100,519968,294868
RETRIEVE,3736338,3933056,196718
DELETE,406660,1597218,1190558
ADD,3181921,4447539,1265618
ADD,497336,2274056,1776720
DELETE,2314363,3657840,1343477
RETRIEVE,3857388,4135830,278442
DELETE,3321705,4886519,1564814
ADD,708621,1884707,1176086
RETRIEVE,1309998,1432822,122824
DELETE,1188138,1898083,709945
RETRIEVE,1679816,1890474,210658
RETRIEVE,2194170,2520614,326444
RETRIEVE,1025947,1190867,164920
DELETE,2049450,3279363,1229913
RETRIEVE,3937249,4179255,242006
DELETE,3102519,4290918,1188399
ADD,2178172,3563997,1385825
RETRIEVE,956928,1121540,164612
RETRIEVE,1426551,1661253,234702
DELETE,2254666,3150289,895623
RETRIEVE,3124349,3189583,65234
DELETE,777558,1542154,764596
ADD,3245407,4663435,1418028
RETRIEVE,521008,838474,317466
DELETE,1519561,2577155,1057594
ADD,2752926,4498397,1745471
RETRIEVE,984232,1251812,267580
ADD,2085490,3352869,1267379
ADD,3785459,4610339,824880
ADD,806865,2272540,1465675
RETRIEVE,2915029,3019989,104960
RETRIEVE,1972704,2189518,216814
ADD,290342,796775,506433
ADD,1082515,2902269,1819754
RETRIEVE,2140994,2245508,104514
RETRIEVE,1729657,1908809,179152
RETRIEVE,1537509,1865451,327942
DELETE,324152,1664544,1340392
RETRIEVE,771852,793048,21196
ADD,2039678,2981763,942085
RETRIEVE,2778770,3071678,292908
RETRIEVE,2558943,2672577,113634
DELETE,1528691,2636443,1107752
RETRIEVE,4409581,4589977,180396
ADD,1354539,3002224,1647685
RETRIEVE,2581017,2790503,209486
DELETE,3085239,4365365,1280126
DELETE,1290342,2152521,862179
RETRIEVE,245040,582246,337206
ADD,208599,1643340,1434741
RETRIEVE,2290271,2543217,252946
ADD,939255,1765904,826649
DELETE,3254258,4294731,1040473
RETRIEVE,2122345,2358429,236084
ADD,859382,2521732,1662350
ADD,205650,1293011,1087361
RETRIEVE,2653848,3004862,351014
DELETE,2947078,3975869,1028791
RETRIEVE,2892509,3143529,251020
RETRIEVE,628429,976085,347656
ADD,2232165,3177928,945763
RETRIEVE,3467272,3823936,356664
RETRIEVE,520926,797446,276520
RETRIEVE,3625100,3946274,321174
ADD,1040496,3079966,2039470
ADD,3618971,4890102,1271131
ADD,101557,1265572,1164015
DELETE,885032,2502663,1617631
RETRIEVE,1239967,1451989,212022
RETRIEVE,344067,593987,249920
RETRIEVE,2812565,3164687,352122
DELETE,3771973,4804275,1032302
RETRIEVE,1752926,2053258,300332
RETRIEVE,1724203,2058295,334092
DELETE,3348739,4824800,1476061
RETRIEVE,2664908,3018570,353662
DELETE,1457312,3002967,1545655
ADD,1004209,2718274,1714065
RETRIEVE,95066,444338,349272
RETRIEVE,3467956,3685258,217302
DELETE,2115351,3026131,910780
ADD,2499537,3636018,1136481
RETRIEVE,3612426,3935800,323374
DELETE,3419838,4318417,898579
RETRIEVE,2238339,2552947,314608
ADD,3511933,4293492,781559
RETRIEVE,326982,636014,309032
RETRIEVE,2337421,2630919,293498
ADD,2276085,3408842,1132757
ADD,1511480,2934140,1422660
DELETE,3026080,4498574,1472494
RETRIEVE,1640580,1790104,149524
RETRIEVE,2572970,2919196,346226
DELETE,3337421,4225818,888397
RETRIEVE,2847911,3003365,155454
RETRIEVE,3187552,3519904,332352
RETRIEVE,2666804,2895312,228508
ADD,3685030,4647098,962068
RETRIEVE,202689,536475,333786
RETRIEVE,331155,506277,175122
RETRIEVE,1542006,1857990,315984
DELETE,2786418,3951971,1165553
DELETE,2453612,3865766,1412154
RETRIEVE,1979265,2267517,288252
DELETE,2187450,3039151,851701
ADD,1979461,2565929,586468
ADD,172560,999941,827381
RETRIEVE,2043102,2312862,269760
RETRIEVE,210721,456161,245440
ADD,3608580,4833963,1225383
ADD,1014179,2147844,1133665
ADD,1217713,2412829,1195116
DELETE,2247188,2856753,609565
DELETE,2101557,2946578,845021
ADD,747813,1885128,1137315
ADD,3059144,3516642,457498
RETRIEVE,4325970,4549490,223520
DELETE,879213,2136632,1257419
RETRIEVE,2507148,2730284,223136
RETRIEVE,2331155,2496433,165278
ADD,217713,1210382,992669
RETRIEVE,2618347,2875361,257014
RETRIEVE,4497882,4808310,310428
RETRIEVE,3974725,4441211,466486
DELETE,3248779,4359773,1110994
DELETE,3203874,4203204,999330
RETRIEVE,4144877,4344501,199624
RETRIEVE,4254258,4495018,240760
DELETE,125255,1583287,1458032
RETRIEVE,239056,551698,312642
ADD,915029,2019825,1104796
DELETE,2111496,2645685,534189
ADD,1657407,2319158,661751
DELETE,374850,2139656,1764806
RETRIEVE,2155206,2364772,209566
DELETE,1260841,2354288,1093447
DELETE,2124349,2889186,764837
RETRIEVE,2317878,2607694,289816
RETRIEVE,4069761,4413705,343944
RETRIEVE,3418165,3592523,174358
RETRIEVE,1958715,2235517,276802
RETRIEVE,1306506,1625932,319426
DELETE,452454,1594540,1142086
RETRIEVE,628629,830341,201712
ADD,1033050,2326221,1293171
ADD,305699,1509699,1204000
RETRIEVE,3940663,4231925,291262
RETRIEVE,2708621,3087141,378520
DELETE,640580,1702667,1062087
ADD,305930,1489715,1183785
ADD,1685108,2871135,1186027
DELETE,2632788,4108830,1476042
RETRIEVE,3558786,3817142,258356
RETRIEVE,3567514,3757894,190380
DELETE,173432,905982,732550
RETRIEVE,3519561,3716327,196766
RETRIEVE,1741049,1945371,204322
RETRIEVE,26080,225366,199286
ADD,3712803,4667052,954249
RETRIEVE,1828526,2175172,346646
ADD,3264427,4263192,998765
ADD,308882,2355430,2046548
DELETE,2026046,3051353,1025307
DELETE,243006,2029648,1786642
ADD,3209322,3963894,754572
RETRIEVE,3808868,4296674,487806
DELETE,2067585,3219658,1152073
RETRIEVE,2300968,2535072,234104
RETRIEVE,3639916,3810392,170476
RETRIEVE,4085490,4356578,271088
ADD,1190823,1856299,665476
ADD,1278083,2429480,1151397
RETRIEVE,3066760,3441082,374322
ADD,1917240,3648008,1730768
RETRIEVE,1603866,1782630,178764
RETRIEVE,2265417,2466489,201072
RETRIEVE,2478322,2871766,393444
ADD,968061,2911189,1943128
DELETE,3004403,4196082,1191679
RETRIEVE,4294154,4531716,237562
DELETE,693559,1554126,860567
RETRIEVE,2494646,2771874,277228
RETRIEVE,2998733,3443317,444584
RETRIEVE,171355,550299,378944
DELETE,3047992,4225088,1177096
ADD,1082442,2586861,1504419
ADD,2278083,3166906,888823
DELETE,2426551,3513300,1086749
ADD,2479208,3409721,930513
ADD,247188,664311,417123
RETRIEVE,294842,652286,357444
RETRIEVE,3711280,3947108,235828
ADD,2618971,4171084,1552113
ADD,3712929,4655671,942742
RETRIEVE,2511480,2746302,234822
ADD,1966310,3483690,1517380
ADD,1432720,2839612,1406892
RETRIEVE,1420905,1586085,165180
ADD,1818101,2896336,1078235
DELETE,1367359,2146334,778975
RETRIEVE,1100097,1338027,237930
RETRIEVE,3589675,3770813,181138
ADD,3115351,4007991,892640
ADD,785893,2725140,1939247
RETRIEVE,3305930,3550032,244102
DELETE,949750,3099856,2150106
RETRIEVE,949514,1283134,333620
RETRIEVE,1656856,1878334,221478
ADD,770387,1774405,1004018
RETRIEVE,187552,416416,228864
RETRIEVE,426551,656579,230028
DELETE,2519729,3774017,1254288
RETRIEVE,4094945,4343763,248818
ADD,2951257,3823886,872629
ADD,2121552,3178692,1057140
DELETE,1591064,3358677,1767613
ADD,381709,1517597,1135888
ADD,866957,2111962,1245005
DELETE,1763060,3003998,1240938
ADD,238339,1790980,1552641
RETRIEVE,1520926,1790462,269536
DELETE,2023468,3482389,1458921
DELETE,2466783,3677565,1210782
DELETE,2841241,4308454,1467213
RETRIEVE,681038,1036700,355662
ADD,499537,1575716,1076179
RETRIEVE,4478968,4551710,72742
RETRIEVE,3188298,3378800,190502
RETRIEVE,3375291,3628167,252876
RETRIEVE,4509005,4685409,176404
RETRIEVE,2133358,2632178,498820
RETRIEVE,4086160,4178222,92062
RETRIEVE,275578,487498,211920
ADD,2668387,4004276,1335889
ADD,3337065,4775651,1438586
ADD,2632401,3707496,1075095
ADD,2512870,3744089,1231219
ADD,1247188,1440056,192868
DELETE,2260841,2399919,139078
RETRIEVE,2182324,2505152,322828
RETRIEVE,2935942,3177804,241862
RETRIEVE,3950506,4345952,395446
ADD,1799295,2803248,1003953
RETRIEVE,645679,954361,308682
RETRIEVE,1638934,1878026,239092
RETRIEVE,3949750,4302718,352968
RETRIEVE,1268180,1521822,253642
ADD,3210771,4327231,1116460
DELETE,3368767,4724204,1355437
RETRIEVE,2518828,2964706,445878
ADD,3459222,4270678,811456
RETRIEVE,3876977,4084941,207964
ADD,3075492,3708385,632893
RETRIEVE,4089776,4346712,256936
RETRIEVE,1233426,1706512,473086
RETRIEVE,2573673,2739639,165966
RETRIEVE,1782698,1969808,187110
RETRIEVE,2772246,3008486,236240
RETRIEVE,3992914,4239276,246362
RETRIEVE,4025947,4305159,279212
DELETE,1871200,2709347,838147
DELETE,2211193,3413961,1202768
DELETE,787903,1414320,626417
RETRIEVE,3532779,3732377,199598
ADD,977644,2142974,1165330
ADD,1994409,2589706,595297
ADD,3938195,4577239,639044
ADD,1885032,3243165,1358133
DELETE,698880,1037505,338625
ADD,1427080,2748331,1321251
DELETE,3479208,4686145,1206937
DELETE,418027,1524954,1106927
DELETE,25947,1696821,1670874
RETRIEVE,28023,253033,225010
RETRIEVE,1479208,1782976,303768
RETRIEVE,2263333,2448553,185220
DELETE,1115351,2699648,1584297
RETRIEVE,4314363,4526889,212526
RETRIEVE,3786418,4107888,321470
RETRIEVE,2426722,2669994,243272
RETRIEVE,3095175,3518997,423822
RETRIEVE,1840508,2192420,351912
RETRIEVE,2332146,2709300,377154
DELETE,3185801,4224347,1038546
DELETE,3682992,4459178,776186
RETRIEVE,978846,1134804,155958
ADD,1297786,2419045,1121259
ADD,1059781,2960877,1901096
RETRIEVE,4581104,4895270,314166
ADD,1476740,3798692,2321952
ADD,2784087,3794164,1010077
ADD,2660240,4172747,1512507
RETRIEVE,3702088,4073898,371810
ADD,3059446,4221145,1161699
RETRIEVE,668387,870719,202332
RETRIEVE,2420583,2753107,332524
ADD,753918,1858084,1104166
ADD,888816,1880178,991362
RETRIEVE,4330227,4554901,224674
RETRIEVE,537161,791759,254598
RETRIEVE,651156,988200,337044
DELETE,2929131,3738549,809418
DELETE,2871527,3966160,1094633
DELETE,1733298,2783629,1050331
DELETE,1111496,2510393,1398897
ADD,2376799,3367883,991084
RETRIEVE,1665023,1999907,334884
DELETE,2244809,3534116,1289307
DELETE,2959787,3972893,1013106
RETRIEVE,356360,773008,416648
ADD,1012877,2031236,1018359
ADD,3638997,4749695,1110698
RETRIEVE,2940340,3344718,404378
ADD,3151893,4543749,1391856
DELETE,1660066,2730241,1070175
RETRIEVE,3835347,4135919,300572
DELETE,1017220,2350914,1333694
RETRIEVE,2498305,2631343,133038
RETRIEVE,1017322,1244636,227314
RETRIEVE,713114,1101622,388508
RETRIEVE,1529036,1873884,344848
RETRIEVE,2912016,3325354,413338
RETRIEVE,832752,1054912,222160
ADD,2151922,2492484,340562
RETRIEVE,1726028,1992240,266212
RETRIEVE,4612978,4866254,253276
RETRIEVE,3218645,3443927,225282
ADD,1698880,2987344,1288464
DELETE,1581104,2632055,1050951
RETRIEVE,4297786,4611364,313578
RETRIEVE,375291,570529,195238
RETRIEVE,2952547,3226147,273600
ADD,2659908,4007480,1347572
DELETE,557244,1259351,702107
ADD,334940,1234149,899209
RETRIEVE,1923652,2108668,185016
RETRIEVE,4182324,4535482,353158
ADD,2420691,3237038,816347
ADD,3220705,4011584,790879
DELETE,1089776,2257710,1167934
RETRIEVE,2638873,2896723,257850
ADD,263378,1152322,888944
DELETE,268480,1314910,1046430
RETRIEVE,2015884,2266498,250614
ADD,2354806,3897654,1542848
DELETE,3077467,4634165,1556698
DELETE,2724203,3911889,1187686
DELETE,3814131,4670353,856222
RETRIEVE,219575,386441,166866
RETRIEVE,2320315,2547517,227202
DELETE,972228,1983027,1010799
DELETE,3023468,4299527,1276059
RETRIEVE,2202433,2472901,270468
DELETE,3026046,4345046,1319000
RETRIEVE,3476459,3727877,251418
RETRIEVE,4332146,4529132,196986
DELETE,2893950,4072973,1179023
ADD,1992914,2600746,607832
DELETE,1414571,2818878,1404307
ADD,2406527,3836024,1429497
RETRIEVE,1496826,1704252,207426
RETRIEVE,1041547,1129471,87924
RETRIEVE,1238523,1469841,231318
ADD,1616523,2059188,442665
RETRIEVE,3526505,3759743,233238
RETRIEVE,187450,269310,81860
RETRIEVE,421718,625208,203490
RETRIEVE,4355879,4693463,337584
ADD,387998,1699837,1311839
DELETE,2808868,4001603,1192735
ADD,2231610,3405232,1173622
DELETE,12877,977743,964866
RETRIEVE,1302389,1598351,295962
RETRIEVE,972704,1337370,364666
RETRIEVE,2872574,3048304,175730
DELETE,3085490,4438324,1352834
RETRIEVE,2628214,3054450,426236
DELETE,2132699,3500588,1367889
RETRIEVE,1475922,1706828,230906
RETRIEVE,2030530,2101474,70944
RETRIEVE,2673610,2990524,316914
RETRIEVE,2034567,2264211,229644
RETRIEVE,2453755,2853713,399958
DELETE,3343889,4417992,1074103
RETRIEVE,144877,510465,365588
DELETE,1770697,2713421,942724
RETRIEVE,283119,342251,59132
RETRIEVE,3004209,3354961,350752
RETRIEVE,277539,424039,146500
DELETE,3152668,4139500,986832
RETRIEVE,2613996,2917464,303468
ADD,3474974,3849212,374238
DELETE,1770387,3055229,1284842
RETRIEVE,3261066,3796478,535412
RETRIEVE,1669212,1932608,263396
DELETE,2544894,3762457,1217563
ADD,2418772,3474884,1056112
RETRIEVE,232687,548859,316172
DELETE,3922123,4650263,728140
DELETE,3830607,4596722,766115
ADD,2966310,4278167,1311857
ADD,2366355,4079966,1713611
DELETE,4176751,4662718,485967
ADD,2681062,4042901,1361839
RETRIEVE,392900,619730,226830
DELETE,899897,2138315,1238418
RETRIEVE,3292197,3427017,134820
RETRIEVE,2521008,2783066,262058
RETRIEVE,3033050,3263070,230020
ADD,2151573,2190586,39013
RETRIEVE,4478583,4783721,305138
RETRIEVE,3646944,3864742,217798
ADD,3482903,4176459,693556
ADD,632788,1830794,1198006
ADD,1106893,2533880,1426987
ADD,2855768,3866299,1010531
RETRIEVE,952547,1449127,496580
DELETE,1558310,2200217,641907
RETRIEVE,867824,1058558,190734
ADD,3688909,4827104,1138195
ADD,2453519,3403089,949570
ADD,990784,2262684,1271900
RETRIEVE,4520362,4785374,265012
RETRIEVE,3817254,4053158,235904
RETRIEVE,129491,442861,313370
RETRIEVE,3628214,4007600,379386
RETRIEVE,2729694,3073912,344218
RETRIEVE,372638,618742,246104
DELETE,1547293,2337042,789749
DELETE,1597461,2718702,1121241
ADD,3337569,4614879,1277310
RETRIEVE,3406527,3789435,382908
ADD,1993065,2915963,922898
RETRIEVE,4108455,4362761,254306
ADD,1921629,3339601,1417972
ADD,3618139,4706000,1087861
RETRIEVE,4080926,4278890,197964
RETRIEVE,442729,703113,260384
DELETE,2534819,4352284,1817465
RETRIEVE,4101972,4336742,234770
RETRIEVE,4521008,4731440,210432
ADD,94840,1155704,1060864
RETRIEVE,2709086,2955012,245926
RETRIEVE,1275578,1738578,463000
RETRIEVE,1420583,1713729,293146
RETRIEVE,4113180,4325928,212748
ADD,40496,1661221,1620725
RETRIEVE,269349,359009,89660
DELETE,2885254,4055087,1169833
DELETE,1480389,2490299,1009910
RETRIEVE,4247188,4458946,211758
ADD,3012344,4243721,1231377
DELETE,827418,1755134,927716
RETRIEVE,371455,634767,263312
ADD,2974865,4523716,1548851
ADD,3969085,4891881,922796
RETRIEVE,453755,714093,260338
DELETE,2553735,3599832,1046097
RETRIEVE,2958715,3167749,209034
DELETE,56428,1205629,1149201
RETRIEVE,3306138,3462194,156056
RETRIEVE,3732710,3965680,232970
DELETE,592261,1323329,731068
ADD,1324152,2416228,1092076
ADD,345800,869279,523479
RETRIEVE,2663709,2892933,229224
RETRIEVE,373920,655526,281606
DELETE,1532779,2652148,1119369
RETRIEVE,90372,242644,152272
RETRIEVE,3793656,4079502,285846
ADD,2277539,2862682,585143
RETRIEVE,108906,307954,199048
RETRIEVE,1442717,1753543,310826
ADD,1830607,2098887,268280
DELETE,2401771,3585788,1184017
ADD,59446,2062525,2003079
RETRIEVE,230873,459661,228788
DELETE,593556,1623459,1029903
RETRIEVE,1130114,1319006,188892
RETRIEVE,4426722,4694328,267606
ADD,1463367,2746560,1283193
RETRIEVE,2233426,2535020,301594
ADD,249406,1627374,1377968
DELETE,3833995,4747434,913439
ADD,1276085,2182955,906870
DELETE,1968330,3890280,1921950
DELETE,3240322,4448510,1208188
ADD,542006,1913499,1371493
DELETE,85490,1020941,935451
ADD,3387488,4566687,1179199
RETRIEVE,530606,740288,209682
ADD,1302152,3008740,1706588
DELETE,49450,1363206,1313756
DELETE,638873,991015,352142
RETRIEVE,4033379,4280523,247144
RETRIEVE,151893,360275,208382
RETRIEVE,3218034,3434178,216144
ADD,1094945,1861811,766866
DELETE,3135422,4221986,1086564
RETRIEVE,3510689,3826199,315510
ADD,2575725,4410107,1834382
RETRIEVE,1380026,1752388,372362
DELETE,3277539,4335976,1058437
DELETE,174069,928641,754572
RETRIEVE,4633008,4861518,228510
ADD,756722,2334265,1577543
RETRIEVE,253780,532008,278228
RETRIEVE,1345800,1608354,262554
RETRIEVE,4132085,4414089,282004
DELETE,1757136,2955337,1198201
ADD,1850275,3764619,1914344
RETRIEVE,4035079,4285987,250908
DELETE,2164799,3265232,1100433
RETRIEVE,3673610,4012892,339282
RETRIEVE,2827418,2959278,131860
ADD,2032711,3811997,1779286
RETRIEVE,756911,924495,167584
DELETE,1108906,2514269,1405363
RETRIEVE,1937249,2226319,289070
ADD,1853326,2616495,763169
DELETE,2530951,4102176,1571225
DELETE,2622727,3488649,865922
ADD,2674594,3542091,867497
RETRIEVE,1569727,1833605,263878
RETRIEVE,3546780,3824274,277494
DELETE,2969085,4439698,1470613
RETRIEVE,1233581,1379663,146082
ADD,2752995,3804539,1051544
DELETE,1800560,3572805,1772245
RETRIEVE,2338906,2662614,323708
ADD,1549798,2387037,837239
RETRIEVE,2452454,2619852,167398
RETRIEVE,650740,972680,321940
RETRIEVE,2445431,2700523,255092
RETRIEVE,3558259,3802611,244352
ADD,1091070,2501260,1410190
ADD,35638,1976108,1940470
RETRIEVE,1959787,2115569,155782
RETRIEVE,2146314,2301550,155236
DELETE,1478583,2351527,872944
RETRIEVE,2742657,2962323,219666
RETRIEVE,3681454,3964362,282908
RETRIEVE,222024,475094,253070
ADD,1938680,3022520,1083840
RETRIEVE,2010562,2303624,293062
DELETE,161877,1524355,1362478
RETRIEVE,1192811,1290949,98138
ADD,3313105,4824213,1511108
RETRIEVE,1394635,1632775,238140
RETRIEVE,1835347,2094219,258872
RETRIEVE,194299,483527,289228
RETRIEVE,3088332,3368480,280148
RETRIEVE,1617905,1868773,250868
ADD,3056428,4137211,1080783
ADD,4359822,4858584,498762
RETRIEVE,498305,705449,207144
ADD,855776,2409880,1554104
RETRIEVE,2106893,2391679,284786
ADD,688909,2650187,1961278
DELETE,3086160,4505513,1419353
RETRIEVE,3406660,3676642,269982
RETRIEVE,4680498,4817722,137224
DELETE,302822,1038782,735960
DELETE,1777612,3208240,1430628
DELETE,1246413,2041397,794984
RETRIEVE,1519729,1833201,313472
RETRIEVE,526505,795639,269134
RETRIEVE,1302822,1529486,226664
DELETE,1248581,2613097,1364516
RETRIEVE,3850346,4073106,222760
ADD,3782698,4262375,479677
RETRIEVE,3179608,3421814,242206
RETRIEVE,1023468,1216766,193298
DELETE,3280987,4535590,1254603
ADD,1560641,2551725,991084
RETRIEVE,3255715,3532001,276286
ADD,507148,2044660,1537512
DELETE,1337569,3127741,1790172
DELETE,3521008,4534512,1013504
RETRIEVE,290271,546131,255860
RETRIEVE,1208361,1513401,305040
RETRIEVE,332770,460494,127724
DELETE,1640637,2944267,1303630
RETRIEVE,2955854,3407200,451346
ADD,2923652,3904212,980560
ADD,3474862,3940457,465595
RETRIEVE,1885254,2049398,164144
RETRIEVE,2531837,2784199,252362
RETRIEVE,2807396,3101748,294352
ADD,394635,1677115,1282480
DELETE,1940064,2667121,727057
DELETE,3409949,4829617,1419668
RETRIEVE,3314363,3619453,305090
RETRIEVE,255715,516307,260592
RETRIEVE,3536292,3837566,301274
ADD,3032711,3859814,827103
RETRIEVE,1685047,1971697,286650
DELETE,1277539,2141080,863541
DELETE,2022059,2574610,552551
RETRIEVE,1314363,1609201,294838
RETRIEVE,1239056,1587282,348226
RETRIEVE,729036,988700,259664
RETRIEVE,4216750,4447368,230618
RETRIEVE,2509371,2732665,223294
DELETE,9874,849068,839194
ADD,569727,1889969,1320242
DELETE,936712,1992675,1055963
RETRIEVE,390379,769185,378806
DELETE,2660228,3685758,1025530
RETRIEVE,1209322,1354202,144880
RETRIEVE,1770725,2011059,240334
RETRIEVE,1192565,1508931,316366
RETRIEVE,3012877,3404403,391526
ADD,2723833,4426326,1702493
DELETE,91070,964570,873500
DELETE,893950,1901738,1007788
RETRIEVE,2780596,3032406,251810
RETRIEVE,1666804,1972450,305646
ADD,2014179,3716404,1702225
ADD,3244809,3895758,650949
RETRIEVE,1531608,1774786,243178
RETRIEVE,3766685,3940703,174018
RETRIEVE,1433245,1742987,309742
RETRIEVE,1726259,2039027,312768
RETRIEVE,4667641,4863413,195772
RETRIEVE,3356360,3744394,388034
RETRIEVE,1693559,1941859,248300
ADD,1557319,2817619,1260300
ADD,729330,1915524,1186194
RETRIEVE,3680498,3855946,175448
RETRIEVE,4441810,4787666,345856
ADD,2713694,4118854,1405160
DELETE,10562,1097700,1087138
DELETE,2652752,3467209,814457
ADD,979461,2023649,1044188
DELETE,2224296,3671498,1447202
RETRIEVE,2353707,2681173,327466
ADD,3359822,4140316,780494
DELETE,3633008,3669436,36428
DELETE,3665303,4716505,1051202
ADD,3547293,4296306,749013
ADD,3122232,4693225,1570993
ADD,211193,964746,753553
DELETE,2484488,3582966,1098478
ADD,3709086,4352605,643519
RETRIEVE,623030,863938,240908
DELETE,3038953,4280650,1241697
RETRIEVE,3766938,4125242,358304
RETRIEVE,4135287,4336135,200848
RETRIEVE,3885254,4124664,239410
ADD,338906,1415955,1077049
DELETE,1650880,2931090,1280210
ADD,887642,2371346,1483704
ADD,1124349,1728355,604006
RETRIEVE,4674059,4884307,210248
DELETE,883573,2575542,1691969
RETRIEVE,3235124,3388598,153474
DELETE,237473,1902630,1665157
RETRIEVE,2650740,2918846,268106
ADD,1053446,2959146,1905700
DELETE,332146,1563375,1231229
DELETE,3197135,4498699,1301564
RETRIEVE,846038,1091506,245468
RETRIEVE,4136292,4323018,186726
DELETE,1660228,2948461,1288233
DELETE,39678,1294299,1254621
RETRIEVE,662827,985587,322760
ADD,80926,1118935,1038009
RETRIEVE,2921629,3199537,277908
RETRIEVE,2273584,2629420,355836
DELETE,1230632,2654506,1423874
ADD,406527,1682206,1275679
RETRIEVE,2570513,2755641,185128
ADD,3286197,4598860,1312663
ADD,1589675,2404614,814939
DELETE,1074989,2481344,1406355
RETRIEVE,1091891,1504989,413098
DELETE,871200,1745460,874260
ADD,2681454,4093386,1411932
ADD,2884058,4069807,1185749
RETRIEVE,766938,1140276,373338
ADD,2818101,3824666,1006565
DELETE,1575725,3530221,1954496
DELETE,3441699,4442085,1000386
ADD,2902750,4477783,1575033
DELETE,1487338,2727905,1240567
DELETE,559448,1931793,1372345
DELETE,302152,2248199,1946047
ADD,3216080,4503303,1287223
RETRIEVE,4231610,4479504,247894
RETRIEVE,790905,907903,116998
RETRIEVE,1845394,2064018,218624
DELETE,2337065,3577892,1240827
RETRIEVE,4539203,4860731,321528
RETRIEVE,3696765,3929761,232996
DELETE,2616523,3441310,824787
ADD,1094840,2249507,1154667
DELETE,2812737,3662372,849635
RETRIEVE,1571196,1758166,186970
RETRIEVE,2987386,3244972,257586
RETRIEVE,858771,1076325,217554
ADD,3478322,4746043,1267721
ADD,2968061,4534570,1566509
ADD,1152668,1964828,812160
RETRIEVE,857388,1097058,239670
ADD,3136292,4048860,912568
RETRIEVE,1709086,1876290,167204
RETRIEVE,734114,977574,243460
RETRIEVE,1095066,1460602,365536
RETRIEVE,3338607,3582695,244088
RETRIEVE,3374850,3699558,324708
DELETE,547293,1094665,547372
DELETE,1677690,2483263,805573
DELETE,575725,2075762,1500037
RETRIEVE,4175133,4186327,11194
DELETE,913835,2140552,1226717
RETRIEVE,3030530,3232812,202282
ADD,2931422,3905701,974279
ADD,2557627,4233985,1676358
ADD,1708621,3120349,1411728
RETRIEVE,250930,442708,191778
RETRIEVE,4360715,4627125,266410
RETRIEVE,2345,256307,253962
ADD,3539203,4514473,975270
RETRIEVE,2809699,3050303,240604
ADD,833100,2386111,1553011
RETRIEVE,2993185,3285281,292096
ADD,718147,1372218,654071
RETRIEVE,3371455,3615675,244220
DELETE,454491,2190383,1735892
DELETE,2952643,4271013,1318370
ADD,254033,2462477,2208444
DELETE,2806865,4179655,1372790
DELETE,3082515,4387257,1304742
DELETE,1625578,2548272,922694
DELETE,553128,2148895,1595767
RETRIEVE,3735111,3986519,251408
RETRIEVE,1071912,1395456,323544
DELETE,1255715,2537509,1281794
ADD,3432720,4872658,1439938
ADD,2287837,3109901,822064
RETRIEVE,1274588,1542944,268356
ADD,799274,1985690,1186416
RETRIEVE,1771967,2037329,265362
RETRIEVE,1454119,1673833,219714
RETRIEVE,958454,1341720,383266
RETRIEVE,1192272,1429874,237602
RETRIEVE,2294055,2507507,213452
RETRIEVE,41964,292508,250544
RETRIEVE,1075535,1340069,264534
DELETE,2621395,3586187,964792
RETRIEVE,1806865,2200515,393650
ADD,2758764,3414077,655313
DELETE,1622815,3415433,1792618
RETRIEVE,4238523,4459809,221286
RETRIEVE,115351,329213,213862
RETRIEVE,996456,1285190,288734
RETRIEVE,2963467,3156945,193478
RETRIEVE,617905,877163,259258
ADD,2589675,3353762,764087
RETRIEVE,4012253,4275727,263474
DELETE,3834916,4708231,873315
DELETE,3560340,4526549,966209
DELETE,2017322,2863418,846096
DELETE,1235124,2260459,1025335
DELETE,1841965,4199113,2357148
DELETE,2318801,3511499,1192698
RETRIEVE,2558786,2805584,246798
DELETE,2990723,3688328,697605
ADD,516715,1781509,1264794
RETRIEVE,3729036,4027178,298142
DELETE,685339,1913520,1228181
DELETE,1015884,2026970,1011086
RETRIEVE,3623030,3916182,293152
DELETE,1557627,2625681,1068054
ADD,117384,1177405,1060021
DELETE,2144980,4145872,2000892
RETRIEVE,1171355,1440397,269042
RETRIEVE,1535083,1869505,334422
DELETE,3029366,4256731,1227365
ADD,4209322,4455683,246361
RETRIEVE,4331155,4640411,309256
RETRIEVE,2309998,2483722,173724
DELETE,137485,1189224,1051739
ADD,2286197,3820262,1534065
RETRIEVE,3755954,4079402,323448
DELETE,248581,1622751,1374170
DELETE,2729330,3841881,1112551
DELETE,931566,2697187,1765621
ADD,420691,1099257,678566
RETRIEVE,29366,325784,296418
DELETE,664908,1748016,1083108
RETRIEVE,952643,1272981,320338
ADD,3836291,4600035,763744
ADD,1732710,2784051,1051341
RETRIEVE,1899725,2186173,286448
DELETE,3216750,4161614,944864
ADD,233581,509653,276072
RETRIEVE,4618305,4895823,277518
RETRIEVE,2419838,2756338,336500
RETRIEVE,701390,1031908,330518
RETRIEVE,3130114,3328716,198602
DELETE,511933,2285207,1773274
RETRIEVE,509371,745859,236488
DELETE,3178172,4474947,1296775
DELETE,2482903,3541136,1058233
ADD,1330227,2548773,1218546
RETRIEVE,2225100,2604910,379810
RETRIEVE,2900859,3030691,129832
ADD,1642499,2625412,982913
DELETE,2435737,3590738,1155001
RETRIEVE,3657545,4055541,397996
DELETE,3454119,4275126,821007
ADD,406064,1519764,1113700
ADD,2327392,4110838,1783446
DELETE,3219575,4447394,1227819
RETRIEVE,343810,545300,201490
ADD,1558943,2488743,929800
RETRIEVE,2519561,2707915,188354
DELETE,3309998,4456031,1146033
ADD,1620339,3470628,1850289
ADD,476740,2310437,1833697
RETRIEVE,472067,613055,140988
ADD,951257,2128326,1177069
ADD,546593,2156655,1610062
RETRIEVE,4423714,4613768,190054
ADD,2536292,3628822,1092530
RETRIEVE,674059,882239,208180
ADD,3983662,4499452,515790
DELETE,132085,1746279,1614194
DELETE,1989124,3137408,1148284
RETRIEVE,48947,264507,215560
RETRIEVE,4419137,4696991,277854
DELETE,1181921,1707744,525823
ADD,2532779,4383661,1850882
RETRIEVE,1523972,1726924,202952
ADD,2181921,3507045,1325124
RETRIEVE,2852480,3215896,363416
ADD,2354113,3670315,1316202
ADD,508940,2031017,1522077
ADD,1525518,2797946,1272428
RETRIEVE,3420691,3571675,150984
DELETE,1017694,2106657,1088963
RETRIEVE,2980703,3277135,296432
RETRIEVE,2979461,3139719,160258
RETRIEVE,528691,740271,211580
DELETE,1887283,2826255,938972
DELETE,2048947,3217085,1168138
RETRIEVE,171537,242583,71046
DELETE,2823781,4820616,1996835
RETRIEVE,176154,588344,412190
DELETE,1977644,2728631,750987
RETRIEVE,1016741,1328461,311720
RETRIEVE,1294842,1578732,283890
DELETE,1254666,2758714,1504048
RETRIEVE,4030542,4295996,265454
DELETE,3727411,4840258,1112847
RETRIEVE,3101972,3448224,346252
ADD,1949072,3379700,1430628
DELETE,2646944,3845145,1198201
ADD,3254666,4406396,1151730
ADD,287837,1530183,1242346
RETRIEVE,2281639,2553975,272336
RETRIEVE,3181793,3513621,331828
RETRIEVE,1019887,1370507,350620
RETRIEVE,785889,1038553,252664
RETRIEVE,2899725,3156151,256426
RETRIEVE,82318,252910,170592
DELETE,570513,1090018,519505
DELETE,1815108,2636727,821619
RETRIEVE,2033050,2235254,202204
ADD,1555980,1555980,0
DELETE,1983600,3048078,1064478
ADD,380026,1770140,1390114
DELETE,2802422,4614097,1811675
DELETE,838943,2019106,1180163
DELETE,2158453,3155828,997375
RETRIEVE,3354806,3705066,350260
ADD,923652,1814588,890936
RETRIEVE,1628629,1923851,295222
RETRIEVE,2984232,3275706,291474
RETRIEVE,4050246,4410736,360490
RETRIEVE,4287516,4558500,270984
RETRIEVE,1887194,2245476,358282
RETRIEVE,4484488,4704086,219598
RETRIEVE,2834660,3146160,311500
ADD,178172,949642,771470
DELETE,1638997,3027323,1388326
RETRIEVE,1140994,1426278,285284
DELETE,773516,1824069,1050553
RETRIEVE,3518828,3809100,290272
RETRIEVE,1331155,1633247,302092
DELETE,2980104,4635413,1655309
ADD,1987386,3119114,1131728
DELETE,2056048,3423390,1367342
ADD,827935,2697578,1869643
RETRIEVE,3748056,4031300,283244
RETRIEVE,1941547,2219419,277872
RETRIEVE,4245407,4571649,326242
ADD,474746,1516479,1041733
RETRIEVE,3075535,3333419,257884
RETRIEVE,3146205,3582071,435866
RETRIEVE,420583,706209,285626
RETRIEVE,3657407,3921203,263796
DELETE,1812737,3340364,1527627
ADD,775572,1626939,851367
RETRIEVE,3453612,3754502,300890
RETRIEVE,3044447,3198647,154200
DELETE,2682992,4001918,1318926
RETRIEVE,3987386,4278740,291354
RETRIEVE,969085,1289259,320174
ADD,667641,1348551,680910
ADD,3834660,4847970,1013310
ADD,3318801,4393210,1074409
RETRIEVE,1287516,1597834,310318
DELETE,2080926,3078616,997690
ADD,3836463,4779743,943280
DELETE,1942984,2790858,847874
DELETE,812565,2411333,1598768
ADD,2547293,3623694,1076401
RETRIEVE,4051597,4169399,117802
RETRIEVE,630485,923193,292708
ADD,723833,1848919,1125086
DELETE,2824686,4786408,1961722
RETRIEVE,3855776,4090908,235132
ADD,727411,2048579,1321168
ADD,3931422,4299573,368151
ADD,152668,1261003,1108335
RETRIEVE,4476740,4792536,315796
RETRIEVE,1505569,1745289,239720
ADD,1230873,2787488,1556615
DELETE,2913967,4568767,1654800
RETRIEVE,1056048,1345672,289624
ADD,435737,1555097,1119360
RETRIEVE,419838,625162,205324
RETRIEVE,3756911,3987345,230434
ADD,1101469,3542025,2440556
ADD,3263333,4217239,953906
DELETE,1101972,1968764,866792
ADD,66760,1151981,1085221
DELETE,398856,1504755,1105899
RETRIEVE,2657545,3052357,394812
ADD,2297786,3517749,1219963
RETRIEVE,1219557,1591319,371762
DELETE,3041547,3928443,886896
RETRIEVE,3101469,3647589,546120
ADD,423714,1693084,1269370
DELETE,3422716,4397310,974594
ADD,188138,1349874,1161736
ADD,1756722,3040295,1283573
RETRIEVE,3612426,3898038,285612
DELETE,1555759,3237815,1682056
DELETE,2302152,4090647,1788495
DELETE,1343889,2428294,1084405
ADD,1812565,3406117,1593552
RETRIEVE,67585,244305,176720
RETRIEVE,2004836,2360720,355884
ADD,1476459,2946201,1469742
ADD,2822639,3657015,834376
ADD,983662,2047908,1064246
RETRIEVE,1972228,2250088,277860
RETRIEVE,3900859,4134147,233288
DELETE,603866,1061512,457646
ADD,352262,1261189,908927
RETRIEVE,1736338,2067802,331464
DELETE,3342738,4529460,1186722
DELETE,3847911,4670308,822397
RETRIEVE,2469818,2704764,234946
DELETE,896783,1862131,965348
DELETE,382928,1370029,987101
ADD,1083468,2352542,1269074
DELETE,994409,2051253,1056844
RETRIEVE,2784938,3167012,382074
ADD,993065,2343787,1350722
ADD,2814131,3277604,463473
RETRIEVE,3363551,3510475,146924
DELETE,968330,1904717,936387
RETRIEVE,2299459,2451145,151686
RETRIEVE,467272,735768,268496
ADD,2537440,3769419,1231979
RETRIEVE,4406064,4565986,159922
RETRIEVE,4467272,4721940,254668
DELETE,1474746,2943275,1468529
DELETE,15884,1778124,1762240
RETRIEVE,505569,848967,343398
RETRIEVE,2561010,2759204,198194
DELETE,1620940,2410986,790046
ADD,155379,1668386,1513007
ADD,3381709,4340331,958622
RETRIEVE,2742198,2942652,200454
DELETE,2753918,3960160,1206242
ADD,518828,2066142,1547314
RETRIEVE,3302822,3640672,337850
DELETE,55050,1730982,1675932
RETRIEVE,3067585,3306469,238884
DELETE,2660066,4253535,1593469
ADD,1826758,2287646,460888
RETRIEVE,3650880,3812806,161926
RETRIEVE,2002345,2146805,144460
RETRIEVE,674594,927588,252994
ADD,1113180,1737271,624091
DELETE,449796,2583948,2134152
DELETE,1394254,2710567,1316313
DELETE,1770181,2902224,1132043
ADD,3395182,4637259,1242077
DELETE,536563,1008458,471895
DELETE,608160,1905518,1297358
DELETE,1747742,2739392,991650
RETRIEVE,1747813,1973593,225780
RETRIEVE,4294842,4550532,255690
DELETE,2047992,3152418,1104426
DELETE,2998362,4315732,1317370
ADD,2953635,4223811,1270176
DELETE,2292039,3347298,1055259
DELETE,2062288,3617986,1555698
RETRIEVE,3926010,4194568,268558
ADD,2135422,3585774,1450352
DELETE,3888816,4431760,542944
ADD,1660240,3113677,1453437
DELETE,427080,1810366,1383286
DELETE,2403856,3430229,1026373
ADD,2617905,4083988,1466083
RETRIEVE,3572706,3705256,132550
RETRIEVE,900770,1052890,152120
DELETE,1406527,2613001,1206474
RETRIEVE,2974925,3304743,329818
RETRIEVE,1401250,1670842,269592
DELETE,1550130,2510790,960660
RETRIEVE,2210771,2568291,357520
RETRIEVE,4622815,4899379,276564
RETRIEVE,953635,1412639,459004
RETRIEVE,2698880,3021708,322828
RETRIEVE,1827223,2165559,338336
RETRIEVE,2249406,2406484,157078
RETRIEVE,887194,1330006,442812
ADD,710256,2351381,1641125
ADD,3353827,4716509,1362682
RETRIEVE,17322,261586,244264
ADD,3544366,4739584,1195218
DELETE,3043102,3532840,489738
RETRIEVE,69761,402735,332974
DELETE,1657545,3558335,1900790
ADD,980703,2154937,1174234
RETRIEVE,1173432,1589168,415736
RETRIEVE,1608580,1844416,235836
RETRIEVE,2667641,2911581,243940
RETRIEVE,656856,982710,325854
RETRIEVE,2530606,2664990,134384
ADD,509005,1746228,1237223
ADD,2630485,3783484,1152999
RETRIEVE,53446,299054,245608
DELETE,75535,1290319,1214784
RETRIEVE,3266573,3444209,177636
ADD,463945,2104311,1640366
RETRIEVE,1144877,1534261,389384
RETRIEVE,3316602,3499014,182412
ADD,1659908,2788912,1129004
RETRIEVE,692556,899836,207280
RETRIEVE,419137,632505,213368
DELETE,1356360,2999014,1642654
RETRIEVE,913967,1189407,275440
DELETE,2676621,4261900,1585279
DELETE,537440,1224428,686988
RETRIEVE,2748056,3044324,296268
DELETE,876977,1835617,958640
ADD,947266,1933366,986100
RETRIEVE,3980104,4332610,352506
ADD,140994,1710894,1569900
ADD,2823567,3634865,811298
RETRIEVE,4334940,4556124,221184
ADD,2771852,3333408,561556
RETRIEVE,3113180,3326248,213068
ADD,989124,1947032,957908
DELETE,2004209,3960549,1956340
RETRIEVE,677690,902640,224950
RETRIEVE,3051651,3350187,298536
DELETE,616523,1510497,893974
RETRIEVE,574515,910401,335886
ADD,1232687,3026537,1793850
DELETE,2996456,4258563,1262107
ADD,1476365,2865228,1388863
DELETE,992914,2415963,1423049
RETRIEVE,885254,1123432,238178
RETRIEVE,3542006,3787690,245684
RETRIEVE,572970,915666,342696
RETRIEVE,3247188,3460380,213192
RETRIEVE,1687328,1958204,270876
RETRIEVE,267072,484484,217412
RETRIEVE,2418027,2684993,266966
RETRIEVE,3373920,3643072,269152
DELETE,3121552,3990466,868914
DELETE,2431934,4281445,1849511
ADD,2233781,3412295,1178514
DELETE,1665991,1874914,208923
ADD,557544,1698157,1140613
ADD,1733491,3425534,1692043
ADD,2246413,3635110,1388697
RETRIEVE,2770697,2945715,175018
RETRIEVE,3154229,3383641,229412
ADD,3035470,4433153,1397683
RETRIEVE,2218034,2361800,143766
DELETE,2880313,4052527,1172214
RETRIEVE,1702088,1966746,264658
DELETE,2958454,4024405,1065951
ADD,2219575,3180744,961169
RETRIEVE,1701414,1927060,225646
RETRIEVE,1778770,2108128,329358
RETRIEVE,113180,422270,309090
ADD,850275,2380468,1530193
ADD,3132699,3767324,634625
DELETE,685030,2117446,1432416
RETRIEVE,3327392,3543946,216554
RETRIEVE,4469818,4535092,65274
DELETE,368767,1278241,909474
ADD,2135287,3801417,1666130
ADD,82442,1726995,1644553
RETRIEVE,2733298,2887864,154566
ADD,1151573,1883225,731652
RETRIEVE,2830607,3110883,280276
ADD,887281,2145506,1258225
ADD,974865,2855542,1880677
RETRIEVE,63717,225013,161296
RETRIEVE,4328661,4540619,211958
ADD,3858771,4502716,643945
ADD,2990784,4561796,1571012
RETRIEVE,3201761,3460029,258268
RETRIEVE,3645909,3927139,281230
DELETE,2261066,4360727,2099661
DELETE,30542,1165735,1135193
DELETE,123538,2099222,1975684
DELETE,1308882,2803388,1494506
RETRIEVE,3152247,3566627,414380
ADD,582433,1390183,807750
RETRIEVE,2306138,2519102,212964
RETRIEVE,2529036,2885280,356244
RETRIEVE,1599925,1926151,326226
RETRIEVE,3339671,3657219,317548
DELETE,3742198,4606906,864708
ADD,1668402,2919040,1250638
DELETE,3225113,4187811,962698
ADD,41543,1067675,1026132
ADD,317878,1412604,1094726
DELETE,2467272,3190539,723267
DELETE,2253780,3390131,1136351
ADD,209322,1292189,1082867
ADD,1067990,2850065,1782075
DELETE,3332146,4680385,1348239
RETRIEVE,1030542,1348008,317466
RETRIEVE,688685,931989,243304
DELETE,2794161,4130903,1336742
RETRIEVE,1005934,1244548,238614
ADD,1144980,2282378,1137398
RETRIEVE,2202689,2512553,309864
RETRIEVE,3608160,3882368,274208
RETRIEVE,4306506,4668184,361678
RETRIEVE,4193572,4499080,305508
RETRIEVE,1033379,1330777,297398
DELETE,2528439,4157623,1629184
RETRIEVE,1645909,1851803,205894
ADD,827223,2545679,1718456
RETRIEVE,2735111,3020771,285660
ADD,3571196,4355609,784413
RETRIEVE,3966538,4252548,286010
RETRIEVE,431934,731640,299706
RETRIEVE,3328661,3569209,240548
ADD,2913835,3872077,958242
RETRIEVE,1699473,2107377,407904
RETRIEVE,2051651,2236635,184984
RETRIEVE,246413,598463,352050
RETRIEVE,32711,343791,311080
RETRIEVE,3263378,3590034,326656
RETRIEVE,4508940,4809570,300630
RETRIEVE,3080926,3174528,93602
RETRIEVE,26046,209390,183344
RETRIEVE,3872085,4046223,174138
RETRIEVE,2581828,2894568,312740
DELETE,2292584,4066960,1774376
RETRIEVE,4620235,4873049,252814
ADD,2337569,3743488,1405919
ADD,2263378,3549267,1285889
ADD,1497055,2853011,1355956
ADD,1683598,2615584,931986
DELETE,52829,1116380,1063551
ADD,1743449,2851219,1107770
ADD,203874,795605,591731
DELETE,2569967,3314107,744140
RETRIEVE,2360715,2715493,354778
DELETE,612978,1804147,1191169
RETRIEVE,1900770,2162082,261312
DELETE,1618305,2559083,940778
DELETE,3463149,4455827,992678
RETRIEVE,3073663,3377171,303508
DELETE,3751831,4858110,1106279
ADD,3505569,4640975,1135406
DELETE,1988997,3668125,1679128
DELETE,2662506,3931626,1269120
ADD,3496826,4152037,655211
RETRIEVE,1004836,1249174,244338
RETRIEVE,3447104,3821194,374090
RETRIEVE,824686,1232224,407538
DELETE,807396,2126072,1318676
DELETE,2097897,2344082,246185
RETRIEVE,4220705,4414325,193620
ADD,2071912,3367640,1295728
RETRIEVE,3845453,4090307,244854
DELETE,735916,1956657,1220741
RETRIEVE,4133358,4778600,645242
DELETE,3638663,4625773,987110
ADD,1035638,2681507,1645869
ADD,1628214,3728718,2100504
DELETE,418772,1713193,1294421
RETRIEVE,3287516,3547626,260110
ADD,3353707,4850464,1496757
RETRIEVE,4202689,4478655,275966
RETRIEVE,931422,1144412,212990
ADD,4054531,4865496,810965
RETRIEVE,475300,619044,143744
RETRIEVE,4422546,4673258,250712
RETRIEVE,2217713,2553101,335388
DELETE,1495492,2760212,1264720
RETRIEVE,2799295,3063633,264338
ADD,267984,1322159,1054175
ADD,85239,1644022,1558783
DELETE,2209322,3130237,920915
RETRIEVE,3701414,3817074,115660
RETRIEVE,3546593,3625909,79316
RETRIEVE,4039678,4282594,242916
RETRIEVE,3067990,3308456,240466
RETRIEVE,1376799,1664599,287800
DELETE,3187450,4151491,964041
RETRIEVE,1137485,1358351,220866
RETRIEVE,904193,1173547,269354
DELETE,2475922,3810310,1334388
ADD,2874783,4744009,1869226
ADD,2035467,2800026,764559
DELETE,1244809,2055626,810817
DELETE,3497774,4395936,898162
DELETE,1618347,2125252,506905
DELETE,2325970,3259661,933691
ADD,2035638,3710060,1674422
ADD,4026046,4645236,619190
RETRIEVE,3676621,4082891,406270
RETRIEVE,1650740,2000672,349932
RETRIEVE,354113,640365,286252
RETRIEVE,3553735,3861009,307274
RETRIEVE,3848537,4164411,315874
ADD,1182324,2871856,1689532
DELETE,3713105,4804570,1091465
ADD,520362,1380104,859742
RETRIEVE,1164799,1447863,283064
ADD,2887281,4192625,1305344
RETRIEVE,2966538,3198408,231870
RETRIEVE,3790905,4015847,224942
ADD,1716356,3163734,1447378
ADD,3039678,4327216,1287538
ADD,2639538,4067497,1427959
ADD,1012345,1554520,542175
DELETE,67990,1830554,1762564
ADD,1403487,2287836,884349
ADD,2773516,2773516,0
RETRIEVE,758123,1152245,394122
RETRIEVE,893021,1267107,374086
DELETE,2152856,4092816,1939960
ADD,3656726,4821640,1164914
RETRIEVE,1257338,1538048,280710
RETRIEVE,628214,986468,358254
RETRIEVE,2725700,3027588,301888
DELETE,3306506,4197238,890732
ADD,567514,1649140,1081626
RETRIEVE,837289,1111521,274232
RETRIEVE,1509005,1705117,196112
ADD,3820435,4506320,685885
DELETE,1667312,3276290,1608978
DELETE,653848,2118967,1465119
RETRIEVE,4248459,4514163,265704
ADD,3729694,4662533,932839
RETRIEVE,4519561,4728021,208460
ADD,2520773,3608578,1087805
ADD,4146314,4895568,749254
ADD,3597461,4718702,1121241
RETRIEVE,1681062,1903024,221962
RETRIEVE,1073972,1279498,205526
RETRIEVE,1136292,1447762,311470
ADD,2075492,2939940,864448
RETRIEVE,2374850,2720848,345998
RETRIEVE,4033050,4299284,266234
ADD,523972,1059727,535755
RETRIEVE,4420905,4747843,326938
ADD,992832,3393653,2400821
RETRIEVE,2406660,2634160,227500
DELETE,3117384,3741837,624453
RETRIEVE,4449796,4734334,284538
ADD,3775572,4875190,1099618
RETRIEVE,1889131,2158671,269540
RETRIEVE,3133358,3572030,438672
RETRIEVE,3001580,3181168,179588
RETRIEVE,3553128,3800620,247492
ADD,2546593,4340619,1794026
RETRIEVE,2723752,2986258,262506
RETRIEVE,71666,355986,284320
RETRIEVE,1102562,1400146,297584
RETRIEVE,2956928,3245888,288960
DELETE,3290342,4775222,1484880
ADD,3082318,4595742,1513424
RETRIEVE,1791047,2074093,283046
RETRIEVE,391430,651790,260360
DELETE,695260,1130301,435041
DELETE,938195,2042686,1104491
ADD,1604031,2796831,1192800
RETRIEVE,231730,488986,257256
RETRIEVE,5934,430370,424436
DELETE,1866957,3290979,1424022
RETRIEVE,1867776,2071526,203750
RETRIEVE,2422716,2641492,218776
DELETE,1722150,2736275,1014125
ADD,2571501,3109025,537524
ADD,2883573,3818135,934562
RETRIEVE,687328,920712,233384
RETRIEVE,1091812,1360392,268580
RETRIEVE,2943630,3237012,293382
ADD,1957741,3049938,1092197
ADD,4202433,4831972,629539
ADD,1980703,2969916,989213
RETRIEVE,2701390,2980180,278790
RETRIEVE,179608,561830,382222
RETRIEVE,553735,817639,263904
RETRIEVE,4269349,4415127,145778
ADD,3529036,4655641,1126605
ADD,800560,3001732,2201172
DELETE,22059,1542237,1520178
DELETE,2852696,3689101,836405
DELETE,519729,1655626,1135897
RETRIEVE,3080527,3410019,329492
RETRIEVE,1080782,1418230,337448
