type,start,end,duration
RETRIEVE,6064510,6195674,131164
RETRIEVE,6221832,6453536,231704
DELETE,8291542,9167840,876298
DELETE,7679127,8870129,1191002
DELETE,7614156,8508084,893928
RETRIEVE,615823,831487,215664
RETRIEVE,3680143,3943109,262966
RETRIEVE,2694157,2895961,201804
ADD,5772521,7087269,1314748
RETRIEVE,9233407,9381143,147736
DELETE,5590207,6319543,729336
DELETE,3695845,4579193,883348
DELETE,1890691,2803945,913254
ADD,495486,1272441,776955
DELETE,7697658,8438871,741213
DELETE,2772263,3877597,1105334
ADD,4314299,5006113,691814
DELETE,8340127,9491320,1151193
RETRIEVE,2365731,2643765,278034
RETRIEVE,4182083,4466797,284714
ADD,8156823,8950852,794029
DELETE,3014937,3916443,901506
ADD,8151458,9037159,885701
DELETE,8175088,9134970,959882
ADD,4892362,5875451,983089
DELETE,6234480,7407695,1173215
ADD,9104050,9895559,791509
ADD,3105130,4320804,1215674
DELETE,3267661,4578536,1310875
DELETE,2143969,3153379,1009410
ADD,5233698,6234955,1001257
DELETE,3023710,3969065,945355
RETRIEVE,8566304,8792640,226336
DELETE,5701152,6373474,672322
RETRIEVE,1756442,2052004,295562
DELETE,6895486,8260039,1364553
RETRIEVE,8169683,8341091,171408
RETRIEVE,3381826,3527092,145266
RETRIEVE,9660661,9833007,172346
ADD,3660445,4729518,1069073
RETRIEVE,6812906,7041476,228570
RETRIEVE,1118753,1261497,142744
RETRIEVE,5867764,6106404,238640
ADD,7034559,7807892,773333
RETRIEVE,8703885,8871523,167638
ADD,4954710,6061841,1107131
ADD,3817089,4895176,1078087
ADD,4931215,5772493,841278
ADD,404581,1234705,830124
ADD,5479923,6396114,916191
RETRIEVE,2788542,2912226,123684
ADD,7219098,8093070,873972
ADD,2748930,3462711,713781
RETRIEVE,372206,585984,213778
ADD,3584052,4601568,1017516
RETRIEVE,1357498,1530164,172666
RETRIEVE,8190471,8309517,119046
ADD,5281080,6291120,1010040
RETRIEVE,7748604,7953042,204438
ADD,6452038,7375723,923685
DELETE,4967871,6048450,1080579
RETRIEVE,3895929,4057261,161332
ADD,192398,1631781,1439383
DELETE,5072232,6271619,1199387
RETRIEVE,7333913,7499545,165632
ADD,1938538,2826157,887619
RETRIEVE,5313503,5512275,198772
RETRIEVE,5600677,5784071,183394
RETRIEVE,4341097,4534121,193024
RETRIEVE,8688924,8895362,206438
ADD,3568540,4848185,1279645
DELETE,4090872,5046946,956074
RETRIEVE,96416,217040,120624
RETRIEVE,3097920,3373376,275456
ADD,7233869,8282523,1048654
RETRIEVE,8170157,8344793,174636
RETRIEVE,9382033,9515991,133958
RETRIEVE,3198530,3430732,232202
ADD,4204058,5317480,1113422
ADD,6268138,6851957,583819
ADD,188403,791835,603432
RETRIEVE,3996821,4181751,184930
DELETE,5926466,7936993,2010527
RETRIEVE,826063,1082437,256374
RETRIEVE,5654780,5854390,199610
ADD,6197241,7560933,1363692
RETRIEVE,4631252,4842600,211348
ADD,1075694,2407590,1331896
ADD,4424668,6202185,1777517
DELETE,4692782,5400485,707703
DELETE,546418,1650047,1103629
RETRIEVE,3857398,4048246,190848
ADD,3242704,4362917,1120213
ADD,775865,1438033,662168
RETRIEVE,9346729,9484477,137748
RETRIEVE,1139345,1357999,218654
RETRIEVE,6144963,6479113,334150
ADD,8140614,9015967,875353
RETRIEVE,5340335,5513787,173452
DELETE,7453461,8344295,890834
DELETE,5303936,6146085,842149
RETRIEVE,1489878,1761742,271864
ADD,404926,1433624,1028698
ADD,472008,1160376,688368
DELETE,7152546,8053589,901043
RETRIEVE,9323117,9444497,121380
ADD,6527820,7494381,966561
ADD,232422,1114983,882561
ADD,7679883,8644656,964773
ADD,2448698,3318223,869525
DELETE,7071377,8225720,1154343
ADD,1539831,2380711,840880
RETRIEVE,4410154,4622464,212310
RETRIEVE,8995158,9328132,332974
DELETE,7887169,9490042,1602873
RETRIEVE,2283801,2380475,96674
ADD,4227276,5241086,1013810
RETRIEVE,6230751,6489275,258524
DELETE,3001920,3941457,939537
RETRIEVE,1871428,1958538,87110
RETRIEVE,6568034,6696186,128152
RETRIEVE,6717348,6901016,183668
ADD,1682951,2115120,432169
RETRIEVE,7422474,7700462,277988
ADD,5601934,6380093,778159
DELETE,3540408,4140060,599652
RETRIEVE,5904645,6095893,191248
DELETE,1386066,1803764,417698
RETRIEVE,7635434,7845326,209892
RETRIEVE,5270446,5453010,182564
DELETE,8357250,9474174,1116924
ADD,7092628,8298129,1205501
ADD,447856,1279499,831643
RETRIEVE,8499909,8808633,308724
DELETE,5136752,6011178,874426
ADD,5684895,6804468,1119573
ADD,6291479,7528025,1236546
DELETE,6338082,7572655,1234573
DELETE,2224616,3328866,1104250
ADD,1932743,2894802,962059
RETRIEVE,686631,961387,274756
DELETE,8525813,9427393,901580
DELETE,1635434,2651505,1016071
DELETE,2778097,3443415,665318
RETRIEVE,7789482,8018446,228964
RETRIEVE,8775368,9000848,225480
RETRIEVE,5499649,5667333,167684
ADD,43672,1190696,1147024
DELETE,4711508,5420860,709352
ADD,4476448,6053084,1576636
RETRIEVE,2047213,2366637,319424
RETRIEVE,1614825,1802217,187392
RETRIEVE,3052075,3227779,175704
RETRIEVE,6200665,6514045,313380
DELETE,8566930,9329701,762771
ADD,8564180,9652004,1087824
ADD,5739214,6735422,996208
ADD,4291479,5091725,800246
RETRIEVE,3940171,4144645,204474
RETRIEVE,950822,1172296,221474
RETRIEVE,4330207,4557459,227252
ADD,5348721,6306240,957519
DELETE,6043672,7146004,1102332
DELETE,301003,1379405,1078402
DELETE,1030620,1989668,959048
DELETE,3062090,4160790,1098700
DELETE,2563691,3368180,804489
RETRIEVE,5955735,6191389,235654
DELETE,2948599,3550344,601745
RETRIEVE,9118496,9271102,152606
DELETE,218320,1319105,1100785
RETRIEVE,2840180,2840180,0
RETRIEVE,6644653,6903053,258400
ADD,1090379,2568135,1477756
DELETE,4268138,5291009,1022871
DELETE,4346185,5547758,1201573
ADD,4138305,4966983,828678
ADD,5258136,6105316,847180
ADD,8029459,8931716,902257
ADD,3295462,4201758,906296
RETRIEVE,8636336,8905634,269298
RETRIEVE,1079674,1210352,130678
RETRIEVE,252564,464646,212082
RETRIEVE,6840550,7008374,167824
RETRIEVE,1334565,1534063,199498
RETRIEVE,282057,466645,184588
RETRIEVE,2346601,2522567,175966
DELETE,3419113,4100097,680984
RETRIEVE,3725533,3926431,200898
ADD,4613733,5619455,1005722
DELETE,817701,1567150,749449
RETRIEVE,1884772,2172952,288180
DELETE,4591915,5739884,1147969
RETRIEVE,7782658,7964142,181484
DELETE,7626379,8370056,743677
ADD,5621056,6595548,974492
DELETE,1885205,2726409,841204
ADD,5874390,6630352,755962
RETRIEVE,918213,1141325,223112
RETRIEVE,7808012,8054350,246338
ADD,1295601,2807098,1511497
DELETE,7478123,8585449,1107326
RETRIEVE,2566718,2801068,234350
DELETE,6904518,8161863,1257345
DELETE,1748604,2771243,1022639
RETRIEVE,3414403,3734693,320290
ADD,4314639,5621790,1307151
DELETE,5946051,6828815,882764
RETRIEVE,8395075,8567845,172770
ADD,13278,958114,944836
DELETE,6650137,7426397,776260
ADD,2447921,3339487,891566
ADD,6205617,6975077,769460
ADD,5387929,6054933,667004
ADD,7871850,8597832,725982
DELETE,3026708,4133413,1106705
RETRIEVE,1551714,1741018,189304
ADD,7669318,8583183,913865
ADD,5330932,6010971,680039
RETRIEVE,3010334,3316272,305938
RETRIEVE,3316390,3507272,190882
DELETE,8445946,9581621,1135675
RETRIEVE,241755,415471,173716
RETRIEVE,7592590,7783950,191360
DELETE,2343242,3271587,928345
ADD,7075213,8154338,1079125
RETRIEVE,777315,986201,208886
ADD,45128,1085898,1040770
ADD,5050166,5386698,336532
DELETE,3485936,4727013,1241077
RETRIEVE,4618213,4819903,201690
DELETE,736871,1967562,1230691
RETRIEVE,8955864,9182850,226986
RETRIEVE,1525753,1602587,76834
RETRIEVE,3367435,3504237,136802
ADD,306962,1526008,1219046
ADD,6471617,7262126,790509
RETRIEVE,2018077,2356243,338166
ADD,6530172,7415651,885479
DELETE,3660661,4545334,884673
DELETE,3391934,4598843,1206909
ADD,8646843,9704706,1057863
RETRIEVE,2252564,2414756,162192
RETRIEVE,2950822,3141738,190916
ADD,3854781,4803369,948588
RETRIEVE,1861196,2047814,186618
RETRIEVE,8480085,8720381,240296
ADD,1488492,2275777,787285
RETRIEVE,107082,283334,176252
DELETE,439663,1403084,963421
ADD,3309204,4116491,807287
RETRIEVE,7200935,7418749,217814
RETRIEVE,7862386,8095410,233024
ADD,6212495,7155182,942687
RETRIEVE,7450830,7638544,187714
RETRIEVE,745196,937914,192718
RETRIEVE,3672891,3848879,175988
RETRIEVE,1574608,1768328,193720
RETRIEVE,9212177,9452397,240220
RETRIEVE,5010334,5274546,264212
RETRIEVE,6170806,6258168,87362
ADD,6771148,7802876,1031728
DELETE,2424008,4021396,1597388
RETRIEVE,2170157,2372911,202754
DELETE,1421688,2786871,1365183
RETRIEVE,4673418,4955626,282208
RETRIEVE,954495,1171153,216658
DELETE,4919752,5971407,1051655
RETRIEVE,6949225,7179355,230130
RETRIEVE,2419188,2630096,210908
ADD,6976711,7850461,873750
RETRIEVE,3994616,4177460,182844
DELETE,930254,1919643,989389
ADD,5653124,6405306,752182
RETRIEVE,9728346,9881990,153644
ADD,3296630,4071000,774370
RETRIEVE,5111895,5334753,222858
ADD,6890505,7887704,997199
RETRIEVE,2353245,2394027,40782
RETRIEVE,4568034,4735384,167350
DELETE,9048567,9698691,650124
DELETE,7792808,8721589,928781
RETRIEVE,6534648,6834772,300124
DELETE,8283370,9424743,1141373
ADD,8668974,9385756,716782
RETRIEVE,7632211,7836369,204158
RETRIEVE,6777315,6994171,216856
RETRIEVE,8559990,8899040,339050
ADD,5477734,6850820,1373086
DELETE,1825260,2515157,689897
ADD,1376282,2330151,953869
DELETE,1707679,2614948,907269
RETRIEVE,7702181,7904551,202370
ADD,7875036,9080148,1205112
RETRIEVE,1541614,1722756,181142
RETRIEVE,4361864,4567768,205904
RETRIEVE,9146805,9273243,126438
RETRIEVE,719605,960441,240836
ADD,4297721,5870697,1572976
RETRIEVE,6458788,6585770,126982
DELETE,7429474,8832410,1402936
ADD,711508,1670732,959224
RETRIEVE,8282933,8471261,188328
DELETE,3462269,4362617,900348
RETRIEVE,3029227,3230259,201032
ADD,557340,1213597,656257
RETRIEVE,6263366,6466566,203200
RETRIEVE,1311370,1494626,183256
DELETE,2255147,3037781,782634
RETRIEVE,8168311,8423181,254870
ADD,206363,1604445,1398082
RETRIEVE,4387598,4564462,176864
DELETE,5122090,5907281,785191
RETRIEVE,3075172,3384390,309218
DELETE,5812254,6467344,655090
RETRIEVE,3387824,3570812,182988
DELETE,9090379,9862655,772276
DELETE,7593894,8010322,416428
ADD,2047192,3159233,1112041
RETRIEVE,1604989,1786273,181284
ADD,1365595,2049600,684005
RETRIEVE,5536456,5757172,220716
RETRIEVE,8895718,9035040,139322
RETRIEVE,5905214,6036596,131382
RETRIEVE,7035936,7153036,117100
DELETE,1149886,2004913,855027
RETRIEVE,1175923,1468311,292388
DELETE,6967871,8029754,1061883
RETRIEVE,9679127,9878323,199196
ADD,2419685,3158350,738665
ADD,900510,2023224,1122714
ADD,734824,1736998,1002174
ADD,2039665,3298863,1259198
RETRIEVE,8743635,8958947,215312
DELETE,8142168,8979398,837230
ADD,8012407,8876364,863957
DELETE,2764844,3713738,948894
DELETE,3350537,4046002,695465
RETRIEVE,2498970,2694692,195722
RETRIEVE,8741031,8894681,153650
RETRIEVE,7551462,7846318,294856
ADD,330207,1865921,1535714
RETRIEVE,5097063,5417133,320070
RETRIEVE,375236,600768,225532
ADD,988408,1683419,695011
RETRIEVE,5142735,5404997,262262
ADD,7478552,8366662,888110
ADD,8314790,8967462,652672
RETRIEVE,5475919,5679057,203138
DELETE,4878774,6156204,1277430
RETRIEVE,372674,520982,148308
ADD,1854912,2852797,997885
RETRIEVE,9077805,9232621,154816
DELETE,788988,1645173,856185
RETRIEVE,6605768,6804764,198996
DELETE,6960884,8044835,1083951
ADD,2314299,3448723,1134424
RETRIEVE,4388534,4681092,292558
ADD,2481665,3680449,1198784
RETRIEVE,6424008,6625804,201796
DELETE,8000158,9128690,1128532
RETRIEVE,1488543,1737417,248874
RETRIEVE,6988408,7003832,15424
DELETE,1560386,2339620,779234
ADD,901243,1912570,1011327
RETRIEVE,1781637,1974915,193278
RETRIEVE,1161019,1351301,190282
RETRIEVE,3825260,4025680,200420
ADD,7042370,7434952,392582
RETRIEVE,1329284,1598192,268908
RETRIEVE,9495550,9729690,234140
DELETE,4511242,5447536,936294
RETRIEVE,8582600,8858648,276048
RETRIEVE,9538011,9739349,201338
RETRIEVE,9517033,9697375,180342
RETRIEVE,3584777,3685807,101030
DELETE,5158795,6116935,958140
RETRIEVE,1186956,1365592,178636
RETRIEVE,7005755,7246799,241044
DELETE,1789482,2387132,597650
DELETE,8146368,8542776,396408
ADD,3413839,4408073,994234
DELETE,279603,1378896,1099293
RETRIEVE,5485889,5684239,198350
RETRIEVE,9355860,9566456,210596
DELETE,3872138,4769670,897532
ADD,5992512,7270480,1277968
DELETE,7316697,8038501,721804
ADD,8314639,9148014,833375
RETRIEVE,892840,1107884,215044
RETRIEVE,2622895,2742137,119242
RETRIEVE,4367859,4562745,194886
DELETE,2833899,4025624,1191725
RETRIEVE,778097,993725,215628
RETRIEVE,8054752,8151836,97084
RETRIEVE,5607185,5801987,194802
RETRIEVE,9342788,9526174,183386
RETRIEVE,4714407,4933257,218850
RETRIEVE,7160532,7366754,206222
ADD,3517033,4599493,1082460
ADD,2866445,3861346,994901
RETRIEVE,3842217,3961251,119034
ADD,7492966,8292285,799319
ADD,3884630,4647475,762845
ADD,5965343,6708677,743334
ADD,6433690,7079219,645529
DELETE,5705326,6417615,712289
ADD,3227111,4258153,1031042
DELETE,3280775,4395383,1114608
RETRIEVE,5841432,6039858,198426
DELETE,3593894,4545456,951562
ADD,8248759,9374252,1125493
DELETE,2338082,3324886,986804
DELETE,3885205,4957020,1071815
RETRIEVE,607268,735022,127754
RETRIEVE,1520437,1691143,170706
DELETE,5499122,6598165,1099043
DELETE,8279603,8924650,645047
DELETE,6445946,7160968,715022
DELETE,8037782,8659205,621423
DELETE,4627114,5521533,894419
RETRIEVE,5616513,5900907,284394
ADD,6929879,7543020,613141
RETRIEVE,3375147,3511415,136268
ADD,6002631,6725593,722962
RETRIEVE,8666071,8830109,164038
RETRIEVE,1550169,1744351,194182
RETRIEVE,8013278,8201622,188344
RETRIEVE,3328814,3590124,261310
RETRIEVE,6039665,6194253,154588
ADD,6579592,7046549,466957
ADD,4136293,4617665,481372
RETRIEVE,3311370,3468236,156866
RETRIEVE,8993970,9196572,202602
ADD,4424069,5145659,721590
ADD,1284895,2013962,729067
RETRIEVE,2535646,2823104,287458
RETRIEVE,3302671,3583773,281102
DELETE,6977175,7966916,989741
RETRIEVE,8171960,8342802,170842
RETRIEVE,4901845,5150975,249130
DELETE,6434532,7223040,788508
RETRIEVE,3034559,3307687,273128
RETRIEVE,2623037,2703295,80258
ADD,4322591,5431770,1109179
ADD,4604514,5439613,835099
RETRIEVE,5104009,5475521,371512
ADD,3108968,3754377,645409
DELETE,5114414,6164587,1050173
ADD,672492,2059326,1386834
ADD,6577701,7630218,1052517
DELETE,3439242,4378130,938888
DELETE,2405700,3185369,779669
RETRIEVE,4614365,4872949,258584
RETRIEVE,6692454,6852812,160358
RETRIEVE,2646785,2864199,217414
DELETE,1016714,2001897,985183
RETRIEVE,6178214,6326206,147992
RETRIEVE,8002631,8240329,237698
DELETE,3138727,4103510,964783
DELETE,7935090,8793989,858899
RETRIEVE,7930971,8111085,180114
DELETE,5733930,6734251,1000321
ADD,29399,1419661,1390262
RETRIEVE,7439521,7623563,184042
ADD,2626485,3567180,940695
RETRIEVE,3563872,3816890,253018
DELETE,865503,2295473,1429970
RETRIEVE,8019827,8206483,186656
DELETE,1691757,2284256,592499
DELETE,5885133,6815331,930198
ADD,703885,1368351,664466
RETRIEVE,6290742,6467680,176938
RETRIEVE,1884630,2022150,137520
RETRIEVE,3935672,4137860,202188
DELETE,2002631,2500105,497474
ADD,4904518,6596264,1691746
RETRIEVE,8611515,8798499,186984
ADD,2650302,3849540,1199238
DELETE,7224945,8027247,802302
RETRIEVE,6777190,6960352,183162
DELETE,6280042,7140220,860178
RETRIEVE,7280775,7451803,171028
ADD,1868095,2754621,886526
ADD,3689250,4959908,1270658
RETRIEVE,5845924,6019088,173164
DELETE,3516976,4680074,1163098
ADD,2326443,3249045,922602
DELETE,7118496,7898638,780142
RETRIEVE,5998063,6336907,338844
RETRIEVE,5560515,5730785,170270
DELETE,8728703,9720603,991900
ADD,2288904,2882849,593945
RETRIEVE,7814953,8085239,270286
ADD,3772767,4468815,696048
ADD,6932769,7177156,244387
ADD,6611244,7708564,1097320
ADD,6615561,8131913,1516352
RETRIEVE,9637860,9815658,177798
ADD,2631252,4176620,1545368
RETRIEVE,4184402,4348996,164594
RETRIEVE,6719605,6870139,150534
RETRIEVE,704060,965156,261096
DELETE,2190471,3277285,1086814
RETRIEVE,6145566,6330082,184516
ADD,1248376,2092572,844196
RETRIEVE,8119113,8322081,202968
DELETE,1732441,2751884,1019443
DELETE,61906,1163219,1101313
RETRIEVE,745937,903017,157080
ADD,2899409,3814655,915246
RETRIEVE,4365731,4654695,288964
ADD,4221832,5137522,915690
DELETE,3949100,5138231,1189131
RETRIEVE,1476974,1711178,234204
RETRIEVE,5652773,5858259,205486
RETRIEVE,940703,1110977,170274
RETRIEVE,3954107,4118795,164688
DELETE,8851869,9895122,1043253
RETRIEVE,8370371,8694107,323736
ADD,4063039,4928859,865820
ADD,6150188,6369904,219716
RETRIEVE,9145773,9302823,157050
DELETE,1852820,2829396,976576
DELETE,3188823,4392397,1203574
RETRIEVE,7940171,8132293,192122
DELETE,179996,1442585,1262589
RETRIEVE,951802,1005048,53246
ADD,4967909,5700987,733078
RETRIEVE,6866445,7052523,186078
DELETE,1713160,2799307,1086147
ADD,4099018,5099163,1000145
RETRIEVE,2043672,2203384,159712
RETRIEVE,2878774,3110596,231822
DELETE,2786853,4022825,1235972
RETRIEVE,8049928,8226124,176196
ADD,717348,1707589,990241
DELETE,3914161,4527505,613344
ADD,4738824,5680408,941584
RETRIEVE,2753682,2975648,221966
DELETE,1046688,1975247,928559
DELETE,343313,1248507,905194
RETRIEVE,5432192,5751378,319186
RETRIEVE,5990546,6268974,278428
ADD,3632211,4629910,997699
ADD,743635,1398688,655053
DELETE,6604556,7691592,1087036
ADD,7320209,7849302,529093
RETRIEVE,3103080,3292776,189696
DELETE,2099079,3334458,1235379
ADD,5933989,6893259,959270
RETRIEVE,8803694,8983260,179566
RETRIEVE,7370465,7571219,200754
ADD,3551787,4438387,886600
DELETE,4782787,5384208,601421
RETRIEVE,638134,973822,335688
ADD,7541184,8562183,1020999
RETRIEVE,9116523,9362197,245674
ADD,4873242,5930141,1056899
DELETE,5176898,6006605,829707
RETRIEVE,4474020,4625458,151438
DELETE,7448658,8552278,1103620
DELETE,3122090,3908532,786442
DELETE,7073064,7887697,814633
ADD,4323653,5163412,839759
RETRIEVE,6973541,7181547,208006
RETRIEVE,5825555,6052493,226938
DELETE,6875829,7794660,918831
ADD,7009122,7984605,975483
RETRIEVE,8950822,9133052,182230
ADD,632834,1311169,678335
RETRIEVE,1954107,2208045,253938
RETRIEVE,2496536,2767000,270464
ADD,7872138,8518714,646576
DELETE,3685934,4576555,890621
RETRIEVE,1817089,1974213,157124
RETRIEVE,7615295,7783125,167830
DELETE,3539831,4256697,716866
DELETE,2650137,3888712,1238575
RETRIEVE,9626379,9748083,121704
RETRIEVE,8931299,9173329,242030
ADD,7731170,8789783,1058613
DELETE,7390724,8622944,1232220
RETRIEVE,626458,811194,184736
DELETE,976711,1795893,819182
DELETE,6169294,6989153,819859
DELETE,6496407,7077780,581373
DELETE,593043,1654056,1061013
RETRIEVE,4820554,5080520,259966
RETRIEVE,3392101,3588147,196046
DELETE,2101749,2905932,804183
RETRIEVE,5764586,5945532,180946
DELETE,8893486,9448511,555025
DELETE,3754108,4789819,1035711
RETRIEVE,4840180,4996466,156286
RETRIEVE,8969319,9091171,121852
DELETE,3180985,3717963,536978
ADD,2711508,3565654,854146
RETRIEVE,1341367,1592651,251284
RETRIEVE,4642115,4719147,77032
RETRIEVE,6048379,6202855,154476
RETRIEVE,1627639,1792803,165164
ADD,8354247,8983350,629103
RETRIEVE,5025486,5176576,151090
ADD,842160,1019750,177590
DELETE,1219098,1924337,705239
RETRIEVE,980807,1176499,195692
RETRIEVE,6873242,7150970,277728
ADD,4161074,4582876,421802
ADD,8274516,9315777,1041261
ADD,1456741,2347602,890861
DELETE,7296008,8237222,941214
ADD,7060671,7758628,697957
RETRIEVE,444336,681720,237384
RETRIEVE,6719600,6936074,216474
ADD,6533382,7554706,1021324
RETRIEVE,2422113,2614861,192748
ADD,413131,1432296,1019165
RETRIEVE,3389640,3663956,274316
RETRIEVE,8988119,9246729,258610
ADD,2416325,3327374,911049
ADD,4290742,5035577,744835
RETRIEVE,7514831,7814521,299690
RETRIEVE,7136752,7335750,198998
RETRIEVE,7011914,7120118,108204
ADD,3511690,4452089,940399
DELETE,7048520,7690353,641833
ADD,7336496,8816207,1479711
DELETE,2746093,4093044,1346951
ADD,3952238,4884484,932246
RETRIEVE,4653002,4801134,148132
ADD,5574608,6539798,965190
RETRIEVE,7104050,7255848,151798
RETRIEVE,9539831,9652635,112804
ADD,2279603,3162562,882959
DELETE,8567810,9525311,957501
RETRIEVE,252520,366416,113896
RETRIEVE,419685,635677,215992
RETRIEVE,7660661,7921953,261292
ADD,7835774,8743617,907843
RETRIEVE,7429623,7575925,146302
ADD,7175499,8101723,926224
RETRIEVE,7604989,7828589,223600
DELETE,4564180,5897234,1333054
RETRIEVE,6973379,7156081,182702
ADD,6741595,7545315,803720
ADD,1885260,3187213,1301953
DELETE,4690788,5449399,758611
ADD,3488543,4481888,993345
RETRIEVE,4975477,5088817,113340
ADD,1695845,2694554,998709
RETRIEVE,131584,203306,71722
RETRIEVE,4741031,4950673,209642
ADD,8892362,9741543,849181
RETRIEVE,7637860,7965096,327236
ADD,3173337,4352898,1179561
DELETE,5697795,6590658,892863
ADD,6799705,7758308,958603
RETRIEVE,8639809,8896629,256820
DELETE,4344499,5133331,788832
ADD,2019254,3012682,993428
RETRIEVE,1103080,1346134,243054
ADD,4741595,6364210,1622615
ADD,8388534,9729973,1341439
DELETE,6482388,6992897,510509
RETRIEVE,4180024,4281486,101462
DELETE,2098774,3013399,914625
RETRIEVE,4273642,4483478,209836
DELETE,4639809,5844838,1205029
DELETE,2938778,3928343,989565
RETRIEVE,9134124,9276882,142758
RETRIEVE,4995680,5164450,168770
DELETE,2188838,2550022,361184
ADD,9004259,9638059,633800
RETRIEVE,911201,1105995,194794
ADD,1884151,2835880,951729
DELETE,6859010,7652113,793103
RETRIEVE,9303469,9480539,177070
DELETE,1014937,2057615,1042678
ADD,2200665,3302654,1101989
DELETE,3200935,4203211,1002276
RETRIEVE,3162009,3350479,188470
RETRIEVE,3039984,3184046,144062
RETRIEVE,7333362,7527536,194174
DELETE,2564147,3405684,841537
DELETE,2788988,3390724,601736
RETRIEVE,7531622,7670652,139030
DELETE,1347811,2217096,869285
DELETE,7163822,8690031,1526209
ADD,3622476,4679060,1056584
RETRIEVE,775093,955975,180882
RETRIEVE,4013278,4220320,207042
DELETE,1323680,2125390,801710
ADD,4218070,5144998,926928
RETRIEVE,9075172,9469194,394022
RETRIEVE,4081465,4314785,233320
DELETE,1646342,3193405,1547063
ADD,3879855,4507115,627260
ADD,2783686,3493594,709908
RETRIEVE,9365231,9544037,178806
RETRIEVE,7138860,7375056,236196
DELETE,4943081,5997117,1054036
ADD,6403646,7317381,913735
RETRIEVE,6248759,6472695,223936
RETRIEVE,1239060,1434552,195492
RETRIEVE,4158347,4319973,161626
RETRIEVE,4545342,4678882,133540
ADD,8380365,9248130,867765
DELETE,3406954,4386004,979050
ADD,4644653,5812633,1167980
ADD,7308943,8380230,1071287
DELETE,1703527,2749151,1045624
RETRIEVE,5227111,5506591,279480
RETRIEVE,9002465,9257447,254982
DELETE,5992955,6470714,477759
ADD,7588581,8575107,986526
ADD,5931205,6975254,1044049
DELETE,7257172,8347618,1090446
RETRIEVE,1391934,1611726,219792
RETRIEVE,5931859,6192741,260882
ADD,4862466,6077019,1214553
RETRIEVE,6198325,6369027,170702
ADD,5842217,6614058,771841
DELETE,2394506,2886171,491665
RETRIEVE,8232422,8385506,153084
DELETE,7061243,8333865,1272622
ADD,1590207,2220978,630771
RETRIEVE,7511976,7689348,177372
ADD,391001,1303078,912077
RETRIEVE,2970361,3146317,175956
RETRIEVE,1323035,1530009,206974
RETRIEVE,468353,649097,180744
ADD,3551462,4970620,1419158
DELETE,2904518,4013697,1109179
ADD,6207839,7221223,1013384
RETRIEVE,5679127,5913115,233988
DELETE,7622932,8129031,506099
RETRIEVE,5274590,5434526,159936
RETRIEVE,8482388,8681450,199062
DELETE,1880622,2685556,804934
RETRIEVE,443403,661973,218570
DELETE,108041,996883,888842
RETRIEVE,4159788,4402784,242996
ADD,8409560,9180799,771239
DELETE,283370,1070173,786803
ADD,1808012,2695649,887637
ADD,6788988,7850603,1061615
DELETE,2979745,3430415,450670
RETRIEVE,8154088,8407338,253250
DELETE,3810936,5493270,1682334
RETRIEVE,3705348,3876476,171128
DELETE,3042442,4062191,1019749
RETRIEVE,3357533,3571875,214342
RETRIEVE,5612727,5769975,157248
RETRIEVE,7771617,8014761,243144
RETRIEVE,3159423,3355243,195820
DELETE,6372206,7394465,1022259
RETRIEVE,800486,1015474,214988
RETRIEVE,1593894,1745650,151756
RETRIEVE,1116523,1294089,177566
ADD,5495550,6458646,963096
RETRIEVE,8141282,8284096,142814
RETRIEVE,3385299,3664259,278960
RETRIEVE,4594205,4748843,154638
RETRIEVE,7862145,8001175,139030
ADD,5561261,7274195,1712934
DELETE,6013278,6834869,821591
RETRIEVE,348219,551435,203216
RETRIEVE,5414339,5571213,156874
ADD,4424008,5420179,996171
RETRIEVE,6372674,6541776,169102
ADD,281175,1425985,1144810
ADD,8383237,9631753,1248516
RETRIEVE,9061319,9241057,179738
RETRIEVE,1228156,1499894,271738
ADD,3075694,4108784,1033090
RETRIEVE,4326443,4515209,188766
RETRIEVE,8699509,8851681,152172
DELETE,9281080,9872588,591508
ADD,6767278,7990660,1223382
DELETE,125625,1445264,1319639
RETRIEVE,4978646,5237496,258850
DELETE,6736935,7953683,1216748
ADD,380109,1388814,1008705
ADD,8537739,9566613,1028874
RETRIEVE,2122118,2326130,204012
DELETE,4825897,6137513,1311616
DELETE,153265,1112433,959168
DELETE,3175382,4028343,852961
DELETE,8060690,9053924,993234
RETRIEVE,1290451,1502005,211554
ADD,3317751,4074898,757147
DELETE,8032666,9242549,1209883
RETRIEVE,18772,308054,289282
RETRIEVE,901845,1113139,211294
DELETE,6420400,7863322,1442922
DELETE,1029227,1855682,826455
RETRIEVE,7450409,7622405,171996
ADD,8966355,9716304,749949
RETRIEVE,7257096,7444830,187734
ADD,8772142,9615014,842872
DELETE,4863446,5746312,882866
ADD,2138305,2933974,795669
RETRIEVE,213654,443002,229348
RETRIEVE,5092628,5279218,186590
RETRIEVE,6747287,6918361,171074
ADD,7905214,8762492,857278
DELETE,2355368,3235233,879865
DELETE,49928,947071,897143
RETRIEVE,290742,443624,152882
RETRIEVE,6288295,6457657,169362
ADD,5372921,6256853,883932
ADD,5915791,6653780,737989
ADD,3469856,4416480,946624
DELETE,1887169,2170124,282955
RETRIEVE,5806780,5950586,143806
RETRIEVE,7326245,7489887,163642
ADD,8343313,9159030,815717
ADD,8186735,9067257,880522
RETRIEVE,6462364,6574950,112586
ADD,2760648,3434517,673869
ADD,8866204,9547309,681105
RETRIEVE,9263098,9489564,226466
RETRIEVE,45568,302678,257110
ADD,3497012,4034425,537413
ADD,2663412,3497075,833663
RETRIEVE,1060671,1221685,161014
RETRIEVE,8518405,8847025,328620
RETRIEVE,8747287,8918361,171074
RETRIEVE,4446497,4574837,128340
RETRIEVE,6081402,6197972,116570
RETRIEVE,8977036,9196046,219010
DELETE,6117663,6856643,738980
RETRIEVE,323653,494595,170942
RETRIEVE,9248376,9437408,189032
ADD,8421493,9427567,1006074
DELETE,4647220,5499532,852312
RETRIEVE,6444865,6612853,167988
RETRIEVE,8611765,8797033,185268
DELETE,8380757,9343010,962253
DELETE,3171603,4308056,1136453
DELETE,5707386,7005096,1297710
RETRIEVE,1852215,2098595,246380
DELETE,5522103,6429937,907834
DELETE,3625388,5233866,1608478
RETRIEVE,7029286,7381234,351948
DELETE,7868267,8552040,683773
RETRIEVE,7871428,8126134,254706
RETRIEVE,8197241,8479463,282222
ADD,3763993,4779471,1015478
RETRIEVE,7023710,7263624,239914
RETRIEVE,1988196,2078456,90260
RETRIEVE,1621908,1733664,111756
DELETE,7672891,8291618,618727
RETRIEVE,747287,914563,167276
DELETE,2224080,3064950,840870
RETRIEVE,5203806,5429062,225256
DELETE,8101937,9264460,1162523
RETRIEVE,8753204,8989414,236210
DELETE,5145286,6479674,1334388
RETRIEVE,2371734,2579536,207802
ADD,6677155,7521879,844724
DELETE,3935059,4838279,903220
RETRIEVE,3187568,3345924,158356
RETRIEVE,5454155,5663729,209574
DELETE,7550169,8778766,1228597
ADD,9064768,9412315,347547
RETRIEVE,3450830,3655472,204642
ADD,4143377,4849653,706276
RETRIEVE,1802434,2011790,209356
DELETE,6222057,7230716,1008659
ADD,5441154,6354528,913374
RETRIEVE,1773724,1954674,180950
ADD,1568540,2768835,1200295
RETRIEVE,3914595,4142961,228366
ADD,2929874,3905366,975492
RETRIEVE,6962587,7121397,158810
RETRIEVE,4812662,5055594,242932
RETRIEVE,762954,942154,179200
ADD,4342393,4909897,567504
RETRIEVE,6101937,6308947,207010
RETRIEVE,1684129,1916639,232510
DELETE,627114,1489812,862698
ADD,3448658,4479950,1031292
RETRIEVE,8055718,8177614,121896
RETRIEVE,7319835,7457811,137976
ADD,81402,1029147,947745
RETRIEVE,3883707,4104453,220746
ADD,3992955,4374206,381251
DELETE,3462065,4093512,631447
ADD,6166410,7020612,854202
RETRIEVE,3930579,4063001,132422
DELETE,8452038,9190953,738915
DELETE,1274590,2101332,826742
DELETE,5757472,6518149,760677
DELETE,1492995,2085068,592073
ADD,5242235,6628801,1386566
RETRIEVE,6307728,6494532,186804
ADD,7662738,8793178,1130440
RETRIEVE,4014765,4249383,234618
RETRIEVE,5268213,5501667,233454
DELETE,2618213,3506842,888629
ADD,2922748,3775681,852933
RETRIEVE,5551787,5691071,139284
DELETE,8542937,9598169,1055232
ADD,6117365,6842263,724898
RETRIEVE,2965786,3165072,199286
RETRIEVE,3499122,3738470,239348
ADD,2293799,3066659,772860
RETRIEVE,2918213,3058733,140520
DELETE,5097920,6203726,1105806
RETRIEVE,3030620,3257298,226678
DELETE,3372921,4178976,806055
DELETE,433690,1545703,1112013
RETRIEVE,5569850,5755338,185488
ADD,7172165,7895803,723638
DELETE,3075559,4050523,974964
DELETE,354412,1152786,798374
RETRIEVE,7414403,7686333,271930
RETRIEVE,2865503,3226465,360962
RETRIEVE,9123564,9355734,232170
DELETE,7028140,8474675,1446535
ADD,8197262,8933120,735858
RETRIEVE,7854912,8034834,179922
DELETE,7856405,8485555,629150
ADD,4131584,4858261,726677
ADD,6634085,7760662,1126577
RETRIEVE,6140614,6345186,204572
DELETE,7734787,8768460,1033673
DELETE,3133195,3988453,855258
DELETE,4857224,5909556,1052332
RETRIEVE,7313693,7518531,204838
RETRIEVE,540659,734953,194294
ADD,143377,1186833,1043456
RETRIEVE,9485936,9703900,217964
RETRIEVE,1365853,1586749,220896
RETRIEVE,5878508,5996896,118388
RETRIEVE,8941216,9185022,243806
RETRIEVE,1018173,1119555,101382
ADD,1295486,2496327,1200841
DELETE,7441154,8245773,804619
ADD,4498970,5613772,1114802
ADD,7914595,8806605,892010
DELETE,448698,1425172,976474
ADD,8169294,9042924,873630
DELETE,8503688,9214439,710751
ADD,3198449,4060053,861604
ADD,1316390,2200637,884247
RETRIEVE,6490712,6692786,202074
RETRIEVE,3755466,3910036,154570
ADD,8707368,9456252,748884
RETRIEVE,8375236,8475566,100330
ADD,8651145,9199509,548364
DELETE,2421493,3621204,1199711
ADD,1992955,3007080,1014125
RETRIEVE,5980521,6206187,225666
ADD,8586778,9580271,993493
ADD,480085,1693628,1213543
DELETE,5960974,7094555,1133581
ADD,3450409,4045188,594779
RETRIEVE,391322,680444,289122
RETRIEVE,5697658,5852560,154902
DELETE,4015670,4999232,983562
RETRIEVE,8206363,8514653,308290
ADD,7407581,8575932,1168351
RETRIEVE,1841432,2046100,204668
ADD,4706567,5653312,946745
DELETE,686181,1453390,767209
RETRIEVE,4547393,4802861,255468
RETRIEVE,2677155,2854161,177006
DELETE,4996894,6298329,1301435
ADD,8213779,9101157,887378
RETRIEVE,9046688,9256892,210204
RETRIEVE,8014765,8252753,237988
ADD,2799705,3697719,898014
RETRIEVE,5288873,5500169,211296
ADD,341097,1589567,1248470
RETRIEVE,1895117,2114147,219030
RETRIEVE,5285719,5443935,158216
ADD,8414665,9723307,1308642
RETRIEVE,641097,786321,145224
RETRIEVE,7867764,8007354,139590
ADD,1314558,2399973,1085415
RETRIEVE,1124366,1359990,235624
ADD,892904,1908465,1015561
ADD,4232422,5146593,914171
RETRIEVE,2481793,2715633,233840
RETRIEVE,3466016,3641508,175492
RETRIEVE,6282057,6482585,200528
RETRIEVE,6734824,7011556,276732
ADD,5272787,5786835,514048
ADD,7984463,9198654,1214191
ADD,922748,1876812,954064
RETRIEVE,3104009,3441085,337076
ADD,2641049,3819970,1178921
RETRIEVE,5505846,5674706,168860
RETRIEVE,5002465,5284409,281944
RETRIEVE,8820554,8997230,176676
ADD,3160519,3802695,642176
DELETE,2065395,2891137,825742
RETRIEVE,7537747,7756747,219000
DELETE,7041530,7802374,760844
RETRIEVE,5159423,5370445,211022
RETRIEVE,6775042,6931018,155976
ADD,5646342,6613487,967145
DELETE,375931,1439779,1063848
ADD,5952238,7291592,1339354
RETRIEVE,799705,1068347,268642
RETRIEVE,5075694,5325184,249490
RETRIEVE,7640875,7729873,88998
RETRIEVE,8433690,8660874,227184
RETRIEVE,5954791,6092291,137500
RETRIEVE,9640875,9856635,215760
RETRIEVE,8926781,9166277,239496
DELETE,2163540,3162666,999126
DELETE,6170157,7001874,831717
ADD,2978646,4056659,1078013
RETRIEVE,9451736,9574298,122562
RETRIEVE,5170604,5421094,250490
RETRIEVE,6775821,6925701,149880
RETRIEVE,3906165,4092569,186404
RETRIEVE,2389411,2605987,216576
DELETE,1919456,3028903,1109447
ADD,3985970,4869272,883302
ADD,6786853,7885118,1098265
ADD,16692,1044075,1027383
RETRIEVE,2108041,2312513,204472
RETRIEVE,2602794,2883388,280594
ADD,6899409,7941383,1041974
RETRIEVE,3172155,3381553,209398
RETRIEVE,2564180,2780222,216042
RETRIEVE,2647779,2824203,176424
ADD,9165411,9798294,632883
RETRIEVE,3571610,3759724,188114
RETRIEVE,446407,701583,255176
ADD,7187568,8302778,1115210
RETRIEVE,1153229,1321295,168066
ADD,6474612,7505867,1031255
RETRIEVE,5299996,5552040,252044
DELETE,8988408,9764631,776223
RETRIEVE,4234414,4464544,230130
RETRIEVE,6767755,6964099,196344
RETRIEVE,624336,855114,230778
RETRIEVE,3745860,3993280,247420
RETRIEVE,1449091,1564987,115896
ADD,2646843,3158529,511686
ADD,5656927,6355282,698355
ADD,602794,2167673,1564879
RETRIEVE,4434532,4680238,245706
RETRIEVE,6607219,6821559,214340
ADD,4643580,5068884,425304
RETRIEVE,4705822,4898244,192422
DELETE,5702181,6628692,926511
RETRIEVE,4668974,4837490,168516
ADD,7087485,8023112,935627
DELETE,2892840,3401644,508804
RETRIEVE,7281080,7547652,266572
ADD,3745920,4939201,1193281
ADD,5930845,7181371,1250526
RETRIEVE,7624614,7814586,189972
ADD,6754939,7812468,1057529
DELETE,3201928,3955212,753284
RETRIEVE,8420400,8552872,132472
DELETE,4790980,5636677,845697
ADD,6585533,7241420,655887
RETRIEVE,5932223,6165139,232916
RETRIEVE,7761038,7910876,149838
RETRIEVE,4463702,4649152,185450
RETRIEVE,866840,1091466,224626
RETRIEVE,7302671,7557737,255066
RETRIEVE,1998639,2210757,212118
RETRIEVE,5937547,6103107,165560
RETRIEVE,9568540,9844968,276428
DELETE,8004263,8619785,615522
RETRIEVE,6887359,7039425,152066
RETRIEVE,8221832,8386026,164194
RETRIEVE,9331240,9538144,206904
ADD,1596933,2750887,1153954
DELETE,3072232,4254822,1182590
DELETE,4804108,5845952,1041844
DELETE,388534,1324152,935618
ADD,1105850,1855679,749829
DELETE,7740212,8804198,1063986
ADD,6344499,7716890,1372391
RETRIEVE,8945200,9240198,294998
RETRIEVE,5290160,5493510,203350
DELETE,1459561,2691169,1231608
RETRIEVE,7039241,7247009,207768
ADD,7087982,7958943,870961
DELETE,9140093,9749463,609370
RETRIEVE,8577097,8777625,200528
ADD,1152546,2474705,1322159
ADD,2745400,3693034,947634
DELETE,4119113,5301861,1182748
RETRIEVE,2537739,2804087,266348
ADD,586798,1504841,918043
RETRIEVE,7317751,7630627,312876
ADD,1764586,2605364,840778
RETRIEVE,3536544,3799170,262626
RETRIEVE,4684650,4890320,205670
RETRIEVE,8192398,8455668,263270
RETRIEVE,7597067,7724341,127274
ADD,2960884,4059251,1098367
DELETE,6344621,7809138,1464517
RETRIEVE,1160339,1399419,239080
RETRIEVE,2788951,2988403,199452
DELETE,5672891,7063515,1390624
RETRIEVE,7842313,8025693,183380
ADD,2234414,3881320,1646906
DELETE,9195515,9484566,289051
RETRIEVE,7853126,8005352,152226
RETRIEVE,9546836,9820060,273224
RETRIEVE,8131584,8396902,265318
RETRIEVE,1996821,2207479,210658
ADD,8218070,8798989,580919
RETRIEVE,567810,667096,99286
DELETE,566304,1659974,1093670
ADD,950434,2496858,1546424
RETRIEVE,2845536,3018852,173316
RETRIEVE,4699509,4859335,159826
RETRIEVE,3835774,3996380,160606
ADD,2812906,3977421,1164515
RETRIEVE,4135243,4331523,196280
ADD,5060361,6176516,1116155
RETRIEVE,2207701,2431281,223580
DELETE,7233698,8153001,919303
ADD,8411035,9670557,1259522
ADD,2741803,3434590,692787
DELETE,7341773,8172962,831189
RETRIEVE,259323,487063,227740
RETRIEVE,7774392,8003682,229290
ADD,4974659,6293956,1319297
ADD,2471617,3230349,758732
DELETE,5433428,6384935,951507
DELETE,6815957,8103986,1288029
DELETE,737409,1904805,1167396
ADD,6354247,7206679,852432
DELETE,3270446,4186294,915848
RETRIEVE,2966971,3155631,188660
DELETE,8632834,9348921,716087
DELETE,6623257,7586696,963439
DELETE,1930971,3089353,1158382
RETRIEVE,7571610,7691094,119484
ADD,1550685,2401468,850783
RETRIEVE,6935540,7231656,296116
DELETE,6775368,7738483,963115
ADD,1874390,2799502,925112
RETRIEVE,8252801,8456333,203532
RETRIEVE,5438478,5557654,119176
ADD,928823,2201640,1272817
RETRIEVE,9340335,9484847,144512
RETRIEVE,2912510,3124274,211764
RETRIEVE,6977634,7130566,152932
RETRIEVE,1938562,2147862,209300
DELETE,8396597,9699681,1303084
DELETE,4331412,5247741,916329
RETRIEVE,6995671,7199887,204216
ADD,8594205,9555217,961012
ADD,1561261,3189768,1628507
RETRIEVE,411035,632403,221368
DELETE,4124835,5942282,1817447
ADD,6745937,7801169,1055232
RETRIEVE,4279603,4501463,221860
RETRIEVE,9267661,9509349,241688
RETRIEVE,2252773,2421043,168270
ADD,3615589,4607563,991974
RETRIEVE,4185615,4436609,250994
DELETE,1588581,2576089,987508
DELETE,3852820,4977554,1124734
RETRIEVE,5718526,5979280,260754
ADD,525904,1825782,1299878
DELETE,1598402,2641395,1042993
ADD,3341367,4280960,939593
ADD,7772521,9293246,1520725
DELETE,101749,1119589,1017840
DELETE,547393,1855581,1308188
ADD,5559001,6792296,1233295
RETRIEVE,5462269,5627937,165668
DELETE,2588680,4015815,1427135
RETRIEVE,2433690,2723646,289956
RETRIEVE,1047612,1307730,260118
DELETE,672749,1762241,1089492
ADD,2505230,3598177,1092947
RETRIEVE,7133467,7327577,194110
RETRIEVE,2991270,3210258,218988
RETRIEVE,6643902,6905916,262014
DELETE,6316279,7358466,1042187
ADD,7419113,8289129,870016
DELETE,7633684,9046950,1413266
RETRIEVE,1704978,1889366,184388
ADD,118220,1128084,1009864
RETRIEVE,3228976,3524178,295202
RETRIEVE,4909338,5138146,228808
DELETE,354247,1211265,857018
DELETE,589338,2084576,1495238
DELETE,1916409,2268950,352541
DELETE,4900510,6093013,1192503
RETRIEVE,641049,823441,182392
RETRIEVE,7233407,7440073,206666
ADD,4753293,5305196,551903
RETRIEVE,3370465,3619279,248814
DELETE,6790980,7732694,941714
RETRIEVE,6646843,6837545,190702
RETRIEVE,714151,917825,203674
RETRIEVE,2752040,3038292,286252
RETRIEVE,3404811,3682739,277928
ADD,1108968,2182756,1073788
RETRIEVE,8637059,8939275,302216
DELETE,3934583,5387575,1452992
ADD,4444625,5696254,1251629
ADD,5285699,6579741,1294042
RETRIEVE,4468353,4740763,272410
RETRIEVE,2352069,2504691,152622
DELETE,3065512,3819880,754368
ADD,1546711,2149429,602718
DELETE,2115571,3227927,1112356
ADD,6863446,7650907,787461
ADD,9063313,9666291,602978
RETRIEVE,4966355,5165281,198926
RETRIEVE,2949225,3170839,221614
RETRIEVE,208079,361999,153920
ADD,698405,1546696,848291
DELETE,6355226,7485917,1130691
RETRIEVE,1774238,1936254,162016
ADD,7428725,8293192,864467
RETRIEVE,4896749,5017791,121042
DELETE,4975407,6001650,1026243
RETRIEVE,6025316,6271432,246116
DELETE,7197237,8158129,960892
ADD,4168311,4861784,693473
DELETE,3615295,4340128,724833
DELETE,5026708,6166876,1140168
RETRIEVE,8283801,8501633,217832
ADD,741803,1931119,1189316
ADD,7410011,8199751,789740
RETRIEVE,9222314,9375918,153604
RETRIEVE,3228156,3464272,236116
ADD,5635434,6835710,1200276
ADD,2017138,2854951,837813
RETRIEVE,2995158,3234938,239780
ADD,6706452,7374021,667569
DELETE,4743635,5763226,1019591
DELETE,5633684,7002444,1368760
RETRIEVE,9357533,9573847,216314
RETRIEVE,3601435,3803963,202528
RETRIEVE,4197241,4431965,234724
ADD,6877701,8016859,1139158
RETRIEVE,8176863,8455971,279108
RETRIEVE,8309725,8498387,188662
ADD,2613733,3636557,1022824
ADD,5440239,5897690,457451
ADD,1667866,2672625,1004759
DELETE,5740186,6604644,864458
RETRIEVE,5685934,5835342,149408
ADD,5814953,6700108,885155
RETRIEVE,7147293,7341789,194496
DELETE,5461861,6462840,1000979
ADD,8872367,9722465,850098
RETRIEVE,4410473,4620523,210050
ADD,2349335,2808704,459369
DELETE,7289309,8137332,848023
DELETE,4817701,5599585,781884
RETRIEVE,9641836,9803056,161220
DELETE,2624497,3993590,1369093
RETRIEVE,978646,1194204,215558
DELETE,8913716,9633546,719830
ADD,1001960,2471322,1469362
DELETE,2714151,4251051,1536900
ADD,4263356,5507314,1243958
RETRIEVE,5381477,5648257,266780
RETRIEVE,5027946,5166346,138400
RETRIEVE,5248376,5480882,232506
ADD,7347941,9118945,1771004
RETRIEVE,2141222,2287258,146036
RETRIEVE,7439242,7628122,188880
ADD,4391322,5515620,1124298
RETRIEVE,8552205,8716803,164598
RETRIEVE,7812254,8001868,189614
RETRIEVE,2277213,2427689,150476
RETRIEVE,4969319,5182775,213456
RETRIEVE,2594205,2826915,232710
ADD,3727574,4760830,1033256
RETRIEVE,4607219,4814055,206836
DELETE,2504667,3579437,1074770
DELETE,2544715,3392552,847837
ADD,3277531,4375842,1098311
DELETE,8314299,8890336,576037
RETRIEVE,4372206,4566442,194236
RETRIEVE,3952212,4176796,224584
DELETE,7031504,8031316,999812
ADD,4293799,5342712,1048913
ADD,663412,1979346,1315934
RETRIEVE,9364153,9531875,167722
DELETE,7895929,8908498,1012569
RETRIEVE,7275501,7462817,187316
DELETE,6286417,7098493,812076
ADD,5075172,6418223,1343051
RETRIEVE,354465,554251,199786
DELETE,7305079,8577673,1272594
ADD,1534032,2182090,648058
RETRIEVE,249832,474380,224548
RETRIEVE,3006207,3296553,290346
ADD,3890294,4622844,732550
RETRIEVE,1320209,1512081,191872
RETRIEVE,7654780,7846584,191804
RETRIEVE,3757472,3999472,242000
DELETE,1859094,2933040,1073946
DELETE,5375147,6074660,699513
RETRIEVE,5884151,6110785,226634
DELETE,8550589,9391534,840945
ADD,4113075,4797385,684310
DELETE,6328013,7275008,946995
RETRIEVE,9532874,9704946,172072
DELETE,6047192,6818153,770961
DELETE,6125625,7502500,1376875
DELETE,4691152,4821985,130833
DELETE,7237835,8389917,1152082
DELETE,7701152,8538826,837674
DELETE,1162009,2173994,1011985
RETRIEVE,7709814,8087238,377424
RETRIEVE,3198146,3377272,179126
RETRIEVE,4306978,4478388,171410
ADD,4956904,6318113,1361209
ADD,5854781,7102343,1247562
RETRIEVE,7534032,7703722,169690
DELETE,5158854,5985883,827029
DELETE,2939845,4182877,1243032
DELETE,2038064,2955107,917043
DELETE,4574741,5559804,985063
RETRIEVE,2218070,2468666,250596
ADD,8456235,8880844,424609
RETRIEVE,1111374,1369524,258150
RETRIEVE,9543129,9703645,160516
ADD,6588982,7432613,843631
RETRIEVE,8188838,8268262,79424
ADD,3153229,4055106,901877
ADD,7548107,8741592,1193485
RETRIEVE,5886387,6142439,256052
ADD,1584777,2797653,1212876
RETRIEVE,1705348,1917966,212618
RETRIEVE,7797858,8001084,203226
ADD,1867125,2764194,897069
ADD,1915767,2264583,348816
RETRIEVE,875829,1085427,209598
RETRIEVE,7168441,7414335,245894
RETRIEVE,1308943,1383801,74858
ADD,7718949,8850047,1131098
DELETE,5016714,6135083,1118369
RETRIEVE,258702,575756,317054
RETRIEVE,1087982,1284428,196446
RETRIEVE,2340609,2563103,222494
ADD,1439242,2798283,1359041
RETRIEVE,2909543,3108663,199120
RETRIEVE,2825897,3042435,216538
RETRIEVE,4514258,4752740,238482
RETRIEVE,2753394,2920940,167546
DELETE,3702258,4405023,702765
DELETE,2060592,2767294,706702
RETRIEVE,1684659,1866533,181874
ADD,1407581,2289947,882366
ADD,4370371,5246493,876122
DELETE,27061,1269916,1242855
DELETE,3862145,4481724,619579
RETRIEVE,6851869,7062883,211014
ADD,2723207,3703906,980699
RETRIEVE,4954495,5174223,219728
DELETE,5703527,6884672,1181145
DELETE,2314639,3853726,1539087
DELETE,2341720,3300064,958344
ADD,3147293,3750345,603052
RETRIEVE,2514258,2746184,231926
ADD,197262,954854,757592
ADD,4363196,5413712,1050516
DELETE,8951684,9762880,811196
ADD,16945,1133535,1116590
RETRIEVE,2474612,2670520,195908
RETRIEVE,9660445,9795561,135116
ADD,5927616,6365658,438042
ADD,6887323,7876768,989445
ADD,8545283,9541833,996550
RETRIEVE,7750591,7975447,224856
ADD,7498898,8338036,839138
DELETE,5614876,6779586,1164710
ADD,1138700,2088419,949719
DELETE,5035763,6417372,1381609
ADD,3461861,4290576,828715
ADD,6624497,7587223,962726
RETRIEVE,8579592,8775126,195534
ADD,5119035,5907654,788619
RETRIEVE,7027946,7310248,282302
ADD,8170806,8886106,715300
RETRIEVE,9688625,9845017,156392
RETRIEVE,4666100,4827478,161378
RETRIEVE,4054752,4255016,200264
ADD,4800486,5945759,1145273
RETRIEVE,4579592,4731026,151434
RETRIEVE,1283735,1498433,214698
RETRIEVE,6029399,6081143,51744
ADD,3679883,4981253,1301370
RETRIEVE,384959,565447,180488
DELETE,5257096,5570605,313509
RETRIEVE,3548107,3686491,138384
ADD,2963419,3810080,846661
RETRIEVE,7198530,7458340,259810
ADD,1569850,2388773,818923
DELETE,4950822,5890655,939833
RETRIEVE,8322591,8591049,268458
ADD,3980148,4830598,850450
ADD,7306691,7745428,438737
RETRIEVE,3916409,4035321,118912
ADD,8256951,8624796,367845
ADD,872367,1564691,692324
DELETE,7925657,8881370,955713
DELETE,6862631,7571390,708759
RETRIEVE,4039893,4231321,191428
ADD,6753204,8008520,1255316
RETRIEVE,6561223,6772417,211194
DELETE,866445,1928514,1062069
ADD,763342,1699562,936220
ADD,5334565,6349950,1015385
ADD,2004263,2739917,735654
RETRIEVE,1209746,1401932,192186
RETRIEVE,9317751,9584327,266576
DELETE,8441541,9748988,1307447
DELETE,2368229,3319875,951646
DELETE,2168311,3133826,965515
RETRIEVE,9514458,9757416,242958
RETRIEVE,5118753,5251189,132436
RETRIEVE,5748604,5964670,216066
DELETE,5175787,6319513,1143726
RETRIEVE,7489878,7623158,133280
ADD,975477,1857852,882375
RETRIEVE,785865,955219,169354
RETRIEVE,6563049,6689651,126602
DELETE,6878774,8092437,1213663
DELETE,7994736,8762806,768070
DELETE,4585533,5685966,1100433
RETRIEVE,4899134,5098902,199768
DELETE,7504798,8042044,537246
ADD,5539088,6594357,1055269
DELETE,691152,1588193,897041
DELETE,7745860,8874624,1128764
ADD,5229470,6017653,788183
RETRIEVE,1853126,2069572,216446
RETRIEVE,7557212,7787384,230172
ADD,9118753,9494371,375618
ADD,5160519,6143108,982589
ADD,157261,933484,776223
RETRIEVE,4103982,4385728,281746
RETRIEVE,1660445,1950873,290428
ADD,1669318,2560337,891019
RETRIEVE,7845552,8051414,205862
RETRIEVE,2926781,3164653,237872
ADD,968646,1987042,1018396
RETRIEVE,7111374,7341306,229932
RETRIEVE,2950434,3165970,215536
RETRIEVE,1173337,1457495,284158
ADD,822756,1913072,1090316
ADD,3065248,3981068,915820
RETRIEVE,8474919,8677147,202228
ADD,5478123,6518689,1040566
RETRIEVE,4451553,4659115,207562
RETRIEVE,6976687,7149011,172324
RETRIEVE,5802434,5991658,189224
RETRIEVE,6967145,7159311,192166
RETRIEVE,9684086,9851778,167692
RETRIEVE,7835275,8078005,242730
DELETE,591506,1457307,865801
ADD,5880622,7220013,1339391
DELETE,8772263,9681894,909631
RETRIEVE,7507812,7756726,248914
RETRIEVE,5124366,5358650,234284
RETRIEVE,3998675,4242731,244056
RETRIEVE,2119113,2359157,240044
ADD,1938551,2690205,751654
RETRIEVE,8967099,9197715,230616
DELETE,124835,1644828,1519993
RETRIEVE,7283374,7448722,165348
DELETE,650302,2043844,1393542
RETRIEVE,2520522,2778464,257942
ADD,4899657,5955824,1056167
RETRIEVE,2790980,3021628,230648
RETRIEVE,5934583,6159311,224728
DELETE,2328013,3330335,1002322
RETRIEVE,3341673,3498365,156692
DELETE,5346729,6104608,757879
RETRIEVE,4504667,4679095,174428
ADD,7021782,8332546,1310764
RETRIEVE,6005738,6210468,204730
RETRIEVE,5016637,5226875,210238
RETRIEVE,3626379,3850871,224492
ADD,7295486,8263085,967599
ADD,2507622,3587803,1080181
DELETE,3047612,3613652,566040
RETRIEVE,4668061,4836717,168656
ADD,6680200,7693927,1013727
DELETE,3035325,4353806,1318481
DELETE,2391322,3478905,1087583
RETRIEVE,7852820,8005408,152588
RETRIEVE,6055718,6377160,321442
RETRIEVE,6047213,6247977,200764
DELETE,1614876,2823953,1209077
ADD,3559001,4906397,1347396
ADD,5461688,6431260,969572
RETRIEVE,3176898,3278468,101570
RETRIEVE,1267638,1419530,151892
ADD,7161019,7844588,683569
RETRIEVE,9012866,9199544,186678
RETRIEVE,2597973,2785193,187220
RETRIEVE,5145681,5349671,203990
RETRIEVE,7457655,7678615,220960
ADD,5172589,5922649,750060
RETRIEVE,2851869,3056145,204276
ADD,2192398,3328842,1136444
ADD,7995185,9258709,1263524
RETRIEVE,413240,620448,207208
ADD,3140474,3883465,742991
ADD,8498970,9266605,767635
ADD,5257172,6261125,1003953
RETRIEVE,3721721,3872139,150418
RETRIEVE,3052112,3386334,334222
DELETE,3145366,4064790,919424
RETRIEVE,6349335,6482477,133142
RETRIEVE,4340127,4566457,226330
DELETE,4582600,5570673,988073
ADD,1390724,2406091,1015367
RETRIEVE,4421677,4676699,255022
ADD,6907245,7725223,817978
DELETE,8604514,9641328,1036814
DELETE,4895803,5684088,788285
ADD,5813859,6953425,1139566
ADD,5339069,6361856,1022787
ADD,619506,1460784,841278
ADD,2672492,4103861,1431369
ADD,6218070,7113277,895207
DELETE,1998834,3216268,1217434
RETRIEVE,7062090,7303796,241706
DELETE,7075559,7839729,764170
ADD,2464167,2966671,502504
ADD,8200665,9261696,1061031
RETRIEVE,6588680,6798746,210066
ADD,5881182,6474274,593092
DELETE,7270168,8077816,807648
RETRIEVE,3297193,3586253,289060
DELETE,862631,1379801,517170
RETRIEVE,409003,645251,236248
DELETE,5172165,6313343,1141178
DELETE,4206363,5712403,1506040
RETRIEVE,4394242,4562876,168634
RETRIEVE,7654127,7801429,147302
DELETE,3469017,4253902,784885
ADD,8795075,9359614,564539
ADD,1228976,1853410,624434
RETRIEVE,1755412,1901596,146184
ADD,1369235,2263997,894762
ADD,7868095,8541112,673017
DELETE,1712226,2613556,901330
RETRIEVE,2692782,2874250,181468
RETRIEVE,5361712,5534562,172850
DELETE,6118220,7372999,1254779
RETRIEVE,3239060,3510086,271026
DELETE,5336496,6412600,1076104
ADD,571245,1670270,1099025
DELETE,7949624,9029369,1079745
RETRIEVE,2218320,2500822,282502
ADD,2898976,4153922,1254946
ADD,398751,1194068,795317
DELETE,355368,1256578,901210
RETRIEVE,6330207,6565107,234900
RETRIEVE,8788988,8925934,136946
RETRIEVE,1556939,1780251,223312
RETRIEVE,3720218,3937164,216946
DELETE,896749,1749181,852432
ADD,8484350,9321904,837554
ADD,7612727,8475406,862679
RETRIEVE,579592,810282,230690
ADD,145566,1051547,905981
DELETE,5789482,6289661,500179
DELETE,1187568,1907157,719589
ADD,3905280,4914875,1009595
RETRIEVE,9160694,9359466,198772
ADD,1536456,2462485,926029
RETRIEVE,5209746,5454232,244486
DELETE,8352069,8898394,546325
DELETE,499909,1621520,1121611
RETRIEVE,4234480,4454178,219698
ADD,7153229,7754131,600902
ADD,767755,1590013,822258
DELETE,2634085,3575864,941779
DELETE,2174109,3300529,1126420
DELETE,8931166,9872102,940936
RETRIEVE,7538105,7686001,147896
DELETE,6099018,6881902,782884
RETRIEVE,8369965,8606075,236110
RETRIEVE,5706719,5903131,196412
ADD,4952632,6226394,1273762
RETRIEVE,6188838,6346046,157208
DELETE,7721811,8737205,1015394
RETRIEVE,8340609,8557615,217006
DELETE,7348721,8122359,773638
RETRIEVE,2567810,2702980,135170
RETRIEVE,5133467,5319987,186520
DELETE,8672749,9634530,961781
RETRIEVE,984248,1170026,185778
RETRIEVE,1835774,2080400,244626
RETRIEVE,8520522,8755304,234782
ADD,1290011,2275166,985155
DELETE,6228342,7348212,1119870
DELETE,5052595,6787190,1734595
RETRIEVE,6775072,7044818,269746
RETRIEVE,491871,710437,218566
RETRIEVE,1866936,2095512,228576
RETRIEVE,4775821,5041221,265400
ADD,8184626,9061350,876724
DELETE,8145149,9062729,917580
DELETE,1925657,2982213,1056556
ADD,421493,1871502,1450009
ADD,7090379,8815598,1725219
DELETE,8577701,9206860,629159
RETRIEVE,5030620,5335506,304886
ADD,487656,1380908,893252
ADD,4481665,5489453,1007788
ADD,481005,1459027,978022
ADD,7605212,8435086,829874
RETRIEVE,8326234,8497138,170904
ADD,5614156,6419794,805638
ADD,8000695,9139409,1138714
ADD,7400083,8317756,917673
ADD,753682,1824886,1071204
RETRIEVE,4460842,4770320,309478
ADD,6087713,7047020,959307
ADD,4866445,5889788,1023343
RETRIEVE,7591278,7788222,196944
DELETE,5575661,6452524,876863
ADD,8352982,9274500,921518
ADD,2443403,3714812,1271409
ADD,1678801,2525591,846790
RETRIEVE,3160532,3323068,162536
RETRIEVE,1737024,1949246,212222
DELETE,653026,1569494,916468
DELETE,8314678,9143977,829299
RETRIEVE,1584052,1762426,178374
ADD,4558147,5032034,473887
ADD,4705917,5164740,458823
RETRIEVE,5796432,6080494,284062
RETRIEVE,6890735,7178573,287838
DELETE,6909424,7756418,846994
ADD,1755466,2396622,641156
RETRIEVE,2763040,3013444,250404
ADD,1485686,2247179,761493
DELETE,9192628,9795411,602783
ADD,8602418,9712504,1110086
DELETE,2489412,3433350,943938
ADD,1176898,2212007,1035109
RETRIEVE,6160082,6358280,198198
ADD,5145366,5901856,756490
DELETE,7732441,8767356,1034915
RETRIEVE,3916383,4075667,159284
DELETE,3359786,4063691,703905
DELETE,4858452,6150770,1292318
RETRIEVE,8499756,8678470,178714
RETRIEVE,7300403,7481693,181290
ADD,7580634,8977641,1397007
DELETE,4419188,5355482,936294
ADD,5930579,6571244,640665
DELETE,4603469,5399212,795743
ADD,6168311,7353282,1184971
RETRIEVE,9350204,9607962,257758
DELETE,6591915,7741570,1149655
DELETE,2130612,3064822,934210
ADD,4038750,6107347,2068597
DELETE,6782787,7513114,730327
ADD,5283260,6295254,1011994
RETRIEVE,9262063,9465559,203496
ADD,2931215,4090922,1159707
ADD,8422113,9454582,1032469
ADD,215911,1288856,1072945
DELETE,8591915,9511793,919878
ADD,2590186,3376044,785858
RETRIEVE,9173717,9422447,248730
ADD,3233869,4142314,908445
RETRIEVE,6353245,6513941,160696
DELETE,291542,1331200,1039658
RETRIEVE,4989473,5174337,184864
ADD,8108041,8860223,752182
RETRIEVE,180024,476580,296556
DELETE,2940565,3661146,720581
RETRIEVE,2895718,3144708,248990
DELETE,6252801,7250111,997310
DELETE,423673,1358059,934386
RETRIEVE,8820023,9093077,273054
DELETE,1960974,2790607,829633
DELETE,843346,1897012,1053666
RETRIEVE,382599,561881,179282
ADD,5883707,7403690,1519983
DELETE,8424668,9185067,760399
RETRIEVE,938778,1173158,234380
DELETE,2387598,2921768,534170
DELETE,2941216,4217618,1276402
ADD,2394242,3226886,832644
ADD,2896749,3360278,463529
DELETE,7409009,8440486,1031477
RETRIEVE,6380757,6578715,197958
RETRIEVE,5634912,5847156,212244
RETRIEVE,8189901,8431787,241886
RETRIEVE,8323653,8457959,134306
DELETE,4019827,4632653,612826
ADD,5035936,5741323,705387
RETRIEVE,4744433,4925149,180716
RETRIEVE,4870210,5081964,211754
RETRIEVE,2585533,2772093,186560
RETRIEVE,1890294,2105642,215348
ADD,8027097,8745528,718431
RETRIEVE,193490,425118,231628
ADD,2566304,3525083,958779
RETRIEVE,343242,509962,166720
ADD,7052586,8376033,1323447
ADD,8018077,9244683,1226606
RETRIEVE,4252243,4509667,257424
RETRIEVE,9428725,9537543,108818
RETRIEVE,1339520,1509176,169656
ADD,8355368,9407450,1052082
RETRIEVE,8701026,8933646,232620
DELETE,1718949,2612886,893937
RETRIEVE,1195520,1375726,180206
ADD,1009381,1660645,651264
ADD,5763136,6931904,1168768
RETRIEVE,6912987,7196727,283740
RETRIEVE,282580,482794,200214
DELETE,5004032,6125227,1121195
RETRIEVE,5323035,5512139,189104
RETRIEVE,7026708,7247808,221100
ADD,5245508,6078077,832569
RETRIEVE,1450830,1715530,264700
ADD,997399,2225950,1228551
ADD,3661415,4247781,586366
RETRIEVE,3111110,3304496,193386
RETRIEVE,7615399,7886311,270912
DELETE,2222057,2744980,522923
ADD,5316697,6360274,1043577
ADD,6391001,7062026,671025
RETRIEVE,6737409,6965437,228028
RETRIEVE,9615295,9830947,215652
ADD,7616503,9118374,1501871
DELETE,2566338,3576331,1009993
RETRIEVE,1952238,2150854,198616
RETRIEVE,7355860,7544448,188588
RETRIEVE,207701,318057,110356
DELETE,4544890,5367222,822332
ADD,8353508,8955550,602042
RETRIEVE,4313522,4521206,207684
ADD,7796432,8799468,1003036
ADD,1028414,1753191,724777
RETRIEVE,1198449,1340025,141576
RETRIEVE,3679152,3923324,244172
ADD,6625491,7632798,1007307
DELETE,2404581,3235446,830865
RETRIEVE,6637804,6857060,219256
ADD,8025316,9192963,1167647
RETRIEVE,4752293,5062889,310596
RETRIEVE,2931166,3159930,228764
DELETE,1145773,1971542,825769
ADD,6441054,6540471,99417
RETRIEVE,3432682,3521768,89086
RETRIEVE,3336496,3517996,181500
ADD,4059663,4691499,631836
DELETE,90920,995687,904767
DELETE,6202476,7121288,918812
ADD,7757472,8648658,891186
ADD,1050166,2046735,996569
ADD,3048567,3664737,616170
RETRIEVE,6149612,6284774,135162
RETRIEVE,9478123,9692009,213886
ADD,474612,1854683,1380071
RETRIEVE,5352898,5601948,249050
RETRIEVE,6661502,6845462,183960
ADD,2074290,2927695,853405
ADD,7107351,8146129,1038778
ADD,212901,1252781,1039880
RETRIEVE,418968,605786,186818
ADD,138305,1626029,1487724
RETRIEVE,4534648,4604940,70292
ADD,344499,1266980,922481
ADD,8179996,9320915,1140919
RETRIEVE,2032666,2255926,223260
RETRIEVE,7805808,8005350,199542
ADD,302797,952097,649300
RETRIEVE,2421677,2682197,260520
RETRIEVE,1258646,1394512,135866
DELETE,7656927,8712279,1055352
RETRIEVE,1903129,2212431,309302
RETRIEVE,4921957,5097179,175222
DELETE,3039241,3803856,764615
RETRIEVE,4647779,4856805,209026
ADD,3160694,4307672,1146978
RETRIEVE,2805903,2936259,130356
DELETE,5079643,5917688,838045
RETRIEVE,1477734,1765850,288116
RETRIEVE,3902720,4165588,262868
DELETE,6775865,7556424,780559
RETRIEVE,4787658,4964408,176750
RETRIEVE,4912510,5106804,194294
DELETE,4545283,5454080,908797
ADD,6602794,8027668,1424874
ADD,6109810,6963391,853581
RETRIEVE,8882048,9119988,237940
ADD,8872914,9627884,754970
DELETE,4646843,5204100,557257
ADD,1504798,2373554,868756
DELETE,1403495,2881436,1477941
ADD,1484104,2364061,879957
RETRIEVE,2511242,2736562,225320
RETRIEVE,2514730,2630972,116242
DELETE,3713521,4753494,1039973
DELETE,5187423,6043589,856166
RETRIEVE,9635434,9869830,234396
DELETE,188293,1218279,1029986
DELETE,5306691,6202704,896013
DELETE,8471617,9480193,1008576
DELETE,8496854,9420706,923852
DELETE,5410011,6108366,698355
ADD,4211766,5373372,1161606
ADD,3691757,4577013,885256
ADD,8741595,9699624,958029
ADD,4544715,5553281,1008566
RETRIEVE,6343242,6520792,177550
ADD,1698417,2564135,865718
RETRIEVE,9189874,9397716,207842
DELETE,3601934,4620747,1018813
DELETE,1715705,2172406,456701
ADD,7237705,8000068,762363
RETRIEVE,1725625,1996535,270910
ADD,2227276,3046912,819636
RETRIEVE,623257,881461,258204
ADD,1144857,2007536,862679
RETRIEVE,2605768,2789654,183886
RETRIEVE,2165846,2343434,177588
RETRIEVE,2775865,2961741,185876
DELETE,6915003,8120949,1205946
DELETE,5571610,6617244,1045634
DELETE,1915791,3003800,1088009
RETRIEVE,9441154,9655602,214448
RETRIEVE,9119035,9391287,272252
DELETE,65395,962519,897124
ADD,7149886,7940599,790713
DELETE,1479923,1880917,400994
RETRIEVE,630993,972701,341708
ADD,509502,1795669,1286167
DELETE,2447669,3722876,1275207
RETRIEVE,1739214,2005422,266208
ADD,2547393,3878372,1330979
RETRIEVE,7469856,7648170,178314
DELETE,5689250,6714678,1025428
RETRIEVE,355226,626580,271354
RETRIEVE,3923370,4037916,114546
ADD,1503075,2753472,1250397
ADD,1919503,2969556,1050053
ADD,4614114,5258467,644353
ADD,8241755,9066515,824760
RETRIEVE,8410473,8577581,167108
DELETE,3485889,4469793,983904
ADD,6155449,6987083,831634
DELETE,2049928,2952157,902229
RETRIEVE,6266631,6420683,154052
ADD,8607219,9480904,873685
DELETE,1488297,2222200,733903
DELETE,6455829,7350897,895068
DELETE,699509,1692326,992817
DELETE,4503688,5120210,616522
RETRIEVE,6208079,6368379,160300
RETRIEVE,8178214,8398442,220228
DELETE,4143065,5122847,979782
RETRIEVE,5914745,6047573,132828
DELETE,8642115,9413317,771202
RETRIEVE,6500152,6652838,152686
ADD,8745552,9875928,1130376
DELETE,149612,1057881,908269
DELETE,2637804,3123808,486004
DELETE,5334585,6423854,1089269
RETRIEVE,6168764,6328118,159354
ADD,7874390,8630620,756230
ADD,613160,2271703,1658543
ADD,6259323,6758251,498928
DELETE,6232422,7001891,769469
RETRIEVE,553344,728196,174852
ADD,1146114,2357841,1211727
ADD,2212901,3064639,851738
ADD,6166235,7446241,1280006
DELETE,8545890,9625144,1079254
ADD,4535580,5430694,895114
DELETE,3871335,4898199,1026864
ADD,8149612,8617884,468272
RETRIEVE,6526026,6718186,192160
DELETE,1172155,2289533,1117378
DELETE,1557212,2575608,1018396
ADD,5064132,5954753,890621
ADD,833930,2167309,1333379
RETRIEVE,5006499,5291639,285140
ADD,653002,1310705,657703
ADD,869537,1908723,1039186
DELETE,3884151,4686963,802812
RETRIEVE,7268706,7481080,212374
DELETE,2283377,3028240,744863
RETRIEVE,7448067,7663301,215234
RETRIEVE,1560120,1691638,131518
RETRIEVE,228342,340078,111736
RETRIEVE,7194918,7365518,170600
ADD,3342788,4175163,832375
DELETE,4973541,5846819,873278
ADD,5274125,5923592,649467
DELETE,5727239,6622473,895234
DELETE,4027097,5086896,1059799
RETRIEVE,1724910,1897126,172216
ADD,3869866,5264686,1394820
DELETE,3965343,4845152,879809
RETRIEVE,8180024,8477792,297768
DELETE,2491975,3240386,748411
DELETE,863446,1443188,579742
RETRIEVE,2744416,2856544,112128
DELETE,168311,758253,589942
ADD,5147293,5704217,556924
DELETE,8472008,8902639,430631
ADD,2136293,2972096,835803
DELETE,4013099,4490330,477231
DELETE,1690328,2276250,585922
RETRIEVE,1705326,1865126,159800
RETRIEVE,8971856,9149822,177966
ADD,8919752,9736572,816820
ADD,545890,1427969,882079
RETRIEVE,4995671,5169699,174028
RETRIEVE,9531723,9714293,182570
DELETE,3683875,4837699,1153824
ADD,5073064,6360667,1287603
ADD,4752040,5700554,948514
ADD,3998639,4770007,771368
ADD,4545890,5491328,945438
RETRIEVE,4507622,4688476,180854
RETRIEVE,5020112,5226782,206670
ADD,5200474,6209226,1008752
RETRIEVE,2559990,2787682,227692
ADD,5219098,6073513,854415
ADD,5839622,7030671,1191049
DELETE,3678801,4883570,1204769
ADD,4352982,5421323,1068341
DELETE,2212495,3037505,825010
RETRIEVE,7213701,7326813,113112
ADD,5549279,6464941,915662
ADD,1010334,2677919,1667585
RETRIEVE,5538105,5741405,203300
DELETE,8012892,9018846,1005954
ADD,2263366,3007163,743797
RETRIEVE,5342788,5563412,220624
ADD,8215911,8742911,527000
DELETE,3548519,5117094,1568575
DELETE,7341367,8343689,1002322
RETRIEVE,310724,448152,137428
DELETE,3903373,4753814,850441
RETRIEVE,8089533,8305037,215504
DELETE,8759217,9795642,1036425
DELETE,2568034,3282611,714577
DELETE,5684129,6581605,897476
RETRIEVE,1935059,2157895,222836
ADD,2615561,4395403,1779842
RETRIEVE,3755776,3930852,175076
RETRIEVE,8141222,8261582,120360
RETRIEVE,8302797,8460665,157868
RETRIEVE,1016406,1224644,208238
DELETE,4472008,5317668,845660
ADD,6488857,7187694,698837
ADD,3740552,4762107,1021555
DELETE,2341097,2888034,546937
RETRIEVE,8686831,8837589,150758
ADD,8160082,8865923,705841
ADD,5283374,6151093,867719
ADD,5531622,6642246,1110624
DELETE,3268213,4259103,990890
DELETE,4929879,6015544,1085665
DELETE,5763993,6809339,1045346
ADD,8558753,9430789,872036
ADD,8204058,9285360,1081302
RETRIEVE,1903373,2101937,198564
ADD,3404403,3972074,567671
RETRIEVE,6391322,6662868,271546
RETRIEVE,7998675,8140327,141652
RETRIEVE,4833930,5036644,202714
DELETE,17770,720248,702478
ADD,7695130,8445060,749930
DELETE,6696631,7904448,1207817
RETRIEVE,6343313,6627255,283942
ADD,2178214,3307330,1129116
DELETE,2747287,3635582,888295
ADD,6590186,7563492,973306
RETRIEVE,6979745,7096029,116284
ADD,882048,1339536,457488
RETRIEVE,9001769,9210833,209064
ADD,7373935,8562334,1188399
DELETE,5052586,5625028,572442
RETRIEVE,8111552,8240748,129196
DELETE,8976687,9330265,353578
RETRIEVE,2073571,2228447,154876
RETRIEVE,118590,316450,197860
DELETE,787658,1366826,579168
ADD,5725625,7060801,1335176
RETRIEVE,4906844,5115148,208304
DELETE,5866936,6600237,733301
RETRIEVE,8202476,8428056,225580
RETRIEVE,4792214,4959498,167284
RETRIEVE,6481793,6746709,264916
DELETE,1697795,2315003,617208
DELETE,3774598,4668489,893891
ADD,5485936,6425853,939917
ADD,5771617,6728562,956945
ADD,5404382,6488296,1083914
RETRIEVE,5401355,5647267,245912
ADD,4895486,6021229,1125743
RETRIEVE,4403598,4615566,211968
RETRIEVE,1123716,1294486,170770
RETRIEVE,9489552,9777618,288066
RETRIEVE,3574608,3758560,183952
RETRIEVE,887323,1044303,156980
ADD,8252297,9461133,1208836
RETRIEVE,495481,679239,183758
RETRIEVE,7005005,7198377,193372
ADD,7258646,8331962,1073316
RETRIEVE,8019254,8214036,194782
DELETE,5664108,6348863,684755
RETRIEVE,8123668,8373192,249524
RETRIEVE,6950822,7079388,128566
RETRIEVE,8622271,8825581,203310
RETRIEVE,3306691,3509551,202860
ADD,6013099,6767402,754303
DELETE,3375279,4883515,1508236
ADD,943081,1573926,630845
RETRIEVE,1133467,1365681,232214
RETRIEVE,5419113,5571209,152096
RETRIEVE,3257413,3379779,122366
RETRIEVE,3750122,3916458,166336
ADD,7911261,8788115,876854
ADD,482388,1553953,1071565
DELETE,4061906,4647698,585792
DELETE,1676611,2648972,972361
ADD,1745860,3082314,1336454
DELETE,1601934,2336504,734570
DELETE,3592590,4443735,851145
RETRIEVE,5772767,5986269,213502
ADD,6688236,7640484,952248
RETRIEVE,5667748,5849222,181474
ADD,7914161,8480386,566225
ADD,1745920,2792341,1046421
DELETE,7794437,9456231,1661794
RETRIEVE,1300403,1501653,201250
RETRIEVE,6098774,6210662,111888
DELETE,9060361,9735777,675416
DELETE,7118753,7817293,698540
ADD,495943,1302174,806231
ADD,9420216,9700577,280361
RETRIEVE,9407581,9560175,152594
DELETE,2606842,3141568,534726
RETRIEVE,2277008,2590064,313056
RETRIEVE,7140474,7324938,184464
ADD,4560360,5159141,598781
DELETE,2354247,3457515,1103268
RETRIEVE,6638990,6862868,223878
RETRIEVE,2372674,2533682,161008
RETRIEVE,7641540,7923292,281752
RETRIEVE,8468353,8669529,201176
ADD,4912779,5687649,774870
RETRIEVE,893486,977750,84264
ADD,159788,1066195,906407
RETRIEVE,2817701,2957115,139414
DELETE,3845924,4683079,837155
DELETE,310330,1307223,996893
RETRIEVE,286417,567387,280970
RETRIEVE,1233869,1435307,201438
RETRIEVE,4292049,4535633,243584
RETRIEVE,8805903,8928895,122992
RETRIEVE,2312623,2398427,85804
DELETE,2306962,3305134,998172
RETRIEVE,5835275,6120815,285540
RETRIEVE,160345,492169,331824
RETRIEVE,7630674,7786632,155958
RETRIEVE,1854781,2029505,174724
ADD,4043672,5096875,1053203
DELETE,1708627,2552786,844159
RETRIEVE,6234926,6415494,180568
DELETE,6165846,7115528,949682
ADD,1027946,1866306,838360
RETRIEVE,1569958,1700598,130640
ADD,8073571,8938659,865088
DELETE,7158795,7851730,692935
DELETE,2698405,4126550,1428145
RETRIEVE,19254,251974,232720
ADD,8186343,8277922,91579
ADD,6995158,8360341,1365183
ADD,266939,1212424,945485
ADD,8869537,9316584,447047
RETRIEVE,1923645,2169811,246166
ADD,7352898,8045065,692167
RETRIEVE,3773724,4047270,273546
DELETE,6153265,6958236,804971
RETRIEVE,4686831,4856763,169932
DELETE,2005738,2848739,843001
DELETE,4060592,4549820,489228
RETRIEVE,6866928,7061346,194418
RETRIEVE,3597067,3760063,162996
RETRIEVE,6967099,7204655,237556
ADD,4474919,5381854,906935
RETRIEVE,6282933,6561885,278952
DELETE,3231103,4489995,1258892
RETRIEVE,1551787,1711883,160096
RETRIEVE,4057875,4295757,237882
ADD,2252297,3255703,1003406
RETRIEVE,4156823,4353397,196574
RETRIEVE,7258136,7441928,183792
RETRIEVE,4500152,4721302,221150
RETRIEVE,8626458,8866698,240240
DELETE,7339069,8425355,1086286
RETRIEVE,5076620,5271852,195232
RETRIEVE,6564180,6777594,213414
DELETE,6136293,6864702,728409
DELETE,3139345,4163633,1024288
RETRIEVE,2591506,2705348,113842
RETRIEVE,6185615,6408051,222436
RETRIEVE,4398751,4593657,194906
ADD,4951802,6325648,1373846
ADD,8686911,9684749,997838
ADD,7050166,7715438,665272
DELETE,7405489,8402595,997106
RETRIEVE,7560120,7726212,166092
RETRIEVE,8419685,8601439,181754
RETRIEVE,2282057,2450013,167956
RETRIEVE,1352169,1592589,240420
DELETE,3975190,5339938,1364748
DELETE,6247308,7215593,968285
RETRIEVE,5401104,5591704,190600
RETRIEVE,9484110,9769708,285598
DELETE,6742746,7304237,561491
RETRIEVE,8953941,9212723,258782
DELETE,2346185,3438354,1092169
RETRIEVE,4252773,4355119,102346
DELETE,6038566,7090027,1051461
RETRIEVE,7195520,7469668,274148
DELETE,2252801,3071122,818321
DELETE,2347574,3554446,1206872
RETRIEVE,3538011,3711757,173746
ADD,6951684,7880910,929226
RETRIEVE,3695385,3860843,165458
DELETE,4228342,5266045,1037703
RETRIEVE,3876245,4089577,213332
RETRIEVE,87713,238659,150946
RETRIEVE,5339520,5527682,188162
RETRIEVE,3503075,3773903,270828
DELETE,498970,1260954,761984
ADD,1306691,2457393,1150702
RETRIEVE,117365,298393,181028
DELETE,605768,1604959,999191
ADD,6938778,7404947,466169
ADD,3720830,4705318,984488
DELETE,2736871,3805860,1068989
DELETE,4496854,5014061,517207
ADD,5550169,6274696,724527
ADD,1110035,1829856,719821
DELETE,3546883,4765104,1218221
RETRIEVE,5171482,5288484,117002
ADD,4887323,5862463,975140
RETRIEVE,6121454,6309532,188078
ADD,4170157,5041887,871730
DELETE,9112018,9834906,722888
RETRIEVE,7002465,7178087,175622
RETRIEVE,4263366,4462974,199608
RETRIEVE,4932924,5222994,290070
DELETE,8822756,9739419,916663
RETRIEVE,3560024,3729320,169296
RETRIEVE,121454,317340,195886
RETRIEVE,4462856,4729528,266672
RETRIEVE,9108968,9299708,190740
ADD,8059301,9152285,1092984
RETRIEVE,6184511,6420443,235932
ADD,6187395,7590340,1402945
ADD,7201928,7933645,731717
RETRIEVE,3350204,3480284,130080
DELETE,4589338,5920762,1331424
ADD,6375236,7273667,898431
RETRIEVE,1072232,1305228,232996
DELETE,7713521,8754198,1040677
DELETE,6255927,6841108,585181
DELETE,760648,1580275,819627
RETRIEVE,2736206,2977090,240884
ADD,5727574,6867520,1139946
RETRIEVE,3961478,4149690,188212
RETRIEVE,5496913,5674307,177394
DELETE,4561223,5859536,1298313
DELETE,6214877,7383839,1168962
ADD,7938551,9227145,1288594
ADD,2743635,3520229,776594
RETRIEVE,9593894,9793566,199672
RETRIEVE,8365731,8491859,126128
RETRIEVE,3095218,3356334,261116
RETRIEVE,2380757,2567299,186542
DELETE,3175787,4693992,1518205
DELETE,6342535,7588559,1246024
RETRIEVE,7114979,7345643,230664
RETRIEVE,2647220,2889104,241884
DELETE,1772521,3439911,1667390
DELETE,6921957,7901489,979532
DELETE,2574824,3809110,1234286
ADD,4859010,5421020,562010
DELETE,3138860,4141275,1002415
RETRIEVE,6966355,7192953,226598
ADD,8125735,8908026,782291
DELETE,4622895,5508198,885303
DELETE,1515399,2069108,553709
ADD,5288796,6068660,779864
RETRIEVE,4445946,4745360,299414
RETRIEVE,2394057,2587757,193700
ADD,4928823,6088910,1160087
DELETE,1428946,2188817,759871
RETRIEVE,5713160,5994344,281184
DELETE,6224080,7741636,1517556
DELETE,4746208,5625739,879531
RETRIEVE,4059301,4265103,205802
ADD,3923645,5014971,1091326
RETRIEVE,499756,682350,182594
ADD,6809234,8187054,1377820
RETRIEVE,5034559,5157087,122528
RETRIEVE,5907890,6086338,178448
DELETE,1582714,2605335,1022621
DELETE,5925657,7380094,1454437
DELETE,3193074,4188253,995179
ADD,4646785,5808048,1161263
ADD,8624497,9601490,976993
ADD,37782,576566,538784
ADD,2159788,3356330,1196542
DELETE,1305079,2310616,1005537
DELETE,6027061,7144226,1117165
DELETE,4422113,5436405,1014292
RETRIEVE,6899657,7163193,263536
DELETE,6352069,7104093,752024
DELETE,7302120,8330966,1028846
ADD,419188,1137944,718756
ADD,7970663,9257636,1286973
DELETE,4215911,5017908,801997
DELETE,6746093,7774819,1028726
DELETE,2638990,3442423,803433
ADD,3060361,3556065,495704
RETRIEVE,7551752,7744744,192992
DELETE,2760646,3448495,687849
RETRIEVE,184626,385638,201012
DELETE,7485889,8610511,1124622
RETRIEVE,8263867,8456075,192208
RETRIEVE,684650,901444,216794
ADD,7274590,8293005,1018415
ADD,1292100,2177792,885692
RETRIEVE,8653026,8881608,228582
DELETE,878865,1272484,393619
ADD,3808608,4322508,513900
ADD,6873125,7786064,912939
DELETE,3654780,4367467,712687
DELETE,8502545,9772592,1270047
ADD,867309,2086188,1218879
ADD,5160297,5755687,595390
ADD,2193260,3353004,1159744
RETRIEVE,5080458,5345526,265068
RETRIEVE,388114,655738,267624
DELETE,3035763,3993069,957306
RETRIEVE,7992512,8207134,214622
RETRIEVE,5457600,5665990,208390
RETRIEVE,1145681,1346195,200514
RETRIEVE,3707679,3892981,185302
ADD,6919752,7789815,870063
ADD,2029459,2936672,907213
DELETE,3334565,3984069,649504
RETRIEVE,7702258,7959596,257338
RETRIEVE,55718,207060,151342
ADD,7473489,8334815,861326
ADD,7905951,8775180,869229
RETRIEVE,7703527,7911047,207520
RETRIEVE,9266965,9487135,220170
RETRIEVE,1028140,1385732,357592
ADD,2328857,3127750,798893
DELETE,8556000,9469346,913346
RETRIEVE,9192003,9295227,103224
DELETE,2792214,3991832,1199618
RETRIEVE,1855310,2110714,255404
DELETE,4205617,5177691,972074
DELETE,5063830,6133903,1070073
DELETE,6462856,7319244,856388
RETRIEVE,8717348,8887212,169864
DELETE,3373935,5066812,1692877
RETRIEVE,840180,1030402,190222
RETRIEVE,1340006,1610708,270702
RETRIEVE,5995185,6331655,336470
DELETE,2154088,3391468,1237380
RETRIEVE,1905951,2225813,319862
DELETE,4929874,5864353,934479
RETRIEVE,8195323,8441211,245888
DELETE,6352982,7226185,873203
DELETE,6707368,7419435,712067
RETRIEVE,3384874,3595070,210196
ADD,4611765,5623102,1011337
ADD,39893,874528,834635
ADD,4692454,5684493,992039
DELETE,5662181,6252587,590406
RETRIEVE,283801,468255,184454
DELETE,2305488,3413008,1107520
DELETE,6970361,7847502,877141
DELETE,2898977,3826118,927141
RETRIEVE,6988119,7222401,234282
DELETE,451712,1266772,815060
RETRIEVE,3454155,3636969,182814
RETRIEVE,7145286,7365086,219800
DELETE,620561,1283869,663308
RETRIEVE,2061906,2253182,191276
DELETE,3785056,5015886,1230830
ADD,5168396,6171821,1003425
DELETE,1600990,2790751,1189761
DELETE,8553344,9803750,1250406
ADD,4605768,5038066,432298
DELETE,6348219,7072867,724648
DELETE,3296008,4095049,799041
ADD,3854912,4604212,749300
RETRIEVE,1774794,2030490,255696
RETRIEVE,4703885,4929901,226016
DELETE,2878865,3421290,542425
ADD,7173717,8375827,1202110
RETRIEVE,2149612,2393302,243690
ADD,5390724,6821305,1430581
DELETE,2636111,3776474,1140363
RETRIEVE,6481665,6604247,122582
RETRIEVE,9627639,9722825,95186
DELETE,4786834,5912105,1125271
RETRIEVE,3984463,4129661,145198
ADD,8847060,9728555,881495
RETRIEVE,6624336,6707438,83102
ADD,7475919,8364501,888582
ADD,8109837,9111122,1001285
RETRIEVE,2198325,2445499,247174
RETRIEVE,4144963,4589945,444982
ADD,7499992,8207436,707444
RETRIEVE,5919456,6146802,227346
DELETE,6260694,7340903,1080209
DELETE,622271,1664662,1042391
DELETE,1930579,2575089,644510
ADD,6193260,7387755,1194495
RETRIEVE,5702258,5957004,254746
RETRIEVE,8394057,8537451,143394
DELETE,1052806,2243753,1190947
ADD,2760161,3570690,810529
RETRIEVE,8753305,8931119,177814
RETRIEVE,6760646,6935660,175014
DELETE,7885260,8504348,619088
ADD,1664108,2337959,673851
DELETE,8288295,9146138,857843
DELETE,4253780,5307307,1053527
ADD,2812546,3780460,967914
DELETE,3441154,4405177,964023
DELETE,6383237,7736886,1353649
RETRIEVE,1039984,1160174,120190
RETRIEVE,4322831,4368049,45218
RETRIEVE,6652827,6877393,224566
DELETE,7626768,8913426,1286658
DELETE,8530172,9261462,731290
DELETE,8775042,9412372,637330
ADD,5451736,6382009,930273
DELETE,6414235,7648021,1233786
DELETE,1127625,2190185,1062560
RETRIEVE,7901350,8083236,181886
ADD,184511,987508,802997
ADD,7228156,8691747,1463591
DELETE,2502990,3538822,1035832
RETRIEVE,8921957,9133251,211294
RETRIEVE,4082764,4209908,127144
DELETE,5105850,5641577,535727
RETRIEVE,2715144,3027272,312128
ADD,5708966,7080690,1371724
ADD,8762954,9773086,1010132
RETRIEVE,2429058,2659538,230480
RETRIEVE,3933989,4115111,181122
ADD,4464167,5149885,685718
DELETE,3637860,4995965,1358105
DELETE,1600677,2253294,652617
ADD,340609,1408681,1068072
DELETE,7020112,7884088,863976
ADD,8909338,9350058,440720
DELETE,3484515,4128599,644084
ADD,870210,1767918,897708
ADD,6326234,7137699,811465
DELETE,6772142,7664393,892251
ADD,5835774,6915427,1079653
ADD,6591506,7296717,705211
DELETE,3853780,5133165,1279385
DELETE,4940565,5657431,716866
DELETE,4081279,5309710,1228431
ADD,4879071,5877826,998755
DELETE,1140093,1424151,284058
RETRIEVE,4496702,4732300,235598
RETRIEVE,5189874,5295584,105710
RETRIEVE,7015384,7171086,155702
ADD,1937547,2641730,704183
RETRIEVE,8840489,9026239,185750
RETRIEVE,3355860,3531900,176040
RETRIEVE,4542937,4718639,175702
RETRIEVE,915003,1176983,261980
RETRIEVE,9420987,9625681,204694
DELETE,4562663,5160388,597725
ADD,3757459,4710504,953045
RETRIEVE,2557340,2745752,188412
RETRIEVE,5222120,5415652,193532
DELETE,690788,1772460,1081672
RETRIEVE,2093093,2287381,194288
ADD,5933027,6771174,838147
RETRIEVE,6909809,7117761,207952
RETRIEVE,8179242,8363128,183886
DELETE,8267526,9144343,876817
DELETE,8184511,8500772,316261
RETRIEVE,6124835,6419943,295108
RETRIEVE,9314003,9515697,201694
ADD,8723207,9805444,1082237
DELETE,2323653,3107473,783820
RETRIEVE,6918213,7118943,200730
DELETE,1615589,2636977,1021388
ADD,2186735,3062310,875575
ADD,8018320,8401554,383234
ADD,7406954,8081981,675027
ADD,6631252,7450342,819090
DELETE,4746460,5395695,649235
RETRIEVE,4109837,4325861,216024
DELETE,2588982,3750338,1161356
ADD,2701026,3706572,1005546
ADD,7172155,8263425,1091270
RETRIEVE,714407,937889,223482
RETRIEVE,7192003,7322701,130698
RETRIEVE,4980807,5197913,217106
RETRIEVE,1021782,1238464,216682
DELETE,6929874,7948668,1018794
DELETE,7892671,9161606,1268935
RETRIEVE,7459058,7722196,263138
ADD,3201355,3898228,696873
RETRIEVE,6197262,6423390,226128
RETRIEVE,8859010,9046050,187040
RETRIEVE,3588581,3805339,216758
RETRIEVE,8760717,8886441,125724
ADD,1525513,2583255,1057742
RETRIEVE,8355226,8537502,182276
RETRIEVE,4142900,4393882,250982
DELETE,3492995,4477826,984831
DELETE,4829493,5618927,789434
DELETE,7418903,8371577,952674
ADD,4108041,5387111,1279070
DELETE,5691757,6440261,748504
DELETE,38566,541626,503060
DELETE,3740212,4058669,318457
RETRIEVE,3756354,3936200,179846
ADD,1023710,1386701,362991
DELETE,4055718,4708066,652348
RETRIEVE,3090379,3358305,267926
RETRIEVE,5198146,5371704,173558
DELETE,224080,1270594,1046514
ADD,6582600,7683756,1101156
ADD,5971214,7131032,1159818
RETRIEVE,2248759,2464393,215634
ADD,2169294,3233012,1063718
DELETE,5935059,6864424,929365
ADD,8185615,9079673,894058
RETRIEVE,7568540,7861396,292856
DELETE,6369965,7001218,631253
ADD,941216,1520995,579779
ADD,1048520,1887973,839453
RETRIEVE,2184626,2391088,206462
RETRIEVE,9297193,9514591,217398
DELETE,4260781,4978156,717375
RETRIEVE,2826063,3043123,217060
DELETE,3061319,3896751,835432
RETRIEVE,7459561,7664039,204478
ADD,7030620,7886601,855981
RETRIEVE,8166410,8403676,237266
ADD,3633896,4648809,1014913
DELETE,1837530,2867942,1030412
RETRIEVE,720654,921192,200538
DELETE,3038914,4008310,969396
ADD,3867764,5451756,1583992
DELETE,6355368,7333973,978605
ADD,2940703,3662460,721757
ADD,8241276,9124253,882977
RETRIEVE,3783448,4011900,228452
ADD,7358237,7942287,584050
ADD,1560024,2430207,870183
RETRIEVE,3995185,4183567,188382
DELETE,7590207,8366930,776723
ADD,7456741,8672183,1215442
DELETE,772612,1423181,650569
ADD,5875036,7184040,1309004
RETRIEVE,7885133,8032479,147346
DELETE,7582714,8702880,1120166
ADD,6317540,7368278,1050738
RETRIEVE,804108,1020318,216210
ADD,1222314,1986382,764068
ADD,2441054,3282823,841769
RETRIEVE,4491871,4668943,177072
RETRIEVE,2188293,2378419,190126
DELETE,4792331,6114129,1321798
DELETE,2582600,3597411,1014811
RETRIEVE,4788988,4976770,187782
RETRIEVE,6698641,6929521,230880
RETRIEVE,3732441,3932489,200048
DELETE,1336386,2529195,1192809
RETRIEVE,6857224,7183326,326102
ADD,8673418,9549984,876566
DELETE,316279,1145421,829142
RETRIEVE,7762195,7934275,172080
ADD,6614365,7671829,1057464
RETRIEVE,4720654,4884156,163502
ADD,89533,1418733,1329200
RETRIEVE,2301003,2527275,226272
RETRIEVE,1813859,1881387,67528
ADD,3403917,4048084,644167
DELETE,8092330,8791232,698902
RETRIEVE,2696631,2885449,188818
RETRIEVE,1200474,1365812,165338
DELETE,2705917,3951274,1245357
DELETE,4973379,6030927,1057548
RETRIEVE,6783686,6905302,121616
RETRIEVE,7479923,7651089,171166
DELETE,8858452,9828098,969646
RETRIEVE,5669674,5986512,316838
DELETE,1362977,2412252,1049275
DELETE,6901695,7717764,816069
RETRIEVE,1061150,1230056,168906
DELETE,4938778,5759174,820396
RETRIEVE,5222314,5368862,146548
RETRIEVE,5889499,6010639,121140
DELETE,7466016,8541287,1075271
RETRIEVE,199951,355443,155492
DELETE,2930254,3985495,1055241
RETRIEVE,7773724,7925218,151494
DELETE,1397370,2588354,1190984
DELETE,6511242,7323559,812317
DELETE,8101749,9060445,958696
ADD,8609617,9593123,983506
ADD,6589338,8006412,1417074
RETRIEVE,8591506,8734146,142640
DELETE,7954107,8635953,681846
ADD,7432682,8363112,930430
ADD,7854781,8817192,962411
RETRIEVE,1063313,1269589,206276
RETRIEVE,8282057,8557815,275758
DELETE,6058687,6736799,678112
DELETE,673418,1518606,845188
ADD,8442605,9520433,1077828
DELETE,7242235,8474510,1232275
RETRIEVE,4767278,5054654,287376
DELETE,169445,956359,786914
RETRIEVE,7708966,8034758,325792
ADD,8160345,9069976,909631
RETRIEVE,4118590,4352262,233672
RETRIEVE,113291,281863,168572
ADD,3507812,4583759,1075947
RETRIEVE,5871428,6106088,234660
DELETE,9375147,9661549,286402
DELETE,3076620,4174746,1098126
RETRIEVE,32666,275508,242842
DELETE,3031504,3805717,774213
ADD,2909953,4197778,1287825
DELETE,2460842,3362951,902109
ADD,2376724,3401059,1024335
ADD,7142735,8210038,1067303
DELETE,996894,2071822,1074928
DELETE,4114730,5269610,1154880
RETRIEVE,1720218,1898718,178500
RETRIEVE,2166478,2304176,137698
ADD,5556939,6126666,569727
RETRIEVE,989473,1154381,164908
RETRIEVE,4409099,4696181,287082
RETRIEVE,5450830,5716456,265626
ADD,2487482,3109303,621821
DELETE,2919752,3635673,715921
ADD,638990,1426784,787794
ADD,8754939,9848118,1093179
ADD,976687,1710673,733986
RETRIEVE,6895803,7028439,132636
DELETE,8524764,9578069,1053305
ADD,2187395,3493480,1306085
RETRIEVE,9656927,9844981,188054
ADD,7678801,8487607,808806
RETRIEVE,1806419,1962827,156408
ADD,6274396,7207559,933163
ADD,6922748,7964963,1042215
ADD,8144963,9633521,1488558
DELETE,324122,1609538,1285416
ADD,3313693,4169479,855786
RETRIEVE,6507622,6739492,231870
RETRIEVE,6489412,6682436,193024
RETRIEVE,1157293,1236733,79440
RETRIEVE,963419,1171319,207900
RETRIEVE,4862631,5003327,140696
DELETE,73571,1006975,933404
DELETE,8447856,9196443,748587
DELETE,3645674,4253071,607397
DELETE,3039382,4218655,1179273
ADD,6589213,7784634,1195421
DELETE,3846062,4398428,552366
RETRIEVE,417811,578135,160324
ADD,2644653,3645280,1000627
DELETE,5845552,6795576,950024
RETRIEVE,6862828,7004590,141762
ADD,6504667,7293749,789082
RETRIEVE,4448698,4633510,184812
RETRIEVE,3937547,4149357,211810
DELETE,7249971,8415857,1165886
ADD,6090872,6780574,689702
ADD,3146114,4565170,1419056
RETRIEVE,8663412,8761516,98104
RETRIEVE,5153229,5354227,200998
RETRIEVE,9715620,9825522,109902
RETRIEVE,3905951,4166991,261040
RETRIEVE,771148,972262,201114
DELETE,2133169,3820070,1686901
ADD,4328857,4955978,627121
DELETE,1406954,2288366,881412
RETRIEVE,7561265,7765539,204274
RETRIEVE,8487482,8677874,190392
DELETE,1621056,2794335,1173279
DELETE,6717298,7968047,1250749
ADD,1892366,3287057,1394691
DELETE,3316697,4139131,822434
DELETE,7855310,8725382,870072
RETRIEVE,5146114,5306846,160732
RETRIEVE,8163628,8429686,266058
DELETE,2604556,3940408,1335852
DELETE,8745400,9899354,1153954
DELETE,2437305,3414446,977141
DELETE,3932223,5070594,1138371
ADD,8564147,9179326,615179
DELETE,9173337,9789313,615976
RETRIEVE,9352169,9464301,112132
ADD,7160694,8298481,1137787
DELETE,5779099,6735201,956102
DELETE,395075,1316037,920962
RETRIEVE,5546836,5875868,329032
ADD,9023115,9669858,646743
DELETE,7350520,8387278,1036758
RETRIEVE,8146862,8380798,233936
RETRIEVE,9496913,9630381,133468
DELETE,6567810,7029393,461583
RETRIEVE,728703,928351,199648
RETRIEVE,9173276,9397630,224354
ADD,130612,912273,781661
DELETE,3123564,4765634,1642070
DELETE,3152546,3595498,442952
RETRIEVE,2249832,2443460,193628
RETRIEVE,4775368,4982768,207400
DELETE,3397370,5052133,1654763
RETRIEVE,8009092,8301028,291936
DELETE,1064768,1900293,835525
RETRIEVE,4822756,5041372,218616
DELETE,7625388,9006886,1381498
ADD,1692841,2691244,998403
DELETE,5350537,6280976,930439
DELETE,1361712,2395515,1033803
ADD,6820554,8112595,1292041
DELETE,2468353,3869381,1401028
RETRIEVE,7290011,7525463,235452
ADD,1025486,1804590,779104
ADD,2873107,3614134,741027
RETRIEVE,1381477,1496193,114716
RETRIEVE,6736372,6928346,191974
RETRIEVE,931166,1132150,200984
ADD,2820023,3969150,1149127
RETRIEVE,2391001,2574239,183238
RETRIEVE,5665366,5797444,132078
RETRIEVE,352982,617250,264268
ADD,7403917,8269950,866033
RETRIEVE,7457218,7615252,158034
RETRIEVE,9720830,9896592,175762
ADD,4866840,5677369,810529
ADD,3842313,4798906,956593
RETRIEVE,8463702,8696724,233022
DELETE,5614825,6397070,782245
ADD,566930,1392505,825575
ADD,3118496,3995452,876956
RETRIEVE,3151926,3273652,121726
DELETE,3040600,3965536,924936
RETRIEVE,815957,1019785,203828
ADD,5626768,6941497,1314729
ADD,2734824,3717367,982543
RETRIEVE,9549279,9767445,218166
DELETE,5365595,6271233,905638
RETRIEVE,4564147,4689021,124874
ADD,7262063,8148144,886081
DELETE,6968646,7794814,826168
DELETE,3390724,4945468,1554744
RETRIEVE,5561265,5890693,329428
ADD,3016406,3590386,573980
DELETE,2775368,3813405,1038037
RETRIEVE,5341673,5484021,142348
ADD,5031504,6026229,994725
DELETE,5879855,6715074,835219
ADD,1341673,2056584,714911
DELETE,4938971,6348689,1409718
ADD,1387929,2059343,671414
ADD,5484515,6590071,1105556
RETRIEVE,1750122,2008334,258212
ADD,5563474,6364294,800820
RETRIEVE,59301,301965,242664
RETRIEVE,3428946,3565634,136688
DELETE,5114979,5869143,754164
ADD,5468592,6780727,1312135
ADD,6446407,7595349,1148942
ADD,2777315,3844831,1067516
DELETE,8574741,9719236,1144495
ADD,4413240,5532572,1119332
RETRIEVE,3916758,4105946,189188
RETRIEVE,890513,1137121,246608
DELETE,9481668,9732596,250928
ADD,2622271,4005798,1383527
RETRIEVE,410154,580044,169890
ADD,8212495,9082391,869896
DELETE,4882556,5306850,424294
DELETE,5959289,6833178,873889
ADD,8207839,9033367,825528
RETRIEVE,9073064,9292794,219730
ADD,4574824,5499862,925038
ADD,387598,1405688,1018090
RETRIEVE,572440,754862,182422
ADD,6190471,7115889,925418
DELETE,2101937,2983997,882060
ADD,7342788,8289153,946365
ADD,3120320,4090772,970452
RETRIEVE,1212177,1370367,158190
RETRIEVE,6283377,6451599,168222
RETRIEVE,143065,304049,160984
DELETE,5149886,6384663,1234777
RETRIEVE,2862466,3057578,195112
RETRIEVE,4882048,5070216,188168
ADD,4204005,5426821,1222816
RETRIEVE,4624336,4761736,137400
RETRIEVE,2619506,2883202,263696
ADD,5406954,6013906,606952
ADD,4840489,5836817,996328
DELETE,7116932,8456944,1340012
DELETE,3405682,4316962,911280
DELETE,4213779,4717775,503996
RETRIEVE,8688236,8846868,158632
ADD,2560024,3353812,793788
RETRIEVE,99079,410239,311160
RETRIEVE,4384959,4583787,198828
DELETE,7711390,8458930,747540
DELETE,3438478,4173539,735061
RETRIEVE,5035325,5210935,175610
ADD,6368229,7060970,692741
DELETE,1679883,2958110,1278227
ADD,8038064,8887235,849171
RETRIEVE,2524764,2710348,185584
RETRIEVE,8326443,8565225,238782
ADD,4672749,5454818,782069
ADD,6602418,7613125,1010707
RETRIEVE,3376282,3602782,226500
DELETE,4740422,5837158,1096736
ADD,1620175,2717087,1096912
ADD,2956904,4017518,1060614
ADD,5737024,6588660,851636
ADD,4037782,4791668,753886
RETRIEVE,5846062,6013904,167842
ADD,6419685,7267902,848217
RETRIEVE,1175382,1368246,192864
ADD,6340127,7375792,1035665
DELETE,1424398,1869435,445037
DELETE,6425155,7364025,938870
DELETE,8952632,9672722,720090
RETRIEVE,1961478,2162094,200616
DELETE,4200665,5076787,876122
RETRIEVE,6969319,7101431,132112
ADD,3405489,4381797,976308
DELETE,4168764,5256514,1087750
DELETE,5341773,6289064,947291
ADD,1119035,1938931,819896
RETRIEVE,3618117,3850545,232428
DELETE,1063830,2407714,1343884
ADD,8222057,8977185,755128
ADD,1754108,2628090,873982
DELETE,5503075,6162557,659482
RETRIEVE,5165411,5365251,199840
RETRIEVE,4976711,5227857,251146
RETRIEVE,6681256,6843406,162150
DELETE,5292647,5899849,607202
ADD,1421574,2220198,798624
RETRIEVE,8714151,8941805,227654
RETRIEVE,2447856,2669330,221474
RETRIEVE,3295601,3524237,228636
RETRIEVE,7138700,7335696,196996
DELETE,8741803,9794718,1052915
RETRIEVE,125735,310883,185148
ADD,4795075,5652381,857306
ADD,8643580,9602656,959076
RETRIEVE,4031924,4249222,217298
ADD,3569850,4245720,675870
DELETE,4737420,5555509,818089
RETRIEVE,182083,466797,284714
DELETE,1197237,2020412,823175
RETRIEVE,4558753,4668013,109260
ADD,3292610,3898876,606266
RETRIEVE,2967909,3157809,189900
DELETE,2653002,3606195,953193
ADD,7888196,8738516,850320
ADD,4507811,5285211,777400
RETRIEVE,7401355,7599599,198244
DELETE,2316279,3122612,806333
DELETE,6448698,7353011,904313
RETRIEVE,8740422,8971658,231236
RETRIEVE,8462856,8681972,219116
ADD,6615823,7916229,1300406
RETRIEVE,1447579,1556119,108540
ADD,7776254,8800987,1024733
RETRIEVE,7640657,7916801,276144
ADD,8136716,9100656,963940
RETRIEVE,1490713,1725827,235114
ADD,7861196,8886568,1025372
RETRIEVE,2342535,2561023,218488
RETRIEVE,7079674,7244302,164628
DELETE,5994736,7147078,1152342
ADD,809234,1885162,1075928
DELETE,4918213,5808519,890306
ADD,6347574,7373891,1026317
ADD,5292496,6060140,767644
ADD,4875829,5625722,749893
ADD,6227276,7177569,950293
ADD,8533382,9326133,792751
DELETE,197241,1141716,944475
RETRIEVE,342151,521063,178912
DELETE,3079674,3982792,903118
RETRIEVE,8384914,8645142,260228
ADD,3290451,4087556,797105
DELETE,6464167,7175113,710946
RETRIEVE,1883707,2164515,280808
ADD,5762195,6348469,586274
RETRIEVE,8404926,8586210,181284
DELETE,7176898,8567976,1391078
ADD,6256951,6768090,511139
DELETE,5251513,6378257,1126744
ADD,6405700,7133516,727816
RETRIEVE,8427680,8749546,321866
DELETE,4018320,4788882,770562
RETRIEVE,7689250,7821106,131856
RETRIEVE,4787121,5004823,217702
RETRIEVE,2055718,2221274,165556
DELETE,3536456,4659846,1123390
RETRIEVE,2152141,2228793,76652
RETRIEVE,9052112,9360950,308838
DELETE,405700,1649890,1244190
ADD,535646,1393165,857519
ADD,7066680,7978683,912003
ADD,569498,2047245,1477747
ADD,5598402,6551919,953517
DELETE,2747604,3850436,1102832
DELETE,7160519,7911682,751163
ADD,775042,1474870,699828
ADD,912510,1972318,1059808
ADD,6384959,7197406,812447
RETRIEVE,1917075,2059107,142032
RETRIEVE,2603469,2771103,167634
RETRIEVE,491975,657971,165996
ADD,4932572,5571653,639081
RETRIEVE,597973,784307,186334
DELETE,812906,1854139,1041233
DELETE,8909424,9887334,977910
DELETE,4763040,5761601,998561
RETRIEVE,1015384,1259392,244008
RETRIEVE,3257096,3509192,252096
RETRIEVE,8634085,8838653,204568
ADD,6743635,7412288,668653
RETRIEVE,9457655,9658207,200552
RETRIEVE,5954107,6033201,79094
RETRIEVE,560024,626952,66928
RETRIEVE,1499649,1812275,312626
DELETE,1528200,2312539,784339
RETRIEVE,3646326,3809150,162824
ADD,7618117,8825656,1207539
DELETE,1227111,2300621,1073510
DELETE,7369235,8144837,775602
ADD,7704426,8565122,860696
ADD,4169294,5136810,967516
DELETE,5725533,6706325,980792
ADD,904518,2103914,1199396
DELETE,5360582,6816205,1455623
ADD,7852215,8914932,1062717
RETRIEVE,9410011,9592055,182044
ADD,1818605,2925217,1106612
RETRIEVE,1052586,1283290,230704
RETRIEVE,7886387,8094725,208338
DELETE,2641097,3243852,602755
DELETE,6184626,7174154,989528
ADD,4009092,5087568,1078476
ADD,4179996,5362058,1182062
ADD,4145566,4961608,816042
DELETE,7138727,8385464,1246737
ADD,1571610,2589182,1017572
ADD,2605502,3502367,896865
DELETE,3262063,4429543,1167480
DELETE,4950434,5999570,1049136
DELETE,6378551,6729322,350771
RETRIEVE,2409099,2582973,173874
RETRIEVE,314639,462883,148244
ADD,1537747,2574755,1037008
DELETE,12407,1175014,1162607
RETRIEVE,5816051,5964679,148628
RETRIEVE,4847019,5008287,161268
DELETE,4931009,5629262,698253
ADD,3697795,4400023,702228
DELETE,2309725,3268087,958362
ADD,1890887,2909181,1018294
DELETE,2169445,3156157,986712
DELETE,6752293,7772366,1020073
DELETE,2146862,2744151,597289
RETRIEVE,352155,457269,105114
ADD,2873125,3860976,987851
RETRIEVE,640454,882310,241856
RETRIEVE,9105850,9236908,131058
DELETE,3748223,4826004,1077781
RETRIEVE,5116932,5331294,214362
ADD,5001769,6047245,1045476
RETRIEVE,2840550,2964678,124128
RETRIEVE,1172589,1336005,163416
RETRIEVE,1641540,1840310,198770
DELETE,2786834,3972222,1185388
RETRIEVE,6765083,7031255,266172
RETRIEVE,6748930,6915770,166840
ADD,2563049,3628203,1065154
RETRIEVE,5854912,6018298,163386
ADD,5133195,6275596,1142401
DELETE,144963,1561944,1416981
DELETE,6820023,7646913,826890
ADD,6414665,7395938,981273
ADD,3270168,4761450,1491282
DELETE,8290742,9246325,955583
ADD,7415714,8204426,788712
DELETE,829493,1528006,698513
RETRIEVE,5669318,5918380,249062
RETRIEVE,4577681,4734077,156396
ADD,6389771,7283347,893576
RETRIEVE,1262063,1492615,230552
RETRIEVE,5005005,5151289,146284
DELETE,5817089,6700326,883237
ADD,8745196,9705365,960169
ADD,5585339,6853023,1267684
RETRIEVE,1220424,1377774,157350
ADD,2168311,3409369,1241058
ADD,3662181,4404098,741917
ADD,5662738,7044764,1382026
RETRIEVE,3875036,4114008,238972
DELETE,6892840,7913849,1021009
RETRIEVE,296029,459393,163364
RETRIEVE,6487656,6714890,227234
RETRIEVE,9563549,9752337,188788
RETRIEVE,3066632,3180584,113952
DELETE,3797858,4689766,891908
RETRIEVE,2375931,2557417,181486
DELETE,8457524,9303471,845947
DELETE,6045128,6877874,832746
RETRIEVE,5591278,5761658,170380
RETRIEVE,6586798,6648666,61868
RETRIEVE,3104222,3294194,189972
DELETE,7290089,8081052,790963
RETRIEVE,7172589,7298901,126312
RETRIEVE,3266692,3578174,311482
ADD,5905951,7072273,1166322
DELETE,2426851,3041066,614215
RETRIEVE,4487482,4637804,150322
ADD,1052075,1568958,516883
DELETE,6746460,7523137,776677
RETRIEVE,3728746,4075042,346296
DELETE,4025316,5167967,1142651
RETRIEVE,5021782,5268440,246658
RETRIEVE,4060690,4260090,199400
ADD,1972453,2847120,874667
DELETE,6060690,6905424,844734
RETRIEVE,5540093,5768311,228218
RETRIEVE,1875036,2123978,248942
RETRIEVE,1034559,1073189,38630
RETRIEVE,8672492,9003572,331080
DELETE,1075559,1919329,843770
DELETE,5336386,6145313,808927
RETRIEVE,8563691,8777925,214234
RETRIEVE,5634761,5790895,156134
ADD,5684659,6254924,570265
DELETE,767278,2023057,1255779
RETRIEVE,4222057,4353117,131060
RETRIEVE,7890691,8126311,235620
RETRIEVE,5280775,5432955,152180
RETRIEVE,5584052,5791320,207268
DELETE,7883707,8733842,850135
DELETE,8277008,9216684,939676
RETRIEVE,3288873,3461149,172276
DELETE,8630649,9760580,1129931
RETRIEVE,4719605,4869871,150266
RETRIEVE,1702181,1907753,205572
DELETE,6647220,7693048,1045828
RETRIEVE,8204005,8461421,257416
DELETE,7757459,8864553,1107094
RETRIEVE,1762195,1971029,208834
ADD,4572440,5644727,1072287
RETRIEVE,1009165,1114287,105122
ADD,462856,1456062,993206
ADD,6143377,6936035,792658
RETRIEVE,7403495,7602431,198936
DELETE,3018173,3663387,645214
ADD,3938551,5130369,1191818
ADD,8168311,8989013,820702
ADD,1805455,2492396,686941
DELETE,1708966,3119212,1410246
DELETE,2125625,2845603,719978
RETRIEVE,171960,417712,245752
DELETE,8316279,9261551,945272
RETRIEVE,8059663,8303117,243454
ADD,7729091,8241601,512510
ADD,1100945,2404687,1303742
RETRIEVE,2787121,2985723,198602
RETRIEVE,2953941,3256487,302546
RETRIEVE,694157,876483,182326
DELETE,1674739,2844294,1169555
ADD,3440239,4130312,690073
ADD,3361296,4545739,1184443
DELETE,3242235,4285247,1043012
ADD,3727239,4770992,1043753
DELETE,6031924,6997235,965311
RETRIEVE,4615561,4878737,263176
RETRIEVE,5481668,5661886,180218
RETRIEVE,8448698,8679232,230534
RETRIEVE,5484104,5670186,186082
RETRIEVE,7745700,7967688,221988
RETRIEVE,1429474,1779514,350040
DELETE,1080458,2147854,1067396
RETRIEVE,2103982,2324788,220806
RETRIEVE,1039241,1344251,305010
DELETE,3160297,4010506,850209
RETRIEVE,8061906,8276542,214636
ADD,6870210,8102124,1231914
ADD,7998639,8605832,607193
ADD,8193260,9369578,1176318
RETRIEVE,7569500,7723882,154382
RETRIEVE,4188293,4424929,236636
RETRIEVE,4577701,4727301,149600
RETRIEVE,1302671,1580649,277978
RETRIEVE,2502545,2784643,282098
RETRIEVE,3066680,3204594,137914
DELETE,3124366,4383851,1259485
DELETE,8288904,9276950,988046
RETRIEVE,9692841,9886055,193214
DELETE,8862828,9525385,662557
RETRIEVE,1727239,2025907,298668
RETRIEVE,1884526,1891016,6490
ADD,1495550,2581604,1086054
DELETE,7539088,8409855,870767
DELETE,6637059,7700508,1063449
ADD,5357498,6475746,1118248
RETRIEVE,9347941,9619091,271150
ADD,5295601,5842371,546770
ADD,109217,1227030,1117813
RETRIEVE,7157293,7300499,143206
ADD,6152141,6949709,797568
ADD,919752,1479474,559722
RETRIEVE,4193440,4370656,177216
RETRIEVE,7737024,7951168,214144
RETRIEVE,4178214,4444270,266056
ADD,1385299,2291345,906046
RETRIEVE,3087982,3299856,211874
RETRIEVE,6424668,6737784,313116
RETRIEVE,4000158,4151088,150930
DELETE,8714407,9864062,1149655
RETRIEVE,6629308,6768194,138886
RETRIEVE,1272787,1478769,205982
DELETE,7817089,8507912,690823
RETRIEVE,5479644,5728328,248684
RETRIEVE,4140614,4359680,219066
DELETE,115571,844295,728724
DELETE,7124366,8442773,1318407
RETRIEVE,9023710,9276492,252782
RETRIEVE,4887359,5143409,256050
DELETE,5919503,6654888,735385
DELETE,7338471,8348158,1009687
DELETE,7985970,8983410,997440
ADD,2759217,3474563,715346
ADD,5499992,6330505,830513
RETRIEVE,2180053,2406899,226846
DELETE,1679152,2695130,1015978
ADD,6548226,7647918,1099692
RETRIEVE,2686181,2923103,236922
ADD,2197241,3134962,937721
RETRIEVE,7303936,7529452,225516
ADD,8588982,9325275,736293
RETRIEVE,5270168,5532548,262380
ADD,4249832,5242056,992224
DELETE,9386066,9875906,489840
RETRIEVE,7375147,7486047,110900
RETRIEVE,6606842,6762550,155708
ADD,736372,792876,56504
ADD,163540,1274692,1111152
ADD,3498898,4406510,907612
ADD,1538105,2530375,992270
ADD,7111895,8071999,960104
RETRIEVE,2995680,3180298,184618
ADD,3256063,4591035,1334972
DELETE,4831917,5582107,750190
RETRIEVE,1986106,2203176,217070
RETRIEVE,6252297,6476827,224530
RETRIEVE,3935537,4060553,125016
RETRIEVE,4892904,5089442,196538
ADD,6305488,7298268,992780
DELETE,2525904,3551712,1025808
ADD,8895089,9880365,985276
DELETE,4785865,5721752,935887
RETRIEVE,1203806,1370214,166408
RETRIEVE,4166478,4321928,155450
ADD,8637495,9450127,812632
DELETE,6711508,7663200,951692
ADD,7740552,8645931,905379
RETRIEVE,5414403,5670925,256522
RETRIEVE,4355368,4558540,203172
DELETE,4505230,5371883,866653
RETRIEVE,9622932,9878734,255802
ADD,582600,1515087,932487
RETRIEVE,1288873,1429669,140796
RETRIEVE,9560024,9772488,212464
RETRIEVE,7994616,8336962,342346
ADD,263366,1261445,998079
ADD,4383237,5505914,1122677
DELETE,8965786,9656628,690842
RETRIEVE,8892904,8973750,80846
ADD,2678545,3220451,541906
ADD,3421688,4641030,1219342
DELETE,1959289,2916308,957019
DELETE,723207,1683126,959919
RETRIEVE,8109520,8317496,207976
ADD,6380365,7265816,885451
RETRIEVE,1797858,2058542,260684
DELETE,6029459,7203090,1173631
RETRIEVE,4109520,4258978,149458
DELETE,1303883,1934849,630966
RETRIEVE,3772288,3964560,192272
ADD,8001380,8900969,899589
RETRIEVE,1133195,1307709,174514
RETRIEVE,4771148,4940710,169562
RETRIEVE,5039382,5155660,116278
RETRIEVE,5720218,5875230,155012
DELETE,2016945,3015460,998515
DELETE,692454,1516463,824009
DELETE,2548226,3746297,1198071
ADD,4437305,5431752,994447
RETRIEVE,9421688,9610286,188598
DELETE,5745860,6754260,1008400
ADD,2031924,2567197,535273
ADD,1414339,2088245,673906
ADD,5387824,6709427,1321603
DELETE,1933156,2891472,958316
ADD,8901845,9722612,820767
DELETE,7251513,8302909,1051396
DELETE,1774392,3048256,1273864
DELETE,647779,1370074,722295
DELETE,3133467,3931517,798050
RETRIEVE,6207701,6406193,198492
ADD,1763136,2424609,661473
RETRIEVE,5882629,6070539,187910
ADD,7290419,8835676,1545257
RETRIEVE,8413240,8578054,164814
RETRIEVE,4462560,4678502,215942
ADD,6559990,7845721,1285731
ADD,7954791,9027088,1072297
DELETE,5601435,6495409,893974
RETRIEVE,8507622,8715006,207384
DELETE,8150188,9129979,979791
DELETE,8878865,9666066,787201
RETRIEVE,1375147,1627147,252000
RETRIEVE,3967454,4110450,142996
DELETE,1930845,3272219,1341374
DELETE,3853126,4431710,578584
ADD,5241232,6628493,1387261
RETRIEVE,7802434,8010292,207858
ADD,280042,1099558,819516
DELETE,4592091,5715722,1123631
DELETE,3664108,4037735,373627
DELETE,4453971,5153086,699115
DELETE,4843346,6048819,1205473
DELETE,6704060,7410522,706462
DELETE,7930845,9179333,1248488
DELETE,5296008,6536168,1240160
ADD,4851869,5711083,859214
ADD,8313522,9370792,1057270
RETRIEVE,3582714,3856504,273790
DELETE,1092628,2192700,1100072
DELETE,3630674,4617969,987295
RETRIEVE,227276,336932,109656
ADD,5604989,6701253,1096264
ADD,1879855,2671235,791380
DELETE,2145566,2805872,660306
DELETE,8777315,9772772,995457
DELETE,464167,1138008,673841
RETRIEVE,1842217,2111905,269688
RETRIEVE,1998063,2215349,217286
RETRIEVE,9461861,9677005,215144
DELETE,7986106,8823854,837748
RETRIEVE,7620175,7819963,199788
RETRIEVE,4409994,4551822,141828
RETRIEVE,6599346,6782672,183326
RETRIEVE,8268794,8455980,187186
DELETE,1689250,2469086,779836
RETRIEVE,3901615,4157805,256190
DELETE,7145366,8118477,973111
ADD,8188403,9329952,1141549
DELETE,4282933,5270386,987453
DELETE,8511242,9436919,925677
ADD,1290419,2004589,714170
DELETE,7292100,8272447,980347
ADD,4384660,4939898,555238
ADD,4777315,5821170,1043855
DELETE,741031,1643983,902952
DELETE,4125735,5103729,977994
ADD,4815957,5633703,817746
DELETE,4114103,5207754,1093651
ADD,268794,1291322,1022528
DELETE,931299,1931166,999867
DELETE,2153265,2849110,695845
RETRIEVE,4847060,4876892,29832
DELETE,906844,2151395,1244551
ADD,3118753,4226421,1107668
ADD,4193260,5401327,1208067
DELETE,5625388,6504706,879318
RETRIEVE,1716957,1918007,201050
RETRIEVE,7323680,7455432,131752
RETRIEVE,5844848,6060924,216076
RETRIEVE,5409009,5640099,231090
RETRIEVE,7967454,8150020,182566
RETRIEVE,760717,905659,144942
RETRIEVE,912987,1047201,134214
RETRIEVE,3338471,3513677,175206
ADD,3995054,4580355,585301
DELETE,9009165,9553341,544176
ADD,342393,1232189,889796
ADD,6812662,7633299,820637
RETRIEVE,545283,740061,194778
RETRIEVE,3422474,3764892,342418
RETRIEVE,5200935,5405889,204954
DELETE,1857398,3173711,1316313
DELETE,6603469,7349082,745613
RETRIEVE,2087713,2283773,196060
RETRIEVE,7334565,7553145,218580
DELETE,133169,1339328,1206159
DELETE,1289646,2216787,927141
ADD,6267676,6987062,719386
RETRIEVE,3697658,3806488,108830
RETRIEVE,2357250,2561860,204610
ADD,1656927,2636116,979189
DELETE,7332529,8434250,1101721
RETRIEVE,322591,518781,196190
RETRIEVE,1173276,1393140,219864
DELETE,85041,1456061,1371020
RETRIEVE,8629059,8824869,195810
RETRIEVE,2282933,2516021,233088
ADD,552205,1412364,860159
ADD,4170806,4791683,620877
RETRIEVE,1087485,1217107,129622
RETRIEVE,5935537,6070461,134924
RETRIEVE,4998406,5219740,221334
RETRIEVE,5742250,5987350,245100
RETRIEVE,3268706,3500490,231784
RETRIEVE,6622271,6832031,209760
RETRIEVE,3827394,4155864,328470
RETRIEVE,7841432,8093602,252170
RETRIEVE,7539831,7667595,127764
ADD,5857893,7005362,1147469
ADD,8441054,9196673,755619
ADD,4629252,5932512,1303260
DELETE,6899134,7516648,617514
RETRIEVE,3551752,3686390,134638
RETRIEVE,6109217,6328317,219100
RETRIEVE,1299996,1582778,282782
ADD,1949624,2935261,985637
RETRIEVE,6836034,7101060,265026
RETRIEVE,7975190,8223736,248546
RETRIEVE,9591436,9773638,182202
ADD,3624614,4934637,1310023
ADD,4064510,5040151,975641
RETRIEVE,688236,951850,263614
ADD,2690788,3582029,891241
RETRIEVE,6324122,6551550,227428
RETRIEVE,6089533,6225635,136102
DELETE,6925381,7969958,1044577
ADD,3365231,4484878,1119647
ADD,5048567,5662458,613891
RETRIEVE,9306691,9555829,249138
DELETE,292049,1516867,1224818
ADD,4940703,5735742,795039
DELETE,4248759,5196069,947310
ADD,8614114,9506717,892603
ADD,6701026,8009381,1308355
RETRIEVE,1063327,1293879,230552
ADD,7248376,7959961,711585
ADD,5482366,6626073,1143707
DELETE,7857398,8999206,1141808
DELETE,2799028,3709419,910391
ADD,7454155,8439431,985276
ADD,3541184,4328765,787581
DELETE,5136709,6561583,1424874
RETRIEVE,9039241,9263423,224182
RETRIEVE,7907135,8171487,264352
DELETE,5938538,7258835,1320297
DELETE,7266692,8517848,1251156
ADD,8429058,9661120,1232062
DELETE,1378295,2312459,934164
ADD,9066680,9745608,678928
ADD,394506,976842,582336
DELETE,1980148,2554081,573933
DELETE,4857129,5669965,812836
RETRIEVE,5540408,5734306,193898
ADD,2906844,3969709,1062865
RETRIEVE,1060749,1252857,192108
RETRIEVE,1822200,1945640,123440
RETRIEVE,4378551,4584131,205580
ADD,4991270,6001560,1010290
RETRIEVE,6974924,7266400,291476
DELETE,2330207,3422283,1092076
RETRIEVE,8114103,8227413,113310
DELETE,3214585,4444544,1229959
RETRIEVE,8413131,8660535,247404
RETRIEVE,4207839,4357039,149200
RETRIEVE,3059419,3185209,125790
ADD,2901243,3744374,843131
DELETE,1771617,2717713,946096
RETRIEVE,8454605,8657071,202466
ADD,1420987,2296405,875418
RETRIEVE,1911261,2144443,233182
DELETE,1844848,2678965,834117
DELETE,2103451,3099937,996486
DELETE,4966971,5928465,961494
ADD,5914595,6680395,765800
ADD,520522,1370129,849607
ADD,8354412,9113588,759176
RETRIEVE,1277531,1584745,307214
RETRIEVE,6495943,6675939,179996
DELETE,6186735,6857019,670284
DELETE,1650664,2708805,1058141
ADD,7652773,8247968,595195
RETRIEVE,9689250,9882860,193610
RETRIEVE,561223,802583,241360
ADD,2752327,3586490,834163
DELETE,5750122,6661995,911873
RETRIEVE,5373935,5648115,274180
RETRIEVE,4218320,4503812,285492
ADD,8799705,9755742,956037
RETRIEVE,5516976,5657830,140854
ADD,6371734,7503351,1131617
DELETE,7268213,8089183,820970
DELETE,4992484,5873664,881180
RETRIEVE,3884258,4064092,179834
ADD,7387824,8473082,1085258
DELETE,9469856,9784931,315075
RETRIEVE,4566304,4778672,212368
DELETE,6403598,7238002,834404
RETRIEVE,5375279,5586743,211464
ADD,2566930,3108753,541823
ADD,2302797,2912806,610009
DELETE,3514162,4337736,823574
ADD,3203806,4080308,876502
RETRIEVE,1448067,1605291,157224
ADD,6705917,7333807,627890
RETRIEVE,6322591,6518613,196022
ADD,342535,1296858,954323
RETRIEVE,2176863,2346493,169630
RETRIEVE,1323197,1489873,166676
RETRIEVE,7601934,7767420,165486
RETRIEVE,8446407,8673111,226704
RETRIEVE,9097920,9338262,240342
DELETE,1935537,2707119,771582
RETRIEVE,9066821,9234667,167846
RETRIEVE,2607268,2882770,275502
ADD,1073064,2108924,1035860
ADD,4977634,5619772,642138
DELETE,340127,1211450,871323
DELETE,6396597,7257645,861048
ADD,110271,1258258,1147987
RETRIEVE,4939845,5155957,216112
DELETE,3063327,4329001,1265674
RETRIEVE,4765083,5007279,242196
ADD,5109581,6343821,1234240
RETRIEVE,7745920,7982722,236802
ADD,542937,1342154,799217
ADD,3283374,3941142,657768
ADD,8306962,9699161,1392199
RETRIEVE,4447856,4570170,122314
ADD,1334585,2449545,1114960
RETRIEVE,4764844,4966112,201268
ADD,7097063,8363015,1265952
RETRIEVE,643580,804650,161070
ADD,1432192,2009312,577120
ADD,6882345,7669713,787368
RETRIEVE,4597973,4808463,210490
RETRIEVE,3283260,3449486,166226
RETRIEVE,1853780,2100520,246740
RETRIEVE,7059419,7235715,176296
DELETE,2183834,3171815,987981
ADD,6269227,7531316,1262089
RETRIEVE,3972453,4192145,219692
RETRIEVE,18320,162922,144602
DELETE,979745,1621420,641675
ADD,4553344,5717591,1164247
DELETE,3806419,4525239,718820
RETRIEVE,1755776,1931748,175972
DELETE,6637495,7317831,680336
RETRIEVE,3794437,3985471,191034
DELETE,1709814,2560662,850848
DELETE,6882556,7164251,281695
ADD,7203806,8088599,884793
ADD,7499649,8651500,1151851
DELETE,7895117,8738387,843270
RETRIEVE,4103451,4305167,201716
DELETE,3593534,4324630,731096
ADD,4911455,5579543,668088
DELETE,2273642,3276807,1003165
ADD,8291479,8929495,638016
RETRIEVE,2973379,3165209,191830
RETRIEVE,4133169,4496947,363778
DELETE,760646,1929553,1168907
RETRIEVE,8540659,8801273,260614
DELETE,39665,845025,805360
DELETE,3144857,4150514,1005657
RETRIEVE,4622271,4855579,233308
DELETE,4039665,5382308,1342643
ADD,5160694,6197008,1036314
RETRIEVE,7187423,7448955,261532
ADD,1697658,2548831,851173
RETRIEVE,6004263,6181373,177110
DELETE,2462856,3822814,1359958
DELETE,185615,926161,740546
ADD,1111895,1956536,844641
RETRIEVE,8946197,9220329,274132
DELETE,2614114,3469011,854897
RETRIEVE,8043672,8255596,211924
RETRIEVE,8717298,8919126,201828
ADD,5303469,6020798,717329
RETRIEVE,3564293,3795677,231384
ADD,3336386,4121206,784820
DELETE,5877726,6888738,1011012
DELETE,6901845,7720342,818497
RETRIEVE,7695385,7807669,112284
ADD,8836034,9563100,727066
DELETE,686911,1605056,918145
DELETE,3400506,4314084,913578
RETRIEVE,5386066,5533880,147814
ADD,4932142,6173719,1241577
DELETE,7690926,8752708,1061782
RETRIEVE,1257413,1412395,154982
RETRIEVE,3290160,3535314,245154
DELETE,5443656,6508013,1064357
RETRIEVE,7064768,7281254,216486
DELETE,2737420,3749729,1012309
DELETE,4305488,5416038,1110550
RETRIEVE,9400083,9644397,244314
ADD,8249832,9475641,1225809
DELETE,4686631,5759863,1073232
DELETE,6892362,7776581,884219
ADD,3333362,3852376,519014
DELETE,5038914,6066260,1027346
RETRIEVE,965786,1162546,196760
RETRIEVE,9124366,9381616,257250
RETRIEVE,2571245,2732091,160846
DELETE,8330202,9333756,1003554
ADD,892362,1378265,485903
RETRIEVE,3830119,4017857,187738
DELETE,6413240,7377949,964709
DELETE,6331412,7323664,992252
RETRIEVE,9200935,9399179,198244
RETRIEVE,7683996,7919724,235728
ADD,5667866,6850419,1182553
RETRIEVE,3761038,3868582,107544
RETRIEVE,8424008,8807088,383080
RETRIEVE,391790,474478,82688
ADD,6560024,7459233,899209
DELETE,2057875,2969619,911744
RETRIEVE,5332699,5690047,357348
DELETE,2847019,4212026,1365007
RETRIEVE,1438478,1538118,99640
RETRIEVE,7520437,7792463,272026
RETRIEVE,2025316,2194798,169482
DELETE,88919,977288,888369
RETRIEVE,8208079,8340505,132426
DELETE,4283377,5306489,1023112
RETRIEVE,1728746,1985852,257106
ADD,3308943,3942160,633217
ADD,2974659,3801132,826473
RETRIEVE,3907890,3998148,90258
DELETE,5713599,6695011,981412
DELETE,2013099,2365352,352253
DELETE,4895089,5799226,904137
RETRIEVE,7725625,7917455,191830
DELETE,8918213,9555441,637228
RETRIEVE,170157,294879,124722
ADD,2974924,3963590,988666
DELETE,2001380,2181917,180537
ADD,4632277,5341990,709713
ADD,1136752,2027280,890528
ADD,3303883,4072379,768496
RETRIEVE,5028140,5318502,290362
RETRIEVE,5333913,5546507,212594
ADD,6115571,7012677,897106
RETRIEVE,3122427,3352713,230286
RETRIEVE,6169683,6295989,126306
RETRIEVE,9557720,9752102,194382
RETRIEVE,447921,652757,204836
RETRIEVE,5260116,5510436,250320
ADD,8255927,9392297,1136370
ADD,7303883,7887313,583430
DELETE,7515399,8126279,610880
DELETE,652827,1834129,1181302
DELETE,7523663,8797545,1273882
RETRIEVE,776744,952632,175888
RETRIEVE,9018746,9092048,73302
DELETE,3112018,3778420,666402
RETRIEVE,18077,285927,267850
RETRIEVE,6817701,6848747,31046
DELETE,9075694,9616173,540479
RETRIEVE,260484,447588,187104
ADD,47192,513454,466262
DELETE,5885260,6969221,1083961
DELETE,1523417,2648382,1124965
RETRIEVE,6714407,6935445,221038
DELETE,6992484,7641413,648929
RETRIEVE,3326782,3437990,111208
ADD,4878865,5742989,864124
RETRIEVE,7063830,7257812,193982
DELETE,6941216,7876621,935405
RETRIEVE,8752293,9021261,268968
ADD,1159423,2023631,864208
RETRIEVE,7162009,7360331,198322
RETRIEVE,3111374,3293138,181764
DELETE,5903129,7171295,1268166
DELETE,5429474,6957425,1527951
ADD,4004263,4745670,741407
RETRIEVE,8867309,9145587,278278
ADD,7529157,8405177,876020
ADD,7168396,7804049,635653
RETRIEVE,343908,542174,198266
RETRIEVE,764844,1045048,280204
ADD,1908777,2557753,648976
DELETE,1653124,2652083,998959
DELETE,8391790,9173303,781513
ADD,248759,849847,601088
RETRIEVE,7511690,7766480,254790
ADD,1634761,2526818,892057
RETRIEVE,3110035,3359857,249822
RETRIEVE,7361712,7650842,289130
RETRIEVE,7854313,8150101,295788
DELETE,3505846,3997455,491609
RETRIEVE,2208079,2247041,38962
RETRIEVE,6991270,7235214,243944
RETRIEVE,3728346,3940222,211876
DELETE,141222,954410,813188
DELETE,8760161,9412861,652700
RETRIEVE,9187423,9445435,258012
DELETE,6114730,7234248,1119518
DELETE,2698641,3261893,563252
RETRIEVE,6018077,6251403,233326
ADD,8117365,9045136,927771
DELETE,81465,1192524,1111059
DELETE,862466,2037728,1175262
RETRIEVE,2875829,3034883,159054
ADD,4414235,5434447,1020212
RETRIEVE,5329242,5499052,169810
ADD,8001309,8839706,838397
RETRIEVE,1364153,1603841,239688
ADD,2703885,3797842,1093957
DELETE,3907368,4953835,1046467
RETRIEVE,8117663,8306133,188470
ADD,8214877,9207472,992595
RETRIEVE,4157261,4351679,194418
RETRIEVE,4721878,4961430,239552
RETRIEVE,4752327,5046267,293940
RETRIEVE,8752327,8964115,211788
ADD,7901615,9157320,1255705
DELETE,2682336,3740430,1058094
RETRIEVE,693252,865672,172420
RETRIEVE,2110271,2297843,187572
ADD,1949100,2997272,1048172
RETRIEVE,2141282,2287986,146704
RETRIEVE,1350204,1543912,193708
ADD,637059,1847304,1210245
DELETE,3970663,5003215,1032552
RETRIEVE,2562663,2754485,191822
DELETE,8615823,9502219,886396
DELETE,4101937,5041446,939509
ADD,5868095,6955576,1087481
RETRIEVE,7052806,7252930,200124
DELETE,3612727,4319837,707110
RETRIEVE,1231103,1458197,227094
RETRIEVE,3187423,3421749,234326
DELETE,5314003,6388551,1074548
RETRIEVE,3449586,3669216,219630
RETRIEVE,8293799,8505203,211404
ADD,6142900,7096463,953563
DELETE,1433428,2376143,942715
ADD,158347,1334378,1176031
RETRIEVE,8895803,9097245,201442
DELETE,1214585,2307662,1093077
DELETE,1299841,2118560,818719
DELETE,7328125,8206378,878253
RETRIEVE,4979745,5156379,176634
RETRIEVE,7705326,7878026,172700
RETRIEVE,5504798,5734730,229932
ADD,2867397,3898189,1030792
DELETE,3731611,4583515,851904
DELETE,3369235,4120231,750996
DELETE,5615295,6466421,851126
ADD,2552205,3325111,772906
DELETE,1350537,2599340,1248803
RETRIEVE,4873107,5067071,193964
ADD,7980521,8797396,816875
RETRIEVE,5378295,5582055,203760
ADD,7420216,8396866,976650
ADD,6572440,7326113,753673
RETRIEVE,7359786,7549342,189556
RETRIEVE,1514162,1674816,160654
ADD,2481005,3056439,575434
ADD,6409099,7379996,970897
RETRIEVE,2571498,2707088,135590
RETRIEVE,5707679,5945013,237334
ADD,1367435,1852800,485365
ADD,2170806,3174963,1004157
RETRIEVE,6641049,6874535,233486
DELETE,6394057,7338977,944920
ADD,7339520,8122728,783208
ADD,474919,1537951,1063032
DELETE,1176065,2686895,1510830
RETRIEVE,3599206,3838474,239268
DELETE,3477734,4652171,1174437
ADD,2872367,3736862,864495
ADD,7707679,8957038,1249359
RETRIEVE,8263356,8420812,157456
DELETE,6426851,7186352,759501
RETRIEVE,6459057,6649539,190482
RETRIEVE,2644325,2826113,181788
RETRIEVE,1373935,1704297,330362
RETRIEVE,4154088,4327660,173572
RETRIEVE,7570125,7867051,296926
DELETE,899409,1763756,864347
RETRIEVE,2737409,2920801,183392
DELETE,3156781,3762288,605507
ADD,7519198,8340974,821776
RETRIEVE,4016692,4271010,254318
DELETE,3025486,3577009,551523
ADD,6812546,7778376,965830
ADD,7988196,8756248,768052
RETRIEVE,9448658,9641238,192580
DELETE,1355860,2552273,1196413
RETRIEVE,5507812,5722392,214580
RETRIEVE,6495486,6707674,212188
RETRIEVE,9159423,9349657,190234
ADD,820554,1701447,880893
ADD,3401104,4513664,1112560
RETRIEVE,7421574,7678960,257386
DELETE,4637804,5500770,862966
DELETE,7636331,9016727,1380396
ADD,2495943,3231699,735756
RETRIEVE,4490712,4600984,110272
RETRIEVE,5915767,6092267,176500
DELETE,2574741,3133527,558786
DELETE,2705822,3342652,636830
RETRIEVE,437305,667871,230566
DELETE,4699382,5950362,1250980
ADD,4945378,5825483,880105
DELETE,6054752,6544731,489979
DELETE,1188823,2220347,1031524
RETRIEVE,8409994,8631322,221328
ADD,7201355,7923761,722406
ADD,4974924,6250881,1275957
ADD,7931859,9144336,1212477
DELETE,512554,1606474,1093920
RETRIEVE,5892671,6156169,263498
DELETE,6562663,7833432,1270769
RETRIEVE,2109217,2367839,258622
ADD,5901350,6762676,861326
RETRIEVE,2417811,2633727,215916
DELETE,1599206,2547044,947838
ADD,1683875,3009425,1325550
ADD,8260484,9111768,851284
RETRIEVE,7535310,7743812,208502
RETRIEVE,1707386,1952738,245352
DELETE,4317540,5449639,1132099
DELETE,3192628,4098220,905592
ADD,6847060,7869088,1022028
ADD,5484110,6762967,1278857
ADD,6169445,7192177,1022732
DELETE,2887359,3879101,991742
ADD,5593894,6229520,635626
RETRIEVE,6943081,7053219,110138
ADD,2430849,3528456,1097607
RETRIEVE,5592590,5819492,226902
DELETE,6804108,7840616,1036508
DELETE,98774,705179,606405
RETRIEVE,2404926,2658246,253320
RETRIEVE,4260694,4487256,226562
RETRIEVE,5713521,5919331,205810
DELETE,255927,651344,395417
DELETE,357250,1468281,1111031
ADD,7915767,8734514,818747
RETRIEVE,2307728,2415762,108034
RETRIEVE,1927616,2087644,160028
RETRIEVE,5163822,5348152,184330
RETRIEVE,5548107,5663059,114952
ADD,8690788,9353892,663104
ADD,5292100,5848588,556488
DELETE,59663,973195,913532
ADD,6038750,7543706,1504956
RETRIEVE,2425155,2623439,198284
DELETE,2395075,3191115,796040
DELETE,4666071,5412175,746104
DELETE,5323680,6391900,1068220
ADD,742746,1677011,934265
DELETE,3407581,4846899,1439318
ADD,6019827,6995875,976048
DELETE,8973541,9482123,508582
ADD,5308943,5861235,552292
RETRIEVE,4986939,5180975,194036
ADD,3063313,3921564,858251
RETRIEVE,3992544,4263894,271350
DELETE,909809,2076955,1167146
RETRIEVE,6544890,6688630,143740
ADD,3621056,4517495,896439
DELETE,5584777,6422850,838073
ADD,3871428,4789601,918173
ADD,6071569,6712447,640878
RETRIEVE,5283735,5527493,243758
RETRIEVE,1326782,1575532,248750
DELETE,6971856,8238308,1266452
ADD,1066821,1853198,786377
RETRIEVE,8948599,9098545,149946
RETRIEVE,4634085,4806489,172404
RETRIEVE,6690788,6854806,164018
DELETE,4117663,4726171,608508
DELETE,3954791,5018212,1063421
RETRIEVE,380757,526709,145952
ADD,1902720,3281142,1378422
RETRIEVE,8096416,8268962,172546
DELETE,721878,1767465,1045587
ADD,5884258,6571857,687599
ADD,1931859,2913123,981264
ADD,2372206,3241203,868997
ADD,1679127,2707436,1028309
RETRIEVE,8907245,8981939,74694
DELETE,3907135,4840604,933469
RETRIEVE,9599206,9819104,219898
ADD,2456235,3205804,749569
RETRIEVE,1140474,1283934,143460
DELETE,2197262,2998240,800978
DELETE,1539088,2180763,641675
ADD,2090872,2892507,801635
RETRIEVE,6109520,6280800,171280
RETRIEVE,7479644,7760156,280512
RETRIEVE,4342535,4608755,266220
RETRIEVE,260694,486472,225778
DELETE,366926,1522112,1155186
RETRIEVE,4586778,4806090,219312
ADD,6157261,6886133,728872
DELETE,6715144,7846344,1131200
RETRIEVE,5289646,5609636,319990
ADD,1410011,2108172,698161
DELETE,6728703,7896776,1168073
RETRIEVE,8790980,9083240,292260
RETRIEVE,3774392,4045844,271452
DELETE,4369965,5007508,637543
DELETE,6571498,7333667,762169
ADD,7365595,8175550,809955
ADD,1492966,2427917,934951
RETRIEVE,4425155,4642107,216952
RETRIEVE,8476681,8654429,177748
RETRIEVE,5597067,5822353,225286
DELETE,4426851,5145922,719071
DELETE,200665,1431106,1230441
ADD,4193490,5395091,1201601
RETRIEVE,5134124,5314098,179974
RETRIEVE,3887104,4115806,228702
RETRIEVE,1016637,1237837,221200
ADD,790980,1889717,1098737
RETRIEVE,4081402,4270094,188692
DELETE,3841432,5072911,1231479
RETRIEVE,7722628,7857964,135336
RETRIEVE,368229,540063,171834
ADD,1569500,2191359,621859
ADD,2553344,3667312,1113968
RETRIEVE,7075172,7365108,289936
RETRIEVE,4118220,4289222,171002
RETRIEVE,4122118,4307896,185778
DELETE,5303883,6091937,788054
ADD,8592091,9266813,674722
ADD,3729091,4721630,992539
ADD,2382599,3330900,948301
RETRIEVE,4747287,4898395,151108
ADD,7365853,8705754,1339901
ADD,7933156,8764410,831254
RETRIEVE,9052806,9275778,222972
RETRIEVE,3938562,4153954,215392
ADD,4212901,5249780,1036879
ADD,2829493,3574597,745104
ADD,7684086,8397450,713364
DELETE,602418,1786453,1184035
DELETE,4002631,4854971,852340
DELETE,3805808,4309665,503857
DELETE,3478552,4180437,701885
ADD,1449586,2439318,989732
DELETE,7884772,8861515,976743
DELETE,583620,1267022,683402
RETRIEVE,4540659,4741651,200992
RETRIEVE,5151926,5292636,140710
ADD,4280042,5185300,905258
RETRIEVE,9107351,9333551,226200
DELETE,8790824,9747482,956658
RETRIEVE,8571245,8841371,270126
DELETE,4582650,5232358,649708
RETRIEVE,7364153,7586781,222628
DELETE,6636336,8232325,1595989
ADD,1147293,1883642,736349
ADD,8628206,9649317,1021111
DELETE,6257255,7174993,917738
RETRIEVE,9011914,9215214,203300
RETRIEVE,2414235,2668889,254654
RETRIEVE,5774598,5963632,189034
DELETE,2637495,3493819,856324
RETRIEVE,1047235,1243435,196200
DELETE,5847927,7301456,1453529
DELETE,6309725,7411631,1101906
RETRIEVE,9290089,9524159,234070
DELETE,5488543,6414702,926159
DELETE,1546883,2550400,1003517
RETRIEVE,5859094,6075542,216448
ADD,3684895,5096771,1411876
RETRIEVE,394057,607879,213822
ADD,4518405,5310646,792241
RETRIEVE,5392101,5530603,138502
RETRIEVE,7214585,7487773,273188
RETRIEVE,1042370,1157018,114648
DELETE,8566718,9405189,838471
RETRIEVE,9373935,9542711,168776
DELETE,6340609,7885542,1544933
RETRIEVE,193260,421012,227752
DELETE,3401355,4186175,784820
DELETE,4000695,4868803,868108
ADD,6740422,8044617,1304195
DELETE,4357250,4974541,617291
RETRIEVE,4696631,4875397,178766
DELETE,5448658,6546617,1097959
DELETE,8071569,8791603,720034
ADD,1640657,2725711,1085054
ADD,7061319,8249255,1187936
DELETE,3557720,4818502,1260782
ADD,6639809,7896255,1256446
RETRIEVE,1901615,2062157,160542
DELETE,6382599,7070745,688146
DELETE,2507811,2863325,355514
DELETE,9295601,9776899,481298
ADD,5289309,6028910,739601
RETRIEVE,3326245,3492817,166572
DELETE,5382033,6279120,897087
ADD,5421574,6492342,1070768
DELETE,81279,1060069,978790
ADD,4988119,5880176,892057
DELETE,5005755,6138975,1133220
RETRIEVE,6892904,7138582,245678
RETRIEVE,9193074,9358088,165014
ADD,882345,1529801,647456
RETRIEVE,2322591,2399797,77206
RETRIEVE,1372689,1536539,163850
DELETE,8879071,9778678,899607
DELETE,4136716,5191577,1054861
RETRIEVE,9213701,9380851,167150
ADD,7326782,8181725,854943
DELETE,5911261,6718603,807342
DELETE,6241755,7150061,908306
RETRIEVE,4124019,4284213,160194
RETRIEVE,4912987,5137477,224490
DELETE,7785056,8471265,686209
RETRIEVE,5545505,5796723,251218
DELETE,2932572,3990073,1057501
DELETE,3653124,4338731,685607
ADD,7362977,8681968,1318991
RETRIEVE,6234414,6543024,308610
RETRIEVE,8212901,8372529,159628
RETRIEVE,3348721,3553825,205104
RETRIEVE,4609617,4748385,138768
RETRIEVE,1263098,1512308,249210
RETRIEVE,2290742,2509994,219252
RETRIEVE,3292100,3442340,150240
DELETE,5857398,6979954,1122556
ADD,168311,895275,726964
RETRIEVE,8502990,8708872,205882
DELETE,4509502,5346231,836729
RETRIEVE,6370371,6496131,125760
DELETE,6996894,8201598,1204704
DELETE,4607268,5174364,567096
RETRIEVE,260781,392891,132110
RETRIEVE,2156823,2386949,230126
RETRIEVE,577701,800851,223150
RETRIEVE,1486242,1735876,249634
RETRIEVE,5529157,5728097,198940
DELETE,931009,1656129,725120
ADD,6037782,6723769,685987
ADD,2745196,3679248,934052
RETRIEVE,4613160,4921926,308766
DELETE,453971,1186216,732245
RETRIEVE,3347811,3641911,294100
ADD,2545890,3426070,880180
ADD,2556000,3648604,1092604
RETRIEVE,266631,414167,147536
RETRIEVE,9242704,9450116,207412
DELETE,8124019,8768826,644807
DELETE,8692782,9280075,587293
RETRIEVE,4252801,4474863,222062
DELETE,6363145,7335524,972379
DELETE,1499992,2347672,847680
RETRIEVE,7123564,7360878,237314
RETRIEVE,7546883,7833885,287002
RETRIEVE,7905280,8125106,219826
DELETE,5528200,6218514,690314
RETRIEVE,7694303,7871607,177304
DELETE,312623,1035640,723017
ADD,6384660,7390651,1005991
ADD,8143969,9315961,1171992
ADD,820023,1857726,1037703
ADD,174109,1496083,1321974
ADD,7063327,7941107,877780
ADD,3560120,4460783,900663
ADD,2179996,3217458,1037462
ADD,6586778,7151354,564576
RETRIEVE,2135243,2341391,206148
ADD,4625491,5541348,915857
DELETE,4073571,4869916,796345
RETRIEVE,2445946,2793424,347478
ADD,3908777,4833417,924640
RETRIEVE,2602418,2813646,211228
DELETE,6752327,7996637,1244310
RETRIEVE,945200,1167308,222108
ADD,6803694,7718884,915190
DELETE,8307728,9102045,794317
RETRIEVE,3557212,3758194,200982
RETRIEVE,7641836,7799000,157164
ADD,1886387,3365143,1478756
DELETE,6563691,7042766,479075
RETRIEVE,9147293,9327671,180378
RETRIEVE,9490713,9743495,252782
RETRIEVE,5403495,5537607,134112
ADD,1630022,2420494,790472
RETRIEVE,2446497,2586937,140440
DELETE,9027946,9603760,575814
DELETE,2968646,3875350,906704
RETRIEVE,5729091,5869177,140086
ADD,6552205,7671815,1119610
ADD,186735,1359801,1173066
DELETE,8169445,9447783,1278338
DELETE,422113,1229177,807064
RETRIEVE,8292049,8511261,219212
ADD,6283801,7128813,845012
DELETE,661502,1383176,721674
DELETE,9027772,9893434,865662
DELETE,5071377,6256617,1185240
RETRIEVE,8787121,8970655,183534
DELETE,8514730,9530375,1015645
DELETE,1683996,3056628,1372632
RETRIEVE,7198449,7442517,244068
RETRIEVE,3161019,3470105,309086
RETRIEVE,4533382,4748252,214870
DELETE,747604,1471307,723703
DELETE,1830119,2819832,989713
DELETE,2180024,3010342,830318
DELETE,8490712,9046608,555896
DELETE,777190,1838731,1061541
ADD,4152141,4860465,708324
DELETE,5732864,6163587,430723
RETRIEVE,7937547,8137319,199772
DELETE,6154088,7062654,908566
ADD,6418968,7412924,993956
RETRIEVE,2967099,3182965,215866
ADD,3652773,4432313,779540
RETRIEVE,2857129,3024173,167044
RETRIEVE,8857129,9019697,162568
RETRIEVE,414665,587583,172918
ADD,314790,1118853,804063
RETRIEVE,3531723,3735513,203790
RETRIEVE,1292610,1484128,191518
RETRIEVE,1478123,1686083,207960
RETRIEVE,9010334,9278018,267684
RETRIEVE,3634761,3818899,184138
ADD,2017770,3240031,1222261
RETRIEVE,7195515,7349257,153742
DELETE,6258702,7548741,1290039
RETRIEVE,3433428,3607786,174358
RETRIEVE,7378295,7648481,270186
RETRIEVE,6804348,6913172,108824
DELETE,3935090,4814927,879837
ADD,1847927,3122374,1274447
RETRIEVE,6152222,6353054,200832
ADD,8355089,9267444,912355
ADD,1138860,2340674,1201814
RETRIEVE,5087982,5293510,205528
ADD,426851,1085249,658398
DELETE,1400506,2069178,668672
RETRIEVE,4476681,4748385,271704
ADD,6951802,7726506,774704
ADD,328013,1049177,721164
RETRIEVE,9047612,9214128,166516
ADD,2638134,3794895,1156761
RETRIEVE,5462065,5608937,146872
DELETE,7012866,7768577,755711
RETRIEVE,744433,966883,222450
ADD,2113291,3131808,1018517
RETRIEVE,6496702,6775854,279152
RETRIEVE,4815003,4950855,135852
RETRIEVE,6375931,6501633,125702
RETRIEVE,3267638,3317392,49754
RETRIEVE,3174804,3434852,260048
RETRIEVE,4058687,4291907,233220
DELETE,6212901,7308683,1095782
RETRIEVE,5984463,6217827,233364
RETRIEVE,384914,598220,213306
RETRIEVE,9092,230668,221576
RETRIEVE,8890735,9192933,302198
ADD,4347574,5528006,1180432
RETRIEVE,7290451,7489731,199280
RETRIEVE,8562663,8738839,176176
RETRIEVE,1965343,2108559,143216
DELETE,8615561,9419670,804109
ADD,783686,1650441,866755
DELETE,8152141,8740601,588460
RETRIEVE,8447068,8708082,261014
RETRIEVE,5679152,5832288,153136
RETRIEVE,9303936,9539316,235380
ADD,3002465,3895837,893372
RETRIEVE,6352155,6500353,148198
RETRIEVE,2228342,2371082,142740
DELETE,8346185,9263478,917293
ADD,6188293,6839909,651616
RETRIEVE,6292049,6570711,278662
RETRIEVE,1878508,2039764,161256
RETRIEVE,8704060,8888780,184720
RETRIEVE,4189901,4467977,278076
RETRIEVE,9690328,9838012,147684
DELETE,5118496,6414548,1296052
ADD,4113291,5302459,1189168
RETRIEVE,3926466,4362054,435588
DELETE,7381826,8531796,1149970
DELETE,3486242,4564987,1078745
RETRIEVE,9170604,9288414,117810
DELETE,7808608,8410307,601699
ADD,3990546,4780480,789934
ADD,8081402,8950279,868877
RETRIEVE,3871850,4088034,216184
DELETE,5187568,6139075,951507
RETRIEVE,7360582,7620910,260328
DELETE,534648,1218560,683912
DELETE,7231103,8136741,905638
RETRIEVE,701026,863172,162146
ADD,1935090,3013761,1078671
DELETE,678545,1081271,402726
ADD,5295486,6326871,1031385
ADD,1563872,2321223,757351
RETRIEVE,7039763,7301591,261828
ADD,898977,2072507,1173530
ADD,2253780,3075492,821712
DELETE,1998675,3282989,1284314
RETRIEVE,7340335,7462039,121704
ADD,4380109,5378540,998431
ADD,666071,1598141,932070
ADD,3566354,4747239,1180885
DELETE,338082,1194165,856083
ADD,2143377,3307661,1164284
DELETE,234480,1030010,795530
DELETE,995680,1187491,191811
ADD,8363145,8734076,370931
DELETE,5079674,6290326,1210652
RETRIEVE,8338082,8499034,160952
DELETE,3994736,4754274,759538
RETRIEVE,6938971,7122467,183496
DELETE,2012892,3000197,987305
ADD,5679883,7007518,1327635
ADD,1146805,1867460,720655
ADD,4931299,6292174,1360875
ADD,2166410,2914488,748078
RETRIEVE,6281175,6568077,286902
ADD,4623257,5552844,929587
ADD,5588581,6371558,782977
RETRIEVE,6542937,6696859,153922
DELETE,1156781,2107871,951090
RETRIEVE,6499756,6696224,196468
ADD,230751,806778,576027
DELETE,363196,1180776,817580
ADD,4628206,5310886,682680
ADD,2895486,4005610,1110124
ADD,6736206,7754426,1018220
RETRIEVE,9691757,9821195,129438
RETRIEVE,974659,1181649,206990
RETRIEVE,3586523,3675879,89356
DELETE,7853984,8904491,1050507
RETRIEVE,698641,927291,228650
ADD,3713160,4791997,1078837
RETRIEVE,7175923,7498515,322592
DELETE,7839780,8756452,916672
ADD,9052024,9739132,687108
RETRIEVE,8620561,8832829,212268
ADD,4611515,5602914,991399
DELETE,142900,856264,713364
ADD,346601,1178744,832143
DELETE,5929471,7281629,1352158
ADD,5774392,6599281,824889
RETRIEVE,143969,300253,156284
RETRIEVE,8038145,8280167,242022
RETRIEVE,141282,394214,252932
RETRIEVE,2314790,2488112,173322
ADD,5338471,6296407,957936
DELETE,3384486,4140077,755591
RETRIEVE,1511976,1767348,255372
DELETE,2523657,3727778,1204121
DELETE,4520522,5621900,1101378
DELETE,5970663,7230065,1259402
DELETE,5797858,6415807,617949
ADD,3532874,4128885,596011
RETRIEVE,1881182,2138502,257320
DELETE,4602418,5667850,1065432
RETRIEVE,204005,456585,252580
RETRIEVE,1845552,2139168,293616
DELETE,3052024,4125349,1073325
DELETE,5940371,7548246,1607875
ADD,8082764,8902576,819812
ADD,6277008,7067294,790286
RETRIEVE,8589213,8786253,197040
DELETE,7917075,8554767,637692
DELETE,2388114,2925286,537172
RETRIEVE,3209746,3443648,233902
DELETE,3059869,3897451,837582
ADD,3621908,4367605,745697
RETRIEVE,4736206,4999350,263144
RETRIEVE,3052595,3369637,317042
DELETE,6018772,6657279,638507
ADD,3457600,4192596,734996
DELETE,135243,987342,852099
DELETE,6416325,6912307,495982
ADD,2579592,3251803,672211
ADD,7536456,8675142,1138686
ADD,4166410,5177672,1011262
DELETE,3690328,4482921,792593
DELETE,5569500,6595428,1025928
RETRIEVE,2142168,2257884,115716
DELETE,5061319,6215143,1153824
ADD,5935090,6622763,687673
RETRIEVE,4663412,4773504,110092
RETRIEVE,2862631,3024567,161936
ADD,1114979,2160538,1045559
RETRIEVE,6906844,7180376,273532
DELETE,8623037,9751523,1128486
ADD,2090920,2918728,827808
RETRIEVE,1419113,1552189,133076
RETRIEVE,7294107,7480511,186404
RETRIEVE,6001629,6197221,195592
RETRIEVE,5541614,5716206,174592
ADD,688924,1488762,799838
DELETE,5391934,6942879,1550945
RETRIEVE,2913716,3090264,176548
RETRIEVE,5488492,5696104,207612
RETRIEVE,7881182,8046742,165560
RETRIEVE,3023115,3090627,67512
RETRIEVE,3877726,4071828,194102
RETRIEVE,7375279,7603525,228246
RETRIEVE,7774238,7996516,222278
ADD,3337483,4117514,780031
RETRIEVE,92330,312400,220070
ADD,1992512,2899901,907389
RETRIEVE,1534638,1698664,164026
RETRIEVE,6672492,6900538,228046
DELETE,511242,1526201,1014959
ADD,6514730,7233930,719200
RETRIEVE,8737420,8916564,179144
RETRIEVE,4384914,4507434,122520
DELETE,8509502,9594111,1084609
RETRIEVE,7274125,7447357,173232
RETRIEVE,7540093,7842783,302690
ADD,9065512,9702175,636663
ADD,74290,750096,675806
ADD,3802434,4411887,609453
DELETE,3861196,4608820,747624
RETRIEVE,7065512,7261758,196246
ADD,8440733,9538887,1098154
DELETE,25316,1006043,980727
DELETE,2476448,3544909,1068461
DELETE,8090920,9231690,1140770
RETRIEVE,9138700,9358618,219918
ADD,3294107,3598037,303930
RETRIEVE,370371,541189,170818
RETRIEVE,3858344,4113900,255556
ADD,7006717,7925483,918766
DELETE,4747604,5855439,1107835
ADD,8042502,9126046,1083544
ADD,7633896,8828474,1194578
DELETE,599346,1232220,632874
DELETE,1296008,2509514,1213506
RETRIEVE,326443,450137,123694
RETRIEVE,3855052,4064516,209464
ADD,2268138,3226723,958585
DELETE,6523657,7441376,917719
DELETE,1256063,2368994,1112931
ADD,3104050,4039946,935896
RETRIEVE,5403917,5672737,268820
DELETE,8161752,8737047,575295
DELETE,2344499,3602104,1257605
RETRIEVE,4762954,4986068,223114
DELETE,5660445,6754031,1093586
RETRIEVE,8253780,8482970,229190
RETRIEVE,7314558,7562616,248058
RETRIEVE,2908857,3129995,221138
ADD,3563474,4490763,927289
DELETE,932769,1608102,675333
DELETE,9050166,9508349,458183
RETRIEVE,3882629,3974657,92028
RETRIEVE,1280775,1447999,167224
DELETE,1450409,2225807,775398
ADD,7682951,8708518,1025567
ADD,7442498,8402574,960076
RETRIEVE,1671098,1870586,199488
DELETE,5837530,6899525,1061995
ADD,8995680,9307883,312203
DELETE,5853126,6544561,691435
RETRIEVE,9122427,9351459,229032
RETRIEVE,8843346,9077820,234474
ADD,969319,1971039,1001720
DELETE,2114730,3189445,1074715
ADD,4626485,5427027,800542
RETRIEVE,8792214,8995230,203016
RETRIEVE,5904735,6125583,220848
DELETE,3750591,4521941,771350
ADD,6623101,7532704,909603
RETRIEVE,637495,829245,191750
RETRIEVE,7712226,7944230,232004
RETRIEVE,8873125,9070925,197800
DELETE,2525813,3644969,1119156
ADD,611244,1885071,1273827
RETRIEVE,3107351,3352619,245268
RETRIEVE,3492966,3580122,87156
RETRIEVE,7827394,8023388,195994
RETRIEVE,1040809,1291623,250814
DELETE,2452038,3061056,609018
DELETE,7615589,8943613,1328024
ADD,3912258,4488295,576037
RETRIEVE,2451553,2632817,181264
DELETE,5105130,5739440,634310
RETRIEVE,3931859,4223845,291986
ADD,2843346,3987192,1143846
DELETE,7361296,7944438,583142
ADD,4288295,5600819,1312524
RETRIEVE,5654127,5856193,202066
ADD,6101749,7136089,1034340
RETRIEVE,2630649,2887195,256546
DELETE,8622895,9528237,905342
ADD,6681873,7475800,793927
ADD,7014937,7676790,661853
DELETE,4890735,5681114,790379
DELETE,3731170,4573745,842575
RETRIEVE,4260484,4440404,179920
ADD,3641540,4944086,1302546
DELETE,5538011,6170246,632235
DELETE,5337483,6303794,966311
DELETE,2775042,3700024,924982
ADD,746460,1458962,712502
RETRIEVE,1317751,1556029,238278
DELETE,1077805,1900276,822471
RETRIEVE,5065512,5268148,202636
RETRIEVE,4629059,4881387,252328
DELETE,1148987,2042628,893641
RETRIEVE,5998834,6300762,301928
RETRIEVE,2121454,2311700,190246
RETRIEVE,7634761,7798573,163812
RETRIEVE,7006499,7297319,290820
ADD,956904,2049305,1092401
DELETE,5546883,6864429,1317546
RETRIEVE,3428725,3650907,222182
RETRIEVE,3650664,3906924,256260
ADD,6577097,7738147,1161050
ADD,4414665,5096502,681837
DELETE,8038566,8776027,737461
RETRIEVE,7160339,7327863,167524
RETRIEVE,6260484,6452646,192162
RETRIEVE,4443403,4601803,158400
ADD,3679127,4882025,1202898
DELETE,3289646,3989613,699967
RETRIEVE,5304502,5533776,229274
RETRIEVE,4720056,4869208,149152
RETRIEVE,5980148,6142596,162448
ADD,7532874,8012792,479918
ADD,5362977,6158804,795827
DELETE,4945200,6018859,1073659
DELETE,5773724,6723619,949895
DELETE,5060671,6053451,992780
ADD,4150188,4659771,509583
DELETE,4038145,4976431,938286
RETRIEVE,6291542,6502768,211226
RETRIEVE,7242704,7421180,178476
ADD,614365,1426701,812336
ADD,6502990,7394722,891732
ADD,2820554,4352035,1531481
RETRIEVE,2038750,2353260,314510
DELETE,6472008,7161293,689285
RETRIEVE,6945200,7217724,272524
DELETE,3433909,4216599,782690
RETRIEVE,3284895,3514441,229546
RETRIEVE,8403598,8629678,226080
RETRIEVE,7550685,7786641,235956
DELETE,3703527,4521885,818358
RETRIEVE,2495486,2663214,167728
RETRIEVE,8103451,8356751,253300
DELETE,7314003,8160163,846160
RETRIEVE,7353400,7555614,202214
RETRIEVE,3292647,3499713,207066
RETRIEVE,8301003,8493511,192508
ADD,3400083,4875597,1475514
ADD,5397433,6493224,1095791
ADD,4890513,6001248,1110735
RETRIEVE,4459057,4681539,222482
ADD,6419188,7052683,633495
ADD,5052002,5973677,921675
RETRIEVE,8496702,8716144,219442
ADD,6427680,7400671,972991
ADD,8269227,9469207,1199980
RETRIEVE,9415714,9609908,194194
RETRIEVE,7727574,7932896,205322
ADD,7877726,8792953,915227
RETRIEVE,1266692,1454346,187654
ADD,1160519,1989522,829003
RETRIEVE,2101171,2328119,226948
ADD,1546836,2854765,1307929
RETRIEVE,668061,851495,183434
RETRIEVE,564147,764435,200288
ADD,4166235,5289199,1122964
ADD,5995390,6885269,889879
ADD,5618117,6543970,925853
ADD,6720883,7803991,1083108
DELETE,3607185,4443497,836312
ADD,8752040,9420916,668876
RETRIEVE,1614156,1830534,216378
RETRIEVE,150188,348198,198010
DELETE,1189874,1453272,263398
ADD,4419685,4906477,486792
RETRIEVE,9372689,9614925,242236
ADD,3614876,4750542,1135666
DELETE,6163628,6954887,791259
RETRIEVE,325813,538179,212366
DELETE,1171952,2001872,829920
ADD,7569958,8310494,740536
DELETE,7001960,8487155,1485195
ADD,3233698,3957568,723870
RETRIEVE,5138727,5393229,254502
RETRIEVE,3479923,3658945,179022
RETRIEVE,1980521,2118419,137898
RETRIEVE,5970167,6227579,257412
RETRIEVE,7691757,7871629,179872
ADD,7064132,7857717,793585
DELETE,6628206,7575284,947078
DELETE,3805455,4545649,740194
ADD,2363196,3444220,1081024
DELETE,8286417,9578458,1292041
DELETE,7551714,8332551,780837
DELETE,6682336,7855958,1173622
ADD,2640454,3528314,887860
RETRIEVE,4175088,4322034,146946
RETRIEVE,9457600,9579392,121792
ADD,8434532,9580092,1145560
ADD,7357533,8462543,1105010
RETRIEVE,7432192,7722738,290546
ADD,1990546,3013018,1022472
DELETE,457524,1382840,925316
RETRIEVE,2613160,2870836,257676
RETRIEVE,5302671,5613673,311002
ADD,8118590,8790060,671470
ADD,859010,1325587,466577
ADD,5935672,6936614,1000942
ADD,6607268,7769652,1162384
DELETE,3682951,4645890,962939
ADD,8623257,9543542,920285
RETRIEVE,7923645,8139949,216304
ADD,3901350,4346554,445204
RETRIEVE,8124835,8449675,324840
ADD,2586778,3644594,1057816
ADD,2188403,3032877,844474
RETRIEVE,6560360,6736288,175928
DELETE,6629059,7154632,525573
ADD,5457655,6458208,1000553
ADD,863499,1947006,1083507
RETRIEVE,5175382,5436302,260920
RETRIEVE,361864,575706,213842
ADD,7691720,8786400,1094680
RETRIEVE,3806780,4006658,199878
RETRIEVE,847060,956870,109810
DELETE,4694157,4879011,184854
DELETE,7442470,8122194,679724
RETRIEVE,9076620,9230408,153788
ADD,166478,1273600,1107122
ADD,6620561,7662266,1041705
ADD,1854313,2905033,1050720
RETRIEVE,4932769,5130743,197974
DELETE,7140093,7818520,678427
ADD,1404403,2168017,763614
RETRIEVE,8247308,8459246,211938
ADD,6001309,6983592,982283
RETRIEVE,4812546,4970530,157984
DELETE,7435276,8014083,578807
RETRIEVE,5213701,5420673,206972
ADD,7295462,8106575,811113
RETRIEVE,8940703,9138731,198028
ADD,8372206,9385053,1012847
RETRIEVE,696631,780925,84294
RETRIEVE,5543129,5788885,245756
RETRIEVE,269227,515093,245866
DELETE,1740212,2034238,294026
ADD,3702181,4606930,904749
DELETE,4456235,5019172,562937
DELETE,8342151,9842948,1500797
RETRIEVE,998406,1219928,221522
ADD,8775865,9607212,831347
RETRIEVE,1027772,1271328,243556
ADD,6189901,7379328,1189427
DELETE,5367435,6481107,1113672
RETRIEVE,6613733,6816047,202314
RETRIEVE,8403646,8609732,206086
ADD,1935672,2392012,456340
RETRIEVE,6027097,6222979,195882
ADD,6082764,6610570,527806
DELETE,792214,1741006,948792
RETRIEVE,2343908,2529934,186026
ADD,6693252,7525506,832254
ADD,618213,1258156,639943
ADD,7683867,8707914,1024047
RETRIEVE,8613733,8800037,186304
ADD,606842,1394488,787646
RETRIEVE,1457600,1697736,240136
ADD,2423673,3775089,1351416
ADD,189901,1273111,1083210
RETRIEVE,4741803,4965839,224036
ADD,8870210,9760182,889972
DELETE,8570751,9374777,804026
ADD,650137,2238909,1588772
RETRIEVE,9268706,9469250,200544
RETRIEVE,2686631,2877705,191074
RETRIEVE,3683867,3808175,124308
ADD,2060690,2744454,683764
RETRIEVE,6118590,6293106,174516
RETRIEVE,815003,1021327,206324
RETRIEVE,8973379,9221597,248218
ADD,3266965,4577136,1310171
RETRIEVE,6218320,6509402,291082
DELETE,7721721,8687365,965644
RETRIEVE,8380109,8594873,214764
RETRIEVE,4427680,4705182,277502
ADD,6498970,7372924,873954
ADD,8951802,9464043,512241
RETRIEVE,6699509,6848021,148512
ADD,2410154,3492864,1082710
DELETE,6776744,7777260,1000516
DELETE,8188293,9066240,877947
DELETE,4012892,5059452,1046560
ADD,6651145,7455764,804619
RETRIEVE,4909424,5142574,233150
DELETE,4005738,5197908,1192170
RETRIEVE,471617,624751,153134
DELETE,1457218,2068080,610862
RETRIEVE,3451736,3601106,149370
DELETE,550589,1800254,1249665
RETRIEVE,4941216,5156850,215634
RETRIEVE,9515399,9726981,211582
DELETE,503688,899846,396158
DELETE,2269227,3602976,1333749
ADD,5640657,6800151,1159494
RETRIEVE,9347811,9688617,340806
RETRIEVE,6738824,6908690,169866
RETRIEVE,1636331,1925527,289196
RETRIEVE,2342151,2378489,36338
DELETE,6151458,6955159,803701
RETRIEVE,502545,775847,273302
ADD,1290160,2564385,1274225
ADD,7381477,8449651,1068174
RETRIEVE,6932572,7128658,196086
ADD,3818605,4724493,905888
DELETE,8753293,9612748,859455
ADD,6954495,8105151,1150656
RETRIEVE,5047612,5216984,169372
RETRIEVE,5420216,5619626,199410
ADD,8748930,9347831,598901
DELETE,795075,2058785,1263710
DELETE,6442605,7211509,768904
RETRIEVE,136716,367986,231270
RETRIEVE,4599346,4867602,268256
ADD,6188403,6976160,787757
RETRIEVE,2447068,2688318,241250
ADD,4911201,5823584,912383
RETRIEVE,7382033,7531891,149858
DELETE,6630649,7847805,1217156
DELETE,8535580,9221150,685570
DELETE,330202,1757467,1427265
RETRIEVE,207839,388485,180646
ADD,4274516,4922037,647521
ADD,2833930,3912045,1078115
ADD,4563049,5410043,846994
RETRIEVE,6019254,6284236,264982
ADD,6491975,7126313,634338
DELETE,8491975,8978878,486903
ADD,1706346,2705157,998811
ADD,866204,1773742,907538
DELETE,8706452,9271316,564864
RETRIEVE,3519239,3802083,282844
RETRIEVE,7328814,7476624,147810
DELETE,6453971,7455969,1001998
RETRIEVE,3073064,3287392,214328
RETRIEVE,8986939,9160653,173714
DELETE,2642115,3400902,758787
RETRIEVE,3847927,4139285,291358
RETRIEVE,8389411,8569257,179846
RETRIEVE,3414339,3620423,206084
ADD,4963419,6154227,1190808
RETRIEVE,3300403,3486459,186056
RETRIEVE,4650137,4820927,170790
RETRIEVE,6133169,6413805,280636
ADD,5923645,6940040,1016395
DELETE,176863,1107247,930384
DELETE,7830119,8876299,1046180
RETRIEVE,9104222,9315234,211012
DELETE,1448658,2555131,1106473
RETRIEVE,4736372,4893326,156954
RETRIEVE,2719600,2993952,274352
RETRIEVE,3635434,3887972,252538
RETRIEVE,3409009,3609129,200120
RETRIEVE,5728346,5858372,130026
ADD,548226,1127746,579520
ADD,5950837,6869788,918951
RETRIEVE,4734824,4958826,224002
DELETE,1839780,2685588,845808
RETRIEVE,1551462,1752454,200992
RETRIEVE,1690926,1877908,186982
DELETE,8354465,9368674,1014209
ADD,4395075,5508302,1113227
DELETE,3365595,4013505,647910
RETRIEVE,1326245,1562265,236020
DELETE,103451,1076989,973538
ADD,1905214,2991315,1086101
RETRIEVE,1004032,1372518,368486
RETRIEVE,1146067,1267779,121712
ADD,6898976,8262399,1363423
DELETE,1586523,2750399,1163876
ADD,3614825,4421120,806295
DELETE,1160532,1688254,527722
DELETE,5066821,5920078,853257
ADD,873242,2016764,1143522
DELETE,4901243,5690131,788888
ADD,7622977,8623845,1000868
RETRIEVE,2348219,2527399,179180
DELETE,6564147,7216384,652237
RETRIEVE,2623257,2793347,170090
ADD,2815957,3633805,817848
DELETE,1432682,2412473,979791
DELETE,5435477,6580138,1144661
RETRIEVE,5012866,5247630,234764
RETRIEVE,3615399,3855475,240076
ADD,2059301,3134340,1075039
ADD,3489878,4560294,1070416
ADD,6268794,7203476,934682
ADD,3028414,4027577,999163
ADD,4770519,5285086,514567
ADD,6975407,8549495,1574088
DELETE,3950837,5109525,1158688
RETRIEVE,4760717,4966037,205320
DELETE,4341720,5139140,797420
DELETE,5156781,6090954,934173
RETRIEVE,882556,1108100,225544
DELETE,1916383,2815916,899533
DELETE,3172165,4156533,984368
ADD,7593534,8182819,589285
ADD,1721811,3011081,1289270
DELETE,7995390,8950389,954999
RETRIEVE,3197237,3426565,229328
ADD,1514458,2370791,856333
ADD,4109217,5229930,1120713
RETRIEVE,8207701,8383451,175750
ADD,380365,1218614,838249
RETRIEVE,3676611,3942623,266012
ADD,5755466,6684284,928818
RETRIEVE,2355226,2607662,252436
DELETE,2458788,3363657,904869
ADD,2907245,3977300,1070055
ADD,5061243,6132335,1071092
RETRIEVE,1479644,1720888,241244
RETRIEVE,9295462,9426662,131200
ADD,3142735,4697090,1554355
DELETE,5827394,6768978,941584
DELETE,8644325,9362803,718478
RETRIEVE,9353400,9531922,178522
RETRIEVE,2213654,2473774,260120
DELETE,155449,1435705,1280256
DELETE,1359786,1906371,546585
ADD,5596933,6757928,1160995
DELETE,2092330,2971453,879123
RETRIEVE,2409560,2597990,188430
RETRIEVE,8405700,8643068,237368
ADD,4552205,5173128,620923
DELETE,3478123,4302799,824676
ADD,6737420,7610373,872953
ADD,161074,647810,486736
RETRIEVE,8684650,8807834,123184
ADD,3258646,3877688,619042
DELETE,566718,1075096,508378
RETRIEVE,5359085,5624169,265084
ADD,7551787,8376658,824871
DELETE,282933,1131928,848995
ADD,1142735,2221823,1079088
DELETE,5039241,6435470,1396229
DELETE,5267638,5862472,594834
DELETE,5298405,5718826,420421
RETRIEVE,9365853,9564715,198862
RETRIEVE,1400083,1528137,128054
RETRIEVE,9435276,9666440,231164
ADD,5715620,6612068,896448
DELETE,3551714,4231679,679965
DELETE,6660287,7141937,481650
RETRIEVE,5916409,6106591,190182
DELETE,5103080,6304394,1201314
RETRIEVE,8747604,8833338,85734
RETRIEVE,5077805,5257067,179262
ADD,1195515,2333664,1138149
ADD,140614,1214736,1074122
ADD,5637860,6412212,774352
ADD,6503688,7377077,873389
ADD,995158,2379899,1384741
DELETE,6842160,7329434,487274
DELETE,524764,2217048,1692284
DELETE,7813859,8889269,1075410
RETRIEVE,6314790,6521646,206856
DELETE,2932769,3924150,991381
DELETE,2984248,3951300,967052
RETRIEVE,1375279,1579303,204024
RETRIEVE,8349335,8499237,149902
DELETE,5569958,6294430,724472
RETRIEVE,4767755,4977141,209386
ADD,5364153,6211268,847115
DELETE,2754939,3977894,1222955
DELETE,2088919,3012947,924028
DELETE,1001769,2168341,1166572
DELETE,1994616,2979892,985276
RETRIEVE,6313522,6535584,222062
RETRIEVE,2487656,2863188,375532
ADD,8451712,9545891,1094179
DELETE,1718526,2782726,1064200
RETRIEVE,2804108,3061270,257162
RETRIEVE,6626485,6901919,275434
RETRIEVE,2355089,2551987,196898
ADD,5450409,6636835,1186426
ADD,1731170,2594905,863735
RETRIEVE,8258702,8562418,303716
DELETE,2496407,3182533,686126
RETRIEVE,8048379,8211711,163332
RETRIEVE,7292496,7580596,288100
DELETE,4965786,5781920,816134
ADD,3715620,4867823,1152203
ADD,526577,1458008,931431
RETRIEVE,763040,925946,162906
DELETE,8474612,8916434,441822
RETRIEVE,2962587,3131351,168764
RETRIEVE,3052806,3302832,250026
ADD,6441541,7886075,1444534
RETRIEVE,2000158,2192628,192470
RETRIEVE,604556,896048,291492
ADD,3932743,5056374,1123631
RETRIEVE,7609980,7814320,204340
RETRIEVE,8890513,9154537,264024
DELETE,8038750,9220821,1182071
ADD,8960884,9708934,748050
ADD,1120320,2048147,927827
ADD,4085041,5241579,1156538
RETRIEVE,7978912,8140436,161524
ADD,2291479,3600233,1308754
RETRIEVE,1564293,1814699,250406
RETRIEVE,1224945,1384441,159496
ADD,6447856,7434280,986424
ADD,3514458,4829576,1315118
RETRIEVE,1314003,1454263,140260
RETRIEVE,2860756,3027438,166682
DELETE,4101171,5173181,1072010
RETRIEVE,1776254,2019050,242796
ADD,8057875,9144921,1087046
RETRIEVE,3009381,3112161,102780
RETRIEVE,2998406,3300546,302140
DELETE,6746208,7611991,865783
ADD,5162009,6008836,846827
RETRIEVE,5275501,5433309,157808
RETRIEVE,2268794,2419104,150310
ADD,7556939,8181577,624638
RETRIEVE,6597973,6788481,190508
ADD,7367435,8036218,668783
ADD,3711390,4484704,773314
ADD,2611765,3339044,727279
RETRIEVE,8074290,8317982,243692
ADD,6611765,6900279,288514
RETRIEVE,1333913,1518705,184792
RETRIEVE,7869866,8055322,185456
ADD,2113075,2942476,829401
DELETE,7586523,8576913,990390
DELETE,9016637,9893982,877345
ADD,8500152,9754217,1254065
ADD,3061243,3866455,805212
ADD,7200474,8226495,1026021
DELETE,1519239,2275191,755952
ADD,8775072,9767741,992669
ADD,986939,2137326,1150387
DELETE,629252,1628878,999626
DELETE,2496702,3444864,948162
DELETE,6775093,7476302,701209
RETRIEVE,2441541,2681465,239924
RETRIEVE,632277,817825,185548
ADD,4707368,5583453,876085
DELETE,8047213,9197794,1150581
DELETE,7690328,8540287,849959
RETRIEVE,3543129,3769273,226144
ADD,1359085,2159155,800070
DELETE,4462364,5076829,614465
ADD,4714151,5974563,1260412
RETRIEVE,878774,1178928,300154
RETRIEVE,9397370,9681638,284268
RETRIEVE,909424,1037002,127578
ADD,2969319,3632015,662696
ADD,9180985,9895275,714290
DELETE,3435276,4656619,1221343
RETRIEVE,7114414,7357072,242658
RETRIEVE,2013278,2152212,138934
DELETE,1442498,2283572,841074
ADD,6136716,7408282,1271566
DELETE,8860756,9473156,612400
DELETE,4017770,4762271,744501
RETRIEVE,5781637,5952591,170954
DELETE,3949624,4994470,1044846
ADD,2495481,3548498,1053017
RETRIEVE,1665366,1852202,186836
ADD,6073571,7009208,935637
RETRIEVE,2099018,2319752,220734
DELETE,3303469,4512880,1209411
ADD,8799028,9602581,803553
RETRIEVE,2259351,2419281,159930
DELETE,765083,1874141,1109058
ADD,6061906,6977105,915199
DELETE,1193074,1951583,758509
ADD,2746460,3752432,1005972
RETRIEVE,4447669,4683039,235370
DELETE,5541184,6440161,898977
DELETE,4018077,4808864,790787
ADD,4338082,5281881,943799
RETRIEVE,3378295,3610383,232088
DELETE,3447579,4061572,613993
RETRIEVE,4418968,4573876,154908
RETRIEVE,609617,759117,149500
ADD,1570125,2644154,1074029
RETRIEVE,2681256,2833044,151788
DELETE,4394057,5029293,635236
DELETE,1931205,2437702,506497
ADD,3323197,4048697,725500
RETRIEVE,9358237,9581897,223660
ADD,3100945,3829966,729021
RETRIEVE,7145773,7348047,202274
RETRIEVE,4353245,4544121,190876
RETRIEVE,7435477,7648935,213458
ADD,5536544,6472672,936128
DELETE,3415714,3867338,451624
ADD,7077805,7824956,747151
DELETE,54752,673674,618922
ADD,5862386,6914570,1052184
RETRIEVE,1907890,2195038,287148
RETRIEVE,9302671,9511675,209004
ADD,8331412,9055522,724110
DELETE,4915003,6106839,1191836
RETRIEVE,9115717,9377357,261640
ADD,2263867,3448273,1184406
ADD,2629308,3628276,998968
ADD,6643580,7646560,1002980
DELETE,5400083,6282940,882857
ADD,3011914,3778085,766171
RETRIEVE,9505846,9627416,121570
RETRIEVE,6926781,7136387,209606
RETRIEVE,1774598,2025208,250610
RETRIEVE,7148987,7344497,195510
RETRIEVE,3757429,3925811,168382
RETRIEVE,5600990,5869162,268172
RETRIEVE,1742250,1976042,233792
ADD,7292610,8174003,881393
ADD,783266,1765670,982404
RETRIEVE,925381,1209577,284196
RETRIEVE,2296029,2541887,245858
DELETE,6805903,7796098,990195
ADD,49333,1513609,1464276
ADD,646785,1597828,951043
RETRIEVE,4451712,4653570,201858
DELETE,4644325,5575339,931014
RETRIEVE,7061150,7273486,212336
ADD,7683875,8843415,1159540
ADD,3346729,4522602,1175873
DELETE,8677155,9615210,938055
ADD,1808608,2401506,592898
DELETE,6911455,7722883,811428
DELETE,4892840,5589648,696808
RETRIEVE,4168311,4371685,203374
DELETE,2434532,3449732,1015200
RETRIEVE,7347811,7692645,344834
RETRIEVE,6901243,7119199,217956
ADD,5895929,6663925,767996
RETRIEVE,4863499,5114945,251446
ADD,1475919,2392693,916774
RETRIEVE,8950434,9147922,197488
ADD,7595783,8543463,947680
DELETE,119113,916635,797522
ADD,6146368,7090519,944151
ADD,6341097,6972989,631892
RETRIEVE,3101136,3311814,210678
RETRIEVE,5350520,5474300,123780
DELETE,4970361,6214273,1243912
RETRIEVE,1200935,1441233,240298
DELETE,6468353,7406361,938008
RETRIEVE,3303936,3470020,166084
RETRIEVE,8720883,9000851,279968
ADD,1904645,2860126,955481
RETRIEVE,6702670,6898376,195706
ADD,7122090,8059496,937406
ADD,15670,927284,911614
ADD,3549350,4305488,756138
DELETE,1787005,3453321,1666316
RETRIEVE,4605502,4804424,198922
RETRIEVE,1572573,1694823,122250
ADD,1006207,1938045,931838
RETRIEVE,4195323,4304469,109146
ADD,3600677,4443058,842381
DELETE,4368229,5111183,742954
RETRIEVE,8991270,9245062,253792
RETRIEVE,3145286,3292146,146860
RETRIEVE,6605502,6770656,165154
ADD,4845536,5693781,848245
RETRIEVE,6512554,6712364,199810
DELETE,8602794,9648539,1045745
RETRIEVE,7844848,8063444,218596
DELETE,8760648,9287638,526990
ADD,2163628,2951719,788091
ADD,2380365,2956707,576342
RETRIEVE,2745937,2892693,146756
DELETE,6909543,7602136,692593
RETRIEVE,6384914,6584944,200030
DELETE,3241232,4492852,1251620
RETRIEVE,5018746,5218992,200246
DELETE,7596933,8598162,1001229
RETRIEVE,6694157,6931447,237290
ADD,410473,1810713,1400240
RETRIEVE,1531723,1665515,133792
RETRIEVE,7297193,7547209,250016
DELETE,2772612,3489913,717301
RETRIEVE,4629308,4778586,149278
RETRIEVE,8163540,8412470,248930
RETRIEVE,5690328,5793270,102942
RETRIEVE,4754939,4966227,211288
ADD,3493131,4615400,1122269
RETRIEVE,1622932,1818696,195764
RETRIEVE,9153229,9328819,175590
ADD,2599346,3783224,1183878
RETRIEVE,3192003,3388489,196486
ADD,6911201,7766450,855249
DELETE,803694,1886524,1082830
ADD,2624336,3830541,1206205
ADD,8863446,9834427,970981
ADD,6266939,7404050,1137111
ADD,7972453,8965928,993475
RETRIEVE,2977036,3278142,301106
ADD,6417811,7199102,781291
ADD,2424069,3277975,853906
ADD,4627476,5567272,939796
DELETE,1415714,2205908,790194
ADD,9740212,9804202,63990
ADD,5855310,6849368,994058
RETRIEVE,5439242,5617016,177774
ADD,6252773,7321197,1068424
DELETE,857129,1853763,996634
DELETE,7853780,8977735,1123955
DELETE,895803,1608407,712604
RETRIEVE,2951684,3149582,197898
RETRIEVE,4474612,4707162,232550
ADD,3290419,4104756,814337
RETRIEVE,5066680,5242206,175526
DELETE,4191124,4897132,706008
RETRIEVE,1294107,1432803,138696
RETRIEVE,3382033,3559411,177378
DELETE,4909953,5957578,1047625
DELETE,3341773,4490807,1149034
ADD,8224112,9582949,1358837
RETRIEVE,5738,195864,190126
DELETE,4163628,5086155,922527
ADD,1985970,3044972,1059002
RETRIEVE,6862466,7038276,175810
RETRIEVE,955864,1189726,233862
DELETE,4860756,6062385,1201629
RETRIEVE,8812906,9083720,270814
RETRIEVE,2155449,2427671,272222
RETRIEVE,9257413,9481035,223622
RETRIEVE,8630898,8913384,282486
ADD,3684659,4589084,904425
ADD,3859094,4685771,826677
ADD,8660287,9287241,626954
ADD,8767755,9332183,564428
ADD,833899,1900795,1066896
ADD,2931009,4147025,1216016
RETRIEVE,932924,1179898,246974
DELETE,8378551,9212594,834043
DELETE,8145566,9002909,857343
ADD,8273642,9119765,846123
DELETE,1251513,2745760,1494247
RETRIEVE,6753682,7017654,263972
ADD,736206,1727883,991677
RETRIEVE,6948599,7052191,103592
RETRIEVE,9450830,9753454,302624
DELETE,1593534,1937070,343536
DELETE,2274396,3108652,834256
ADD,6684650,7776606,1091956
DELETE,1540408,2355903,815495
RETRIEVE,6463702,6765916,302214
RETRIEVE,6096416,6345112,248696
ADD,4760161,5651680,891519
RETRIEVE,7047612,7225722,178110
RETRIEVE,8481793,8654291,172498
RETRIEVE,1001920,1174758,172838
RETRIEVE,6825897,7040437,214540
RETRIEVE,1066632,1189060,122428
ADD,3546836,4565945,1019109
ADD,9005755,9878254,872499
ADD,3895117,4724296,829179
ADD,6752040,7542150,790110
RETRIEVE,5266965,5521883,254918
ADD,8558147,9638578,1080431
ADD,7426746,8511587,1084841
DELETE,8371734,9501507,1129773
RETRIEVE,8135243,8324439,189196
RETRIEVE,7239060,7421708,182648
ADD,2446407,3707569,1261162
DELETE,564180,1473468,909288
ADD,7560386,8351682,791296
DELETE,7462269,8436186,973917
DELETE,267676,954590,686914
RETRIEVE,2027097,2251535,224438
RETRIEVE,5869866,6024660,154794
RETRIEVE,6545342,6763324,217982
DELETE,6174109,7391802,1217693
ADD,6453721,7089884,636163
RETRIEVE,451553,757509,305956
ADD,1347941,2742335,1394394
RETRIEVE,4799705,5010517,210812
DELETE,3567891,4637214,1069323
DELETE,4230751,5408431,1177680
RETRIEVE,6273642,6515912,242270
ADD,6260781,7188172,927391
ADD,6833930,7887790,1053860
RETRIEVE,4563691,4809135,245444
DELETE,2409994,2908163,498169
RETRIEVE,1728346,1933706,205360
RETRIEVE,1289309,1474435,185126
RETRIEVE,3309174,3479760,170586
DELETE,297721,1337527,1039806
ADD,4141222,4949667,808445
DELETE,4638990,5110282,471292
ADD,2361864,3099148,737284
DELETE,5111374,6031863,920489
ADD,8317540,9653772,1336232
DELETE,1194918,1940207,745289
RETRIEVE,3173276,3317520,144244
ADD,2496854,3032368,535514
ADD,305488,1336586,1031098
RETRIEVE,3771617,3999209,227592
ADD,7858344,9069737,1211393
ADD,8088692,9125107,1036415
ADD,6143065,6956661,813596
RETRIEVE,1035325,1181585,146260
ADD,5678801,6357858,679057
RETRIEVE,5551752,5729966,178214
RETRIEVE,3998063,4259499,261436
ADD,6012407,6867721,855314
ADD,1059419,1876239,816820
DELETE,8875829,9585190,709361
ADD,6103982,7111502,1007520
RETRIEVE,7580941,7786267,205326
DELETE,5871335,6659750,788415
RETRIEVE,6399992,6670294,270302
RETRIEVE,2862645,3084837,222192
RETRIEVE,3170604,3451180,280576
ADD,2045568,2944721,899153
ADD,7334585,8142650,808065
DELETE,1978912,3535610,1556698
ADD,2526026,3552482,1026456
ADD,4583620,5347762,764142
RETRIEVE,8945378,9161078,215700
DELETE,5745700,6442110,696410
DELETE,5237835,6571223,1333388
ADD,4454605,5163577,708972
RETRIEVE,7316390,7460904,144514
RETRIEVE,3884772,4129962,245190
RETRIEVE,7063313,7273351,210038
ADD,29459,697751,668292
RETRIEVE,5887169,6124143,236974
RETRIEVE,6698405,7003139,304734
ADD,8582650,9232747,650097
RETRIEVE,4960884,5123654,162770
DELETE,6574824,7887969,1313145
RETRIEVE,4045568,4264292,218724
RETRIEVE,4743932,4932512,188580
DELETE,988119,2213678,1225559
ADD,6343908,6813690,469782
ADD,6409994,7164473,754479
ADD,8462560,9146305,683745
RETRIEVE,1443656,1704672,261016
RETRIEVE,1879060,2150084,271024
RETRIEVE,7220424,7426678,206254
DELETE,7174445,7928470,754025
ADD,187395,1489395,1302000
DELETE,3001960,4148984,1147024
ADD,4748930,5512220,763290
ADD,5488297,6451996,963699
DELETE,7916758,9073973,1157215
DELETE,8166235,8879636,713401
DELETE,8887359,9840802,953443
RETRIEVE,5233869,5428683,194814
DELETE,8416325,8871090,454765
RETRIEVE,3222120,3420758,198638
DELETE,6668974,7572630,903656
RETRIEVE,1498898,1650150,151252
DELETE,3856405,5126479,1270074
RETRIEVE,5948995,6086715,137720
ADD,6760161,7998690,1238529
DELETE,7488543,8477385,988842
RETRIEVE,7304502,7540970,236468
RETRIEVE,7915791,8193465,277674
RETRIEVE,3424398,3601342,176944
ADD,4872914,5888262,1015348
RETRIEVE,1654780,1832914,178134
DELETE,5695385,6125154,429769
ADD,5400506,6284252,883746
RETRIEVE,4867309,5123493,256184
RETRIEVE,6252520,6550610,298090
ADD,346185,1349675,1003490
RETRIEVE,2111552,2220666,109114
DELETE,949225,1983371,1034146
ADD,3027946,3767732,739786
RETRIEVE,2935540,3134154,198614
RETRIEVE,4636336,4965212,328876
RETRIEVE,5197237,5452861,255624
DELETE,5756442,6994508,1238066
DELETE,5932743,7039077,1106334
ADD,967099,1938200,971101
DELETE,8103982,9297578,1193596
DELETE,2314678,3292625,977947
RETRIEVE,7112018,7390774,278756
RETRIEVE,7750122,8029696,279574
ADD,6380109,7138276,758167
ADD,5192003,5840302,648299
RETRIEVE,7720218,7905608,185390
RETRIEVE,6592091,6757715,165624
DELETE,3733930,4454399,720469
ADD,2627476,3675222,1047746
RETRIEVE,7186956,7304788,117832
DELETE,6975477,7843854,868377
DELETE,3481668,4388325,906657
RETRIEVE,1281080,1416534,135454
ADD,8017138,8260497,243359
RETRIEVE,6484350,6591598,107248
ADD,6604514,7574429,969915
DELETE,3339069,4543042,1203973
RETRIEVE,6199951,6401781,201830
DELETE,8783686,9746125,962439
ADD,737420,1640390,902970
DELETE,3718949,4863444,1144495
DELETE,7016406,7896363,879957
ADD,7461861,8457096,995235
ADD,6946197,8271886,1325689
RETRIEVE,7134124,7329058,194934
ADD,3087485,3955306,867821
RETRIEVE,6763342,7028682,265340
RETRIEVE,2375236,2561890,186654
ADD,3362977,4401681,1038704
RETRIEVE,7414339,7600093,185754
RETRIEVE,530172,759048,228876
ADD,7433909,8242326,808417
ADD,9103080,9787687,684607
RETRIEVE,8138305,8407409,269104
DELETE,3116523,4307266,1190743
RETRIEVE,4526577,4628061,101484
DELETE,7389640,8258526,868886
RETRIEVE,1757472,1933790,176318
RETRIEVE,7884258,8090148,205890
RETRIEVE,5195515,5446185,250670
RETRIEVE,7846062,8041752,195690
ADD,6049928,7225468,1175540
DELETE,8260781,9185569,924788
RETRIEVE,3442470,3603604,161134
RETRIEVE,4359577,4523271,163694
RETRIEVE,2569498,2792040,222542
DELETE,2161074,3082823,921749
ADD,5023710,6002908,979198
DELETE,1027914,1983997,956083
DELETE,8234480,9406333,1171853
DELETE,9158854,9760840,601986
RETRIEVE,363145,486511,123366
DELETE,6636111,7802933,1166822
ADD,7685934,8372468,686534
RETRIEVE,5052075,5181773,129698
DELETE,6792214,8120312,1328098
ADD,8198325,9249610,1051285
ADD,5048520,6382927,1334407
DELETE,1729091,2509844,780753
ADD,6923752,8061604,1137852
RETRIEVE,8696631,8887165,190534
DELETE,8760646,9880896,1120250
RETRIEVE,99018,286068,187050
RETRIEVE,566338,770402,204064
DELETE,2064510,3182101,1117591
DELETE,5376282,6610123,1233841
RETRIEVE,3138700,3358878,220178
RETRIEVE,8977175,9057281,80106
DELETE,4269227,5161033,891806
RETRIEVE,4948599,5079843,131244
ADD,5523417,6167464,644047
ADD,8394242,9204679,810437
DELETE,1461861,2537011,1075150
ADD,3620175,4691712,1071537
RETRIEVE,5171603,5359889,188286
ADD,7303469,8307394,1003925
RETRIEVE,8954710,9150832,196122
RETRIEVE,7667866,7883802,215936
ADD,1535310,2254112,718802
DELETE,1168441,2719312,1550871
ADD,4074290,4962113,887823
RETRIEVE,2577701,2801599,223898
RETRIEVE,3844848,3960218,115370
DELETE,960884,1727055,766171
ADD,8419188,9083663,664475
RETRIEVE,6413131,6612325,199194
RETRIEVE,4048379,4218437,170058
DELETE,2609617,3487517,877900
ADD,8165846,9069974,904128
ADD,6001380,6777742,776362
DELETE,190471,671269,480798
RETRIEVE,3432192,3689124,256932
ADD,7016637,7742109,725472
RETRIEVE,4391790,4537180,145390
RETRIEVE,951684,1190862,239178
DELETE,2353508,2910024,556516
DELETE,218070,1045970,827900
ADD,8058687,8549314,490627
DELETE,4702670,5537889,835219
RETRIEVE,5887104,6096746,209642
RETRIEVE,2453971,2634109,180138
DELETE,4163540,5224173,1060633
RETRIEVE,6481005,6734003,252998
DELETE,5755412,6894783,1139371
ADD,2476681,3734035,1257354
RETRIEVE,2558147,2742019,183872
RETRIEVE,2540659,2717311,176652
RETRIEVE,8825897,9019759,193862
DELETE,8446497,9441278,994781
DELETE,577097,1317402,740305
ADD,4142168,4850436,708268
RETRIEVE,9097063,9424289,327226
RETRIEVE,2615823,2788583,172760
DELETE,9040600,9664126,623526
ADD,7122427,8538528,1416101
DELETE,9039382,9865967,826585
ADD,487482,1453488,966006
DELETE,9499649,9860741,361092
ADD,1258136,2081747,823611
RETRIEVE,2728703,2995331,266628
ADD,3561265,4715330,1154065
RETRIEVE,9329284,9490930,161646
ADD,2145149,2926347,781198
RETRIEVE,3616513,3862185,245672
ADD,456235,1117069,660834
ADD,3429474,4784939,1355465
DELETE,1283260,2382952,1099692
RETRIEVE,3360582,3522624,162042
ADD,6109837,7316413,1206576
RETRIEVE,1952212,2149812,197600
DELETE,7296630,8215674,919044
RETRIEVE,5519239,5673573,154334
RETRIEVE,6437305,6659601,222296
ADD,9075213,9713247,638034
RETRIEVE,4169445,4388329,218884
DELETE,8605768,9849930,1244162
DELETE,8666100,9227869,561769
DELETE,1453461,2142895,689434
RETRIEVE,1071377,1304823,233446
RETRIEVE,6394506,6579662,185156
RETRIEVE,890735,1218903,328168
RETRIEVE,7440239,7633397,193158
RETRIEVE,4027061,4363015,335954
DELETE,8157261,9427780,1270519
RETRIEVE,7387929,7530325,142396
DELETE,2795075,3649842,854767
ADD,8474020,9325220,851200
DELETE,347574,1219388,871814
DELETE,7257413,7854230,596817
DELETE,5582714,6672900,1090186
ADD,681256,1131463,450207
DELETE,6642115,7421766,779651
RETRIEVE,3705326,3934422,229096
RETRIEVE,7998063,8245289,247226
ADD,8686181,9731027,1044846
RETRIEVE,6597944,6799740,201796
RETRIEVE,4409560,4593370,183810
DELETE,4096416,4870128,773712
RETRIEVE,1198146,1445686,247540
RETRIEVE,3050017,3258803,208786
RETRIEVE,1570079,1690227,120148
ADD,1672891,2759353,1086462
DELETE,6179996,7385905,1205909
ADD,1097920,2169466,1071546
ADD,7009381,8088079,1078698
ADD,5708627,6912071,1203444
ADD,6326443,7269297,942854
ADD,676624,1590823,914199
DELETE,5975190,6920156,944966
ADD,5460329,6271155,810826
DELETE,966971,1587949,620978
DELETE,5839780,6985822,1146042
DELETE,7505846,8309066,803220
DELETE,3313503,3944737,631234
DELETE,1409009,2472681,1063672
DELETE,2783266,3877316,1094050
RETRIEVE,3762195,3968101,205906
DELETE,6042502,7279790,1237288
DELETE,496536,1714155,1217619
ADD,2213779,3014988,801209
DELETE,7847927,8701332,853405
DELETE,5176065,6304023,1127958
ADD,222057,950688,728631
RETRIEVE,7016714,7213832,197118
DELETE,4790824,5787504,996680
RETRIEVE,8414235,8721409,307174
ADD,7173337,8295013,1121676
DELETE,736935,2016098,1279163
ADD,3012866,3834967,822101
DELETE,4772142,5636618,864476
RETRIEVE,1052002,1226090,174088
RETRIEVE,3585339,3885063,299724
DELETE,7692841,8657401,964560
RETRIEVE,7359085,7565859,206774
DELETE,7313503,8161118,847615
DELETE,792331,1724679,932348
RETRIEVE,3332529,3532117,199588
ADD,4259323,5140457,881134
ADD,5418903,6567909,1149006
RETRIEVE,5359786,5488960,129174
RETRIEVE,4169683,4272895,103212
RETRIEVE,146368,267122,120754
DELETE,908857,1320301,411444
ADD,873125,1934073,1060948
RETRIEVE,8593043,8805375,212332
ADD,8093093,8789781,696688
RETRIEVE,720883,1053363,332480
RETRIEVE,1750591,1946803,196212
RETRIEVE,8967145,9156071,188926
RETRIEVE,7503075,7682087,179012
DELETE,7405714,8587007,1181293
DELETE,7970167,9063809,1093642
DELETE,151458,808892,657434
ADD,5715705,6331634,615929
RETRIEVE,198325,396499,198174
DELETE,6745400,8247697,1502297
RETRIEVE,6404581,6548033,143452
RETRIEVE,1691720,1886568,194848
RETRIEVE,2109837,2353631,243794
ADD,2396597,3716625,1320028
ADD,3353400,4131337,777937
RETRIEVE,2439663,2602069,162406
ADD,630649,1474151,843502
ADD,1704426,2515974,811548
DELETE,2993970,3818665,824695
ADD,2899657,4056538,1156881
ADD,8896749,9727234,830485
DELETE,8571498,9766475,1194977
ADD,8099018,8573794,474776
DELETE,1629178,2444942,815764
ADD,4263,314530,310267
DELETE,1062090,1820535,758445
RETRIEVE,7039382,7254192,214810
ADD,2118220,2655244,537024
ADD,4935540,5943115,1007575
DELETE,6114103,7039326,925223
RETRIEVE,6213779,6368669,154890
RETRIEVE,4591506,4846988,255482
DELETE,440733,1514188,1073455
ADD,1105130,2113493,1008363
DELETE,3448067,4578628,1130561
ADD,4188838,5023279,834441
RETRIEVE,2211766,2391846,180080
RETRIEVE,3015384,3047622,32238
DELETE,4267676,5151358,883682
RETRIEVE,8228342,8443886,215544
DELETE,5404811,6690153,1285342
ADD,2027061,3387279,1360218
DELETE,7072232,8393530,1321298
RETRIEVE,7323117,7456525,133408
RETRIEVE,4632834,4788290,155456
ADD,7664108,8162314,498206
DELETE,8099079,9241332,1142253
RETRIEVE,5138700,5399726,261026
RETRIEVE,9138727,9396955,258228
RETRIEVE,1783448,2052754,269306
RETRIEVE,2454605,2651959,197354
RETRIEVE,7597712,7736204,138492
ADD,6954710,7842561,887851
RETRIEVE,3035936,3272012,236076
ADD,1079643,1971227,891584
ADD,5140093,6072969,932876
DELETE,1858344,3222768,1364424
RETRIEVE,692782,835170,142388
ADD,7372921,8488742,1115821
RETRIEVE,1839622,2064594,224972
RETRIEVE,3140093,3294689,154596
DELETE,1926466,4030379,2103913
RETRIEVE,3146067,3343455,197388
RETRIEVE,7992955,8049587,56632
DELETE,212495,982641,770146
ADD,8039665,9191997,1152332
RETRIEVE,2330202,2503632,173430
ADD,4619506,5796584,1177078
RETRIEVE,8018772,8111304,92532
ADD,3847343,4850916,1003573
RETRIEVE,2901695,3102741,201046
DELETE,4677155,5604732,927577
ADD,611765,1495280,883515
RETRIEVE,5901615,6121457,219842
RETRIEVE,7159423,7314091,154668
RETRIEVE,8980807,9254553,273746
ADD,2760717,3656377,895660
RETRIEVE,291479,528667,237188
ADD,8113075,8813820,700745
RETRIEVE,253780,424982,171202
DELETE,7560024,9026199,1466175
ADD,5469856,6099802,629946
ADD,90872,999086,908214
ADD,4252297,4939526,687229
ADD,5884772,7237791,1353019
RETRIEVE,6404926,6559378,154452
ADD,6745552,7732069,986517
DELETE,2340127,3147404,807277
RETRIEVE,3018746,3246002,227256
ADD,4161752,4979081,817329
RETRIEVE,7490713,7687091,196378
RETRIEVE,8109217,8366505,257288
RETRIEVE,3237705,3449731,212026
RETRIEVE,5640923,5817969,177046
DELETE,3626768,5245121,1618353
ADD,9541184,9654238,113054
DELETE,5448067,6514935,1066868
DELETE,1932223,3100166,1167943
RETRIEVE,113075,342871,229796
RETRIEVE,5075559,5176589,101030
RETRIEVE,4923752,5164654,240902
RETRIEVE,4330202,4552184,221982
RETRIEVE,3837530,4063426,225896
DELETE,3361712,4520400,1158688
ADD,582650,1537881,955231
ADD,5004259,5784271,780012
RETRIEVE,7350537,7526391,175854
RETRIEVE,2118590,2309882,191292
DELETE,6940565,7247441,306876
DELETE,2109520,3073154,963634
RETRIEVE,4042502,4243042,200540
ADD,4343242,5174663,831421
ADD,8439663,9049422,609759
ADD,5591564,6468158,876594
RETRIEVE,2586798,2756488,169690
DELETE,1012866,1970339,957473
RETRIEVE,8344621,8620527,275906
RETRIEVE,3260116,3580296,320180
DELETE,4366926,5247513,880587
DELETE,5567891,6557836,989945
ADD,42502,1196002,1153500
RETRIEVE,5323197,5447871,124674
ADD,8737409,9642176,904767
ADD,3889414,5519570,1630156
ADD,7715620,8791159,1075539
DELETE,977175,2191005,1213830
ADD,5173337,6597961,1424624
RETRIEVE,1288796,1415146,126350
ADD,3404382,4340852,936470
DELETE,7688625,8939077,1250452
DELETE,6376724,7495047,1118323
DELETE,2560542,3385885,825343
ADD,4535646,5426535,890889
RETRIEVE,3020112,3197176,177064
RETRIEVE,2045128,2242246,197118
ADD,594205,1875276,1281071
ADD,5290011,6098095,808084
ADD,7806419,8438885,632466
RETRIEVE,4198325,4464001,265676
RETRIEVE,1971214,2250162,278948
RETRIEVE,1095218,1265558,170340
RETRIEVE,6102946,6259684,156738
DELETE,932142,2277277,1345135
ADD,3429623,4132268,702645
RETRIEVE,8514258,8706140,191882
RETRIEVE,1630674,1897806,267132
DELETE,5201928,6093540,891612
RETRIEVE,636336,938624,302288
RETRIEVE,2331412,2499992,168580
RETRIEVE,4409003,4703977,294974
ADD,1392101,2197813,805712
ADD,5331240,6030327,699087
ADD,5852820,6543393,690573
DELETE,647220,1630059,982839
RETRIEVE,2274516,2494000,219484
ADD,6357250,7260943,903693
ADD,8425155,9142493,717338
ADD,1877726,2165851,288125
RETRIEVE,1428725,1590075,161350
ADD,2204005,2867637,663632
RETRIEVE,3459561,3693249,233688
ADD,3920667,4661463,740796
RETRIEVE,8895486,9169036,273550
DELETE,2221832,3025478,803646
DELETE,3405714,4343305,937591
DELETE,313522,1161461,847939
ADD,2741031,3610983,869952
DELETE,4877701,6203668,1325967
RETRIEVE,3868095,4068859,200764
DELETE,1826869,2946442,1119573
ADD,1563474,2616149,1052675
DELETE,5420987,6319825,898838
RETRIEVE,9520437,9761857,241420
DELETE,6090920,7219572,1128652
RETRIEVE,2199951,2349309,149358
RETRIEVE,3781637,4031447,249810
RETRIEVE,6609617,6824777,215160
RETRIEVE,9566354,9745102,178748
DELETE,326234,1324434,998200
RETRIEVE,5640875,5779303,138428
DELETE,1763993,2823912,1059919
ADD,6560542,7506583,946041
DELETE,2283370,3354092,1070722
RETRIEVE,4471617,4646449,174832
RETRIEVE,9432192,9614182,181990
DELETE,8109810,9410680,1300870
RETRIEVE,9309204,9481838,172634
ADD,3314558,4384613,1070055
DELETE,4637059,6219429,1582370
RETRIEVE,7607185,7775113,167928
ADD,3461688,4877919,1416231
DELETE,7165411,7942829,777418
RETRIEVE,3715705,3869707,154002
RETRIEVE,1950837,2133051,182214
RETRIEVE,8742746,8946644,203898
RETRIEVE,1601435,1769045,167610
RETRIEVE,9661415,9801315,139900
ADD,2604514,3303064,698550
DELETE,8931009,9800043,869034
RETRIEVE,5580634,5845554,264920
DELETE,1506346,2466923,960577
RETRIEVE,4753305,4931705,178400
RETRIEVE,4282057,4480645,198588
ADD,4988408,5842888,854480
RETRIEVE,5198530,5413616,215086
RETRIEVE,2977634,3181880,204246
RETRIEVE,9152546,9327976,175430
RETRIEVE,5001960,5175126,173166
DELETE,8653002,9754111,1101109
DELETE,3352898,4447411,1094513
ADD,111552,772905,661353
DELETE,4548226,5538060,989834
ADD,8761681,9324747,563066
ADD,4723207,5722870,999663
ADD,1713521,3195298,1481777
RETRIEVE,309725,474957,165232
RETRIEVE,156823,354453,197630
RETRIEVE,4296029,4548339,252310
DELETE,6978646,8153195,1174549
ADD,8840550,9703433,862883
ADD,6480085,7761184,1281099
ADD,6168311,7169577,1001266
ADD,3825555,4674504,848949
DELETE,5059419,6182355,1122936
ADD,3691720,4573169,881449
RETRIEVE,7433428,7650694,217266
RETRIEVE,8001629,8138357,136728
RETRIEVE,7449586,7703070,253484
ADD,48379,720451,672072
RETRIEVE,4186343,4192867,6524
ADD,1720830,2846082,1125252
RETRIEVE,5994616,6207784,213168
ADD,7772288,8654117,881829
RETRIEVE,2171960,2376712,204752
RETRIEVE,1192003,1485853,293850
ADD,1517033,2238707,721674
ADD,4882345,5390028,507683
RETRIEVE,6130612,6315688,185076
RETRIEVE,6195323,6431341,236018
RETRIEVE,7144311,7312549,168238
ADD,7998834,9274551,1275717
RETRIEVE,5952212,6159278,207066
DELETE,5988196,6928057,939861
ADD,3756442,5033669,1277227
ADD,7764586,8930824,1166238
DELETE,6566338,7431982,865644
DELETE,7756354,8843353,1086999
RETRIEVE,9499122,9752500,253378
RETRIEVE,6143969,6341665,197696
DELETE,7158854,7823866,665012
ADD,7292647,7865413,572766
RETRIEVE,852812,1140070,287258
RETRIEVE,2988408,3175610,187202
ADD,1316697,1982210,665513
DELETE,17138,783893,766755
ADD,5629178,6494442,865264
ADD,4447921,5608369,1160448
ADD,1473489,1997450,523961
ADD,3525513,4173173,647660
RETRIEVE,353508,527596,174088
RETRIEVE,2241276,2385632,144356
RETRIEVE,1457655,1590823,133168
RETRIEVE,8852812,9058802,205990
DELETE,5711390,6546933,835543
ADD,4967099,5978602,1011503
DELETE,2777190,3223913,446723
ADD,8631252,9863453,1232201
RETRIEVE,2232422,2401618,169196
DELETE,5173276,6396926,1223650
ADD,1934583,2754173,819590
ADD,786834,1585950,799116
DELETE,4701026,5536727,835701
DELETE,2484350,3182529,698179
RETRIEVE,6898977,7118137,219160
DELETE,8626485,9656388,1029903
RETRIEVE,9290451,9535135,244684
RETRIEVE,7376282,7615624,239342
ADD,523657,1595416,1071759
DELETE,1580941,3140169,1559228
RETRIEVE,1955735,2142739,187004
RETRIEVE,8368229,8625255,257026
ADD,6955864,7552023,596159
RETRIEVE,2607219,2809227,202008
RETRIEVE,3435477,3500443,64966
DELETE,4968646,6059296,1090650
ADD,1810936,3234801,1423865
ADD,3163822,4141732,977910
RETRIEVE,6252243,6512429,260186
DELETE,1112018,1955557,843539
ADD,1165411,2421626,1256215
ADD,6253780,7147032,893252
ADD,8153265,9197481,1044216
RETRIEVE,7145681,7347787,202106
RETRIEVE,211766,370918,159152
ADD,7931205,8784258,853053
DELETE,459057,1337050,877993
RETRIEVE,8815957,9013763,197806
RETRIEVE,8804108,9069406,265298
RETRIEVE,9546711,9808175,261464
RETRIEVE,9175382,9411814,236432
DELETE,7684895,8664251,979356
RETRIEVE,899134,1171744,272610
RETRIEVE,556000,778002,222002
ADD,1180985,2137633,956648
DELETE,3787005,4818334,1031329
DELETE,4444336,5692139,1247803
DELETE,6204058,7138370,934312
ADD,6476681,7164456,687775
ADD,940565,1858933,918368
RETRIEVE,3499649,3611951,112302
DELETE,2882048,3918880,1036832
ADD,3959289,4434250,474961
RETRIEVE,7481668,7626016,144348
ADD,2518405,3701949,1183544
DELETE,1031504,1772050,740546
RETRIEVE,6274516,6486440,211924
RETRIEVE,1171603,1530453,358850
RETRIEVE,3397433,3605025,207592
ADD,8409099,9530043,1120944
RETRIEVE,9549350,9776904,227554
RETRIEVE,6145149,6389845,244696
RETRIEVE,4199951,4376683,176732
RETRIEVE,9570079,9735211,165132
ADD,4523657,5317825,794168
DELETE,2561223,3665760,1104537
ADD,7932223,8866090,933867
ADD,8282580,9572054,1289474
ADD,929874,1601881,672007
RETRIEVE,9721721,9886591,164870
ADD,909338,1534847,625509
ADD,4909543,5470423,560880
RETRIEVE,3426746,3659810,233064
RETRIEVE,2643580,2794580,151000
RETRIEVE,4588680,4776292,187612
ADD,7489552,8641041,1151489
RETRIEVE,7661415,7869763,208348
RETRIEVE,8143377,8339367,195990
ADD,2892362,3852216,959854
DELETE,3080458,4405174,1324716
RETRIEVE,6745196,6934416,189220
RETRIEVE,3453461,3663263,209802
DELETE,2812662,3567067,754405
DELETE,754939,1279826,524887
RETRIEVE,403646,681526,277880
DELETE,3522103,4367133,845030
ADD,8183834,9062698,878864
RETRIEVE,2775093,3042521,267428
DELETE,5186956,5752783,565827
RETRIEVE,7060361,7253825,193464
ADD,8102946,9325336,1222390
ADD,8330207,9331353,1001146
RETRIEVE,8786853,9090781,303928
ADD,1290089,2251370,961281
ADD,5433909,6299831,865922
RETRIEVE,668974,861220,192246
DELETE,6815003,7353000,537997
ADD,6476448,7427010,950562
RETRIEVE,5906165,6119583,213418
DELETE,7564293,8179815,615522
ADD,2234480,3361483,1127003
ADD,7329242,8095024,765782
RETRIEVE,1853984,2053782,199798
RETRIEVE,2205617,2376281,170664
ADD,2918826,4174374,1255548
DELETE,4349335,4922564,573229
RETRIEVE,5384874,5584438,199564
RETRIEVE,6444336,6695886,251550
DELETE,2175088,3215793,1040705
ADD,7104009,8489093,1385084
RETRIEVE,1178285,1378889,200604
DELETE,3654127,5324602,1670475
RETRIEVE,3774794,3994694,219900
DELETE,4241755,4973907,732152
ADD,7600990,8086364,485374
DELETE,6762954,7727042,964088
ADD,288904,1145163,856259
DELETE,307246,1461339,1154093
DELETE,4480085,5548685,1068600
ADD,1050017,1659016,608999
DELETE,1123564,2378426,1254862
RETRIEVE,5695130,5803722,108592
DELETE,3350520,4296218,945698
ADD,3042370,4268901,1226531
RETRIEVE,5734787,5917759,182972
RETRIEVE,2704060,2824666,120606
DELETE,2150188,2664866,514678
RETRIEVE,2651145,2826031,174886
RETRIEVE,4512554,4785280,272726
DELETE,6873107,7749099,875992
DELETE,1842313,2794403,952090
RETRIEVE,474020,745728,271708
RETRIEVE,636111,756819,120708
RETRIEVE,2863446,3053640,190194
DELETE,7404403,8561155,1156752
RETRIEVE,6422113,6656341,234228
ADD,6108041,6905637,797596
RETRIEVE,607219,815777,208558
RETRIEVE,5469017,5692895,223878
RETRIEVE,1422474,1736518,314044
RETRIEVE,1940171,2190251,250080
RETRIEVE,1158854,1354578,195724
RETRIEVE,8391322,8677176,285854
RETRIEVE,3656927,3893105,236178
ADD,558147,1620642,1062495
RETRIEVE,1257172,1500338,243166
RETRIEVE,2029399,2260135,230736
ADD,1297193,2737085,1439892
RETRIEVE,8641097,8748161,107064
ADD,2691152,3725427,1034275
RETRIEVE,7385299,7573681,188382
RETRIEVE,3317088,3570466,253378
ADD,5550685,6682423,1131738
ADD,6065395,6835300,769905
RETRIEVE,7806780,8064194,257414
DELETE,746208,2128929,1382721
DELETE,8630993,9752049,1121056
RETRIEVE,8583620,8704888,121268
DELETE,5890691,6819611,928920
RETRIEVE,1523663,1757685,234022
DELETE,5428946,6060541,631595
RETRIEVE,7298405,7397095,98690
RETRIEVE,9127625,9347605,219980
DELETE,3845552,4832764,987212
ADD,8110271,9177000,1066729
ADD,3534638,4262408,727770
ADD,6456235,7068681,612446
DELETE,2629252,3662916,1033664
ADD,5996821,6623006,626185
ADD,1114414,2079669,965255
DELETE,1298405,1623347,324942
DELETE,1353400,2233709,880309
ADD,4753204,6086629,1333425
DELETE,4783686,5630578,846892
ADD,585533,1066461,480928
ADD,4286417,5424139,1137722
ADD,7614825,8159946,545121
ADD,4291542,5562274,1270732
RETRIEVE,9519239,9664603,145364
ADD,4570751,5310565,739814
RETRIEVE,9375279,9581981,206702
DELETE,7523417,8423636,900219
DELETE,152141,874630,722489
RETRIEVE,5539831,5665235,125404
ADD,5523663,6340705,817042
DELETE,3016637,3553615,536978
DELETE,2444865,3216882,772017
RETRIEVE,3515399,3691813,176414
DELETE,7563549,8636605,1073056
RETRIEVE,3194918,3371230,176312
DELETE,4372674,5135890,763216
ADD,7365231,8121489,756258
RETRIEVE,3329284,3506704,177420
RETRIEVE,3281080,3498280,217200
RETRIEVE,4602794,5035660,432866
ADD,4898976,5706115,807139
RETRIEVE,5175499,5373075,197576
RETRIEVE,7847343,8046469,199126
ADD,8496407,9232357,735950
RETRIEVE,9772767,9899733,126966
DELETE,188838,967887,779049
RETRIEVE,4388114,4582300,194186
DELETE,1843123,2842721,999598
DELETE,5566354,6452491,886137
DELETE,5632211,6587155,954944
DELETE,2388534,3263979,875445
DELETE,6869537,8000200,1130663
RETRIEVE,9546883,9711983,165100
RETRIEVE,2975407,3225893,250486
RETRIEVE,4416325,4658621,242296
DELETE,7443656,8418324,974668
DELETE,1711390,2646360,934970
RETRIEVE,8455829,8714677,258848
RETRIEVE,2928823,3140221,211398
DELETE,2462364,3381825,919461
RETRIEVE,9186956,9334886,147930
ADD,4496536,5562431,1065895
ADD,6057875,7235703,1177828
DELETE,6421677,8080989,1659312
DELETE,3263098,4420229,1157131
RETRIEVE,6388534,6614560,226026
DELETE,6491871,7438254,946383
RETRIEVE,4581524,4729226,147702
DELETE,5504863,6474371,969508
DELETE,7329284,8251700,922416
DELETE,7040809,8168174,1127365
DELETE,447669,1755644,1307975
DELETE,4283801,5211850,928049
RETRIEVE,166235,393315,227080
RETRIEVE,1914745,2184857,270112
ADD,866928,1812450,945522
DELETE,9050017,9311988,261971
ADD,2593043,3364069,771026
ADD,775821,1462957,687136
ADD,6862645,7923157,1060512
DELETE,8027061,9349989,1322928
ADD,7826869,8755381,928512
ADD,7267661,8468409,1200748
DELETE,507622,1787767,1280145
ADD,7076620,7888993,812373
ADD,7484110,9072410,1588300
ADD,2038145,2840716,802571
RETRIEVE,8745937,8968165,222228
ADD,2597944,3241713,643769
DELETE,6125735,6822182,696447
RETRIEVE,840550,990062,149512
RETRIEVE,9387929,9614855,226926
ADD,6577681,6790801,213120
ADD,4788542,5495773,707231
RETRIEVE,5551462,5758700,207238
DELETE,4071569,4754480,682911
ADD,4371734,4658932,287198
DELETE,6692782,7381641,688859
ADD,1541184,2982633,1441449
RETRIEVE,2186343,2343741,157398
ADD,8590186,9548724,958538
RETRIEVE,6520522,6747150,226628
DELETE,8647220,9736851,1089631
DELETE,4141282,4792073,650791
DELETE,6085041,7115370,1030329
DELETE,753204,1889731,1136527
DELETE,8458788,9005234,546446
DELETE,2668974,3106257,437283
ADD,4146368,4668022,521654
DELETE,3862386,4921360,1058974
ADD,2900510,3751627,851117
RETRIEVE,6355089,6501955,146866
DELETE,4440733,5453394,1012661
ADD,4441541,5285876,844335
ADD,5309174,6464304,1155130
RETRIEVE,2929879,3124745,194866
DELETE,3796432,5045337,1248905
ADD,1403917,2456740,1052823
RETRIEVE,4234926,4346078,111152
ADD,6107082,7255718,1148636
RETRIEVE,3092628,3305680,213052
DELETE,6297721,7117496,819775
ADD,88692,1297658,1208966
DELETE,1302120,2212604,910484
RETRIEVE,3489552,3800814,311262
DELETE,5704978,6699425,994447
DELETE,527820,1562392,1034572
RETRIEVE,9237705,9435131,197426
RETRIEVE,3431555,3633089,201534
ADD,8597944,9348143,750199
DELETE,359577,854966,495389
RETRIEVE,1629,203203,201574
RETRIEVE,7288796,7534422,245626
DELETE,5497012,6230535,733523
ADD,3071377,4200150,1128773
ADD,7754108,8637122,883014
ADD,5266692,6284319,1017627
DELETE,7536544,8621857,1085313
ADD,3168441,4090959,922518
ADD,6474020,7289478,815458
DELETE,5358237,6543430,1185193
RETRIEVE,2488857,2695959,207102
RETRIEVE,8359577,8565017,205440
DELETE,7065248,8521140,1455892
DELETE,560542,1511345,950803
RETRIEVE,5228156,5487210,259054
DELETE,1365231,2018969,653738
ADD,1948995,2919966,970971
ADD,3528200,4415050,886850
RETRIEVE,4089533,4303453,213920
ADD,1484110,2805232,1321122
ADD,5740552,6800231,1059679
ADD,2967871,3992882,1025011
ADD,7706346,8394649,688303
RETRIEVE,4403646,4571996,168350
DELETE,8045128,8896208,851080
RETRIEVE,9337483,9549629,212146
ADD,8029399,8822752,793353
DELETE,1580634,2639247,1058613
RETRIEVE,3220424,3333444,113020
ADD,7229470,8113791,884321
ADD,4389411,5418823,1029412
ADD,3545505,4521507,976002
RETRIEVE,5193074,5352138,159064
DELETE,4842160,5653977,811817
DELETE,1912258,2667173,754915
RETRIEVE,3258136,3463784,205648
ADD,8545342,9163930,618588
DELETE,7018746,7991793,973047
DELETE,5009381,5930371,920990
DELETE,8347574,9350971,1003397
DELETE,4951684,6054952,1103268
DELETE,293799,1134197,840398
ADD,2842160,3405551,563391
RETRIEVE,5683996,5917804,233808
RETRIEVE,1233407,1404655,171248
DELETE,4590186,5316538,726352
DELETE,2102946,3192919,1089973
RETRIEVE,4967145,5161501,194356
RETRIEVE,5268706,5474320,205614
ADD,8376724,9274812,898088
RETRIEVE,946197,1108045,161848
ADD,6545283,7833886,1288603
DELETE,5912258,6822510,910252
DELETE,7598402,8619012,1020610
DELETE,4274396,5278571,1004175
RETRIEVE,1309204,1571060,261856
ADD,5372689,6357168,984479
RETRIEVE,6939845,7208007,268162
DELETE,8788542,9447857,659315
RETRIEVE,2967145,3120633,153488
RETRIEVE,1101136,1284770,183634
DELETE,8787658,9558332,770674
DELETE,2790824,3682797,891973
ADD,5405714,6631514,1225800
RETRIEVE,623101,914229,291128
RETRIEVE,3149886,3338146,188260
RETRIEVE,3364153,3552263,188110
ADD,3866936,4718025,851089
RETRIEVE,5317751,5507963,190212
RETRIEVE,7845924,7956544,110620
RETRIEVE,1201355,1327363,126008
ADD,481665,1349356,867691
RETRIEVE,425155,629615,204460
RETRIEVE,8978646,9184894,206248
RETRIEVE,4375236,4500258,125022
ADD,4213654,5054145,840491
RETRIEVE,3332699,3480807,148108
ADD,5560386,6344076,783690
DELETE,5563872,6337177,773305
RETRIEVE,263356,504452,241096
DELETE,899657,1833246,933589
DELETE,8989473,9624839,635366
ADD,4763342,6047461,1284119
RETRIEVE,9443656,9654420,210764
DELETE,1924784,3069093,1144309
ADD,1756354,2494037,737683
RETRIEVE,4866928,5104758,237830
ADD,3476974,4435966,958992
DELETE,5319835,6294521,974686
ADD,3172589,3941891,769302
ADD,8495943,9435656,939713
ADD,1867764,2939014,1071250
RETRIEVE,7629178,7817966,188788
RETRIEVE,4653026,4924224,271198
RETRIEVE,1052024,1328558,276534
RETRIEVE,7522103,7797849,275746
RETRIEVE,4417811,4569747,151936
RETRIEVE,3986106,4162042,175936
DELETE,169294,1614615,1445321
RETRIEVE,1929471,2044439,114968
DELETE,3569500,4694558,1125058
DELETE,6613160,7995816,1382656
RETRIEVE,2592091,2847073,254982
RETRIEVE,4252564,4450792,198228
DELETE,787121,1742584,955463
DELETE,3927616,4888415,960799
DELETE,3563549,4684382,1120833
ADD,4984248,5772607,788359
RETRIEVE,399992,638400,238408
ADD,1075172,2513860,1438688
RETRIEVE,9233698,9459004,225306
ADD,2911201,3620562,709361
DELETE,6867397,7862178,994781
RETRIEVE,2544890,2803310,258420
RETRIEVE,9460329,9657769,197440
DELETE,7705348,8545477,840129
DELETE,6314639,7329246,1014607
DELETE,4641097,5582913,941816
RETRIEVE,1329242,1499656,170414
RETRIEVE,8444625,8627237,182612
DELETE,1451736,2333620,881884
RETRIEVE,3640657,3911519,270862
ADD,8698641,9477301,778660
RETRIEVE,4899409,5075883,176474
DELETE,4017138,4630733,613595
RETRIEVE,3537747,3659791,122044
RETRIEVE,8375931,8626675,250744
RETRIEVE,8899657,9071803,172146
ADD,5532874,6507171,974297
ADD,2117365,2979321,861956
RETRIEVE,7952238,8059424,107186
DELETE,2131584,3057965,926381
RETRIEVE,8702670,8886678,184008
ADD,27097,850217,823120
RETRIEVE,7245508,7434938,189430
RETRIEVE,9459058,9685936,226878
DELETE,3459058,4651598,1192540
DELETE,2945378,4065062,1119684
RETRIEVE,4862645,5085379,222734
RETRIEVE,8544715,8705899,161184
RETRIEVE,7028414,7243272,214858
RETRIEVE,7116523,7304343,187820
RETRIEVE,7050017,7214175,164158
DELETE,5145773,5904551,758778
RETRIEVE,2660287,2822709,162422
DELETE,5722628,6610441,887813
ADD,3919456,5106549,1187093
DELETE,166410,1217213,1050803
RETRIEVE,5745920,5950382,204462
RETRIEVE,9109581,9319811,210230
DELETE,1404382,1939127,534745
ADD,775072,1522205,747133
ADD,7101070,8291470,1190400
ADD,496407,1099051,602644
RETRIEVE,1405682,1644922,239240
DELETE,624497,1677626,1053129
DELETE,3925657,4564266,638609
ADD,3119035,3865880,746845
RETRIEVE,8765083,9022785,257702
RETRIEVE,7724910,7940952,216042
DELETE,2123668,3127120,1003452
RETRIEVE,1609980,1784092,174112
RETRIEVE,1075213,1280207,204994
RETRIEVE,14765,250501,235736
DELETE,4380757,5409844,1029087
ADD,6583620,7050910,467290
RETRIEVE,9479644,9743518,263874
ADD,5110035,6312711,1202676
RETRIEVE,1405714,1584780,179066
DELETE,4328013,5004356,676343
RETRIEVE,9440239,9635281,195042
ADD,4869537,5792889,923352
RETRIEVE,9588581,9842599,254018
RETRIEVE,5449586,5628880,179294
ADD,5805808,7110439,1304631
RETRIEVE,2873242,3111858,238616
DELETE,2014765,3008786,994021
ADD,2714407,3522898,808491
ADD,4650302,5813919,1163617
RETRIEVE,8915003,9162541,247538
RETRIEVE,9339520,9553394,213874
DELETE,1871335,2291969,420634
RETRIEVE,3134124,3301756,167632
ADD,8107082,8873827,766745
DELETE,3421574,4253930,832356
DELETE,745400,1591384,845984
ADD,1052112,2459032,1406920
ADD,57875,1129764,1071889
RETRIEVE,1242704,1465334,222630
RETRIEVE,4012407,4342317,329910
ADD,4893486,5926214,1032728
RETRIEVE,7127625,7365595,237970
DELETE,7103080,8055198,952118
RETRIEVE,2260484,2465080,204596
ADD,537739,1689293,1151554
ADD,2632834,3609559,976725
DELETE,3381477,4316882,935405
RETRIEVE,4865503,5250763,385260
RETRIEVE,3305079,3584221,279142
DELETE,4495486,5472266,976780
ADD,3904735,5012922,1108187
RETRIEVE,5560120,5800522,240402
DELETE,5615399,6459947,844548
DELETE,8166478,8888439,721961
DELETE,1065512,1997341,931829
DELETE,6016945,7103009,1086064
DELETE,7144857,8281903,1137046
RETRIEVE,8125625,8294383,168758
ADD,879071,1743797,864726
DELETE,2414665,3756641,1341976
RETRIEVE,2542937,2672599,129662
DELETE,4997399,5727031,729632
RETRIEVE,4720883,4892003,171120
DELETE,7960974,8635130,674156
DELETE,1340335,2127963,787628
RETRIEVE,2980807,3093399,112592
DELETE,6180024,6639866,459842
DELETE,1433909,2342141,908232
ADD,462560,1345602,883042
ADD,558753,1006328,447575
DELETE,6720654,7477755,757101
ADD,193440,702504,509064
ADD,2255927,3071459,815532
ADD,6845536,7840085,994549
DELETE,13099,597863,584764
ADD,1229470,2136303,906833
RETRIEVE,2589338,2880318,290980
DELETE,8306978,9112328,805350
RETRIEVE,1637860,1879602,241742
ADD,4224616,5063411,838795
RETRIEVE,8252773,8386459,133686
ADD,7650664,8753274,1102610
RETRIEVE,921957,1054633,132676
DELETE,605502,1362362,756860
RETRIEVE,1662181,1921251,259070
RETRIEVE,4630993,4878463,247470
DELETE,2527820,3346576,818756
DELETE,8744433,9725873,981440
ADD,939845,2043659,1103814
ADD,3782658,4877421,1094763
RETRIEVE,9341367,9557345,215978
RETRIEVE,9485686,9681856,196170
DELETE,8118220,8933613,815393
ADD,424668,1552311,1127643
ADD,2775072,3679895,904823
ADD,4354247,5047006,692759
DELETE,3219098,4174385,955287
DELETE,2206363,3737890,1531527
RETRIEVE,6772612,6902070,129458
ADD,4404581,5242311,837730
RETRIEVE,6017770,6165382,147612
DELETE,6267526,6972478,704952
DELETE,7763136,9063672,1300536
RETRIEVE,7352169,7618345,266176
ADD,805903,1581172,775269
ADD,4597944,5734314,1136370
RETRIEVE,8911455,9048427,136972
RETRIEVE,2204058,2444036,239978
ADD,2391790,3151467,759677
ADD,5042370,5723725,681355
DELETE,3482366,4335984,853618
RETRIEVE,5884630,6168544,283914
RETRIEVE,6771862,6965306,193444
RETRIEVE,8719605,8939345,219740
DELETE,5172155,5421647,249492
DELETE,6860756,7513743,652987
ADD,5104222,6003829,899607
ADD,1339069,2397923,1058854
ADD,6644325,7632074,987749
ADD,4678545,5697451,1018906
DELETE,2736372,3714783,978411
DELETE,2652827,3807049,1154222
ADD,5112018,5861708,749690
ADD,5357533,6447979,1090446
DELETE,7175787,8156486,980699
RETRIEVE,1331240,1549868,218628
ADD,3713599,4725566,1011967
DELETE,2019827,2567514,547687
ADD,8778097,9873740,1095643
RETRIEVE,8430849,8528041,97192
DELETE,1401104,1971072,569968
RETRIEVE,6840180,7052830,212650
ADD,627476,1618709,991233
RETRIEVE,1633684,1936586,302902
RETRIEVE,3157293,3320425,163132
DELETE,7916383,8390501,474118
RETRIEVE,3488297,3680065,191768
ADD,4441054,5211653,770599
DELETE,6686831,7653420,966589
DELETE,7706719,8183616,476897
RETRIEVE,4788951,5079601,290650
DELETE,7170604,8122240,951636
ADD,5920667,7016264,1095597
DELETE,2258702,3487077,1228375
RETRIEVE,6211766,6408108,196342
RETRIEVE,4717298,5009204,291906
ADD,5671098,6812174,1141076
DELETE,5704426,6343007,638581
DELETE,1862145,2721748,859603
DELETE,2630898,3415755,784857
DELETE,4546418,5605865,1059447
DELETE,628206,1744842,1116636
DELETE,2771148,3694444,923296
RETRIEVE,5776254,6047980,271726
RETRIEVE,526872,804328,277456
ADD,590186,1785719,1195533
ADD,1397433,2060491,663058
ADD,5506346,6638843,1132497
ADD,8686631,9608482,921851
RETRIEVE,5856405,6027061,170656
ADD,3009165,3834221,825056
ADD,3903129,4809027,905898
DELETE,2125735,2952894,827159
RETRIEVE,2892904,3105958,213054
ADD,6365731,7215458,849727
ADD,1595783,2376277,780494
RETRIEVE,1041530,1177964,136434
RETRIEVE,2081402,2287198,205796
ADD,369965,1302656,932691
DELETE,5050017,5979076,929059
DELETE,2427680,3564902,1137222
DELETE,2280042,3088561,808519
ADD,831917,1524815,692898
ADD,6014765,7148022,1133257
ADD,2088692,3033908,945216
RETRIEVE,2721878,2887034,165156
ADD,179242,973577,794335
RETRIEVE,3299996,3500164,200168
RETRIEVE,8833899,9054149,220250
DELETE,2384660,2935117,550457
RETRIEVE,8098774,8214656,115882
ADD,8772612,9290699,518087
RETRIEVE,1654127,1814631,160504
DELETE,1916758,3102378,1185620
RETRIEVE,2997297,3242931,245634
RETRIEVE,3560386,3696234,135848
RETRIEVE,4776744,5018548,241804
ADD,2857224,3819792,962568
DELETE,5316390,5985117,668727
RETRIEVE,5794437,6023567,229130
RETRIEVE,7514162,7703794,189632
ADD,1168396,2033965,865569
DELETE,2089533,3071807,982274
DELETE,4706452,5158335,451883
RETRIEVE,4117365,4293145,175780
DELETE,4153265,4799341,646076
RETRIEVE,8266631,8471909,205278
DELETE,8372674,9440181,1067507
DELETE,4087713,5009916,922203
ADD,2117663,2907449,789786
ADD,6193490,7160987,967497
ADD,5188823,6242526,1053703
ADD,3027914,3715865,687951
DELETE,3914745,5103385,1188640
ADD,5892366,6863578,971212
ADD,6081279,7211349,1130070
DELETE,8444865,9103114,658249
ADD,5609980,6337240,727260
RETRIEVE,7105130,7296546,191416
ADD,8257255,9099793,842538
ADD,1107351,1791272,683921
ADD,3534032,4082812,548780
ADD,6447068,7688525,1241457
DELETE,9320209,9588610,268401
RETRIEVE,9685934,9823856,137922
DELETE,1039763,2251759,1211996
DELETE,3323680,4703779,1380099
DELETE,7930579,8755283,824704
RETRIEVE,1794437,2038147,243710
RETRIEVE,355089,513797,158708
DELETE,3127625,4056480,928855
DELETE,2081279,3359627,1278348
ADD,4775072,6171254,1396182
DELETE,5006717,6071973,1065256
RETRIEVE,1835275,1999877,164602
RETRIEVE,3737024,3942834,205810
DELETE,5352169,6122843,770674
RETRIEVE,4638134,4853360,215226
RETRIEVE,7616513,7802477,185964
DELETE,6182083,7140946,958863
ADD,5949100,6522830,573730
ADD,3704426,4651754,947328
DELETE,5492966,6374721,881755
RETRIEVE,4101749,4246503,144754
RETRIEVE,7779099,7982119,203020
DELETE,8640454,9560285,919831
DELETE,7461688,8658972,1197284
DELETE,8930254,9833020,902766
ADD,7346729,8467118,1120389
DELETE,8938971,9772041,833070
RETRIEVE,6176863,6363551,186688
RETRIEVE,5615589,5769353,153764
ADD,2424668,3573962,1149294
RETRIEVE,6063039,6220169,157130
RETRIEVE,9092628,9212870,120242
DELETE,2800486,3973163,1172677
RETRIEVE,720056,830840,110784
RETRIEVE,2306978,2601322,294344
DELETE,7622476,8713774,1091298
RETRIEVE,5774794,6001930,227136
ADD,5916758,6476628,559870
ADD,4212495,5174359,961864
ADD,4049928,4544169,494241
RETRIEVE,5908777,6148673,239896
ADD,3640923,4568453,927530
DELETE,7097920,8049325,951405
ADD,1382033,2050121,668088
RETRIEVE,4593043,4849597,256554
RETRIEVE,2085041,2281199,196158
RETRIEVE,8353245,8540291,187046
RETRIEVE,5028414,5184948,156534
RETRIEVE,3929471,4162045,232574
DELETE,3839622,4997393,1157771
RETRIEVE,7742250,7992700,250450
ADD,2877701,3619877,742176
ADD,3060671,4296810,1236139
RETRIEVE,3046688,3190918,144230
RETRIEVE,2500152,2709224,209072
DELETE,5514831,6263381,748550
RETRIEVE,1241232,1455842,214610
ADD,1493131,2129072,635941
RETRIEVE,7120320,7338462,218142
DELETE,2257255,3614953,1357698
DELETE,3692841,4322315,629474
RETRIEVE,695,182303,181608
DELETE,8259351,9133703,874352
RETRIEVE,9328814,9649014,320200
ADD,5442470,6582629,1140159
DELETE,8682336,9707866,1025530
DELETE,1021792,2277608,1255816
RETRIEVE,8997297,9170043,172746
ADD,3495550,4034056,538506
RETRIEVE,93093,254297,161204
DELETE,3814953,5040882,1225929
RETRIEVE,5808012,6084080,276068
RETRIEVE,7397433,7610297,212864
RETRIEVE,752293,980467,228174
RETRIEVE,4346601,4486185,139584
DELETE,7171952,8058237,886285
RETRIEVE,7413658,7630838,217180
ADD,7995054,9068944,1073890
DELETE,204058,707739,503681
DELETE,3671098,4605540,934442
DELETE,7413839,8262214,848375
RETRIEVE,1646326,1786508,140182
DELETE,719600,1902857,1183257
ADD,4165846,4971095,805249
DELETE,3529157,4449924,920767
RETRIEVE,6630898,6946950,316052
RETRIEVE,3111895,3333427,221532
RETRIEVE,2661502,2824472,162970
ADD,3004032,4409627,1405595
DELETE,7404811,8308958,904147
RETRIEVE,7572573,7729039,156466
ADD,2740422,3673187,932765
RETRIEVE,6678545,6757133,78588
RETRIEVE,5328814,5457682,128868
DELETE,2324122,3454553,1130431
ADD,5520437,6673965,1153528
DELETE,1871850,2572095,700245
DELETE,2909338,3610139,700801
ADD,5808608,6778329,969721
DELETE,5641836,6344740,702904
DELETE,8771862,9482428,710566
DELETE,4160082,4786462,626380
DELETE,1435276,2202670,767394
RETRIEVE,9428946,9544528,115582
DELETE,462364,1108458,646094
RETRIEVE,1038914,1254754,215840
RETRIEVE,1035763,1302045,266282
DELETE,7173276,8385624,1212348
ADD,5421688,6458076,1036388
DELETE,1342788,2637441,1294653
RETRIEVE,4038064,4211542,173478
ADD,1006717,1845985,839268
ADD,7006207,7994595,988388
RETRIEVE,5039763,5291355,251592
RETRIEVE,1816051,1976353,160302
RETRIEVE,7541614,7721818,180204
DELETE,7484104,8429061,944957
RETRIEVE,8614365,8842785,228420
DELETE,4661502,5164525,503023
DELETE,6088692,7386115,1297423
DELETE,4623101,6143548,1520447
RETRIEVE,3688625,3839239,150614
RETRIEVE,1175787,1413273,237486
RETRIEVE,1478552,1581764,103212
ADD,5683867,6608868,925001
DELETE,7575661,8768683,1193022
ADD,6502545,7531113,1028568
ADD,8267676,9083505,815829
ADD,441054,912726,471672
ADD,4820023,5906911,1086888
RETRIEVE,5750591,6018677,268086
ADD,1895929,2818086,922157
RETRIEVE,2144963,2460433,315470
RETRIEVE,5597712,5780976,183264
RETRIEVE,8618213,8737807,119594
DELETE,5478552,6414578,936026
DELETE,7599206,8383461,784255
ADD,3634912,4998826,1363914
DELETE,8815003,9725727,910724
DELETE,409994,1385857,975863
RETRIEVE,476448,795518,319070
ADD,4038566,4572412,533846
RETRIEVE,2809234,2993992,184758
DELETE,3171952,4008264,836312
RETRIEVE,9031504,9162804,131300
RETRIEVE,5016406,5214392,197986
ADD,5755776,6610182,854406
ADD,4746093,5435925,689832
DELETE,630898,1416969,786071
RETRIEVE,8281175,8561747,280572
ADD,6312623,7290617,977994
ADD,1350520,2352509,1001989
ADD,3698417,4761736,1063319
ADD,4252520,4862761,610241
DELETE,2059663,3162671,1103008
DELETE,4946197,5816334,870137
ADD,2836034,3782288,946254
RETRIEVE,8476448,8704400,227952
DELETE,4111552,4712779,601227
DELETE,1748223,3643612,1895389
ADD,840489,1807263,966774
RETRIEVE,5599206,5780340,181134
RETRIEVE,288295,539161,250866
DELETE,71569,936453,864884
ADD,8205617,8643798,438181
RETRIEVE,1633896,1764320,130424
RETRIEVE,490712,671214,180502
ADD,394242,1091912,697670
RETRIEVE,7004259,7126365,122106
RETRIEVE,247308,462900,215592
RETRIEVE,9336496,9543014,206518
RETRIEVE,5415714,5572678,156964
ADD,5473489,6591534,1118045
RETRIEVE,9035936,9210946,175010
ADD,4257255,5608125,1350870
DELETE,4353508,5092219,738711
RETRIEVE,5861196,6060566,199370
ADD,1725533,2627178,901645
RETRIEVE,3189874,3340736,150862
RETRIEVE,3136709,3516725,380016
RETRIEVE,4421493,4548961,127468
ADD,6353508,7280028,926520
DELETE,8090872,8874599,783727
RETRIEVE,5616503,6006313,389810
DELETE,5519198,6175409,656211
DELETE,6367859,7057478,689619
ADD,1519198,2070832,551634
DELETE,3175499,3886574,711075
RETRIEVE,6744433,6886417,141984
RETRIEVE,660287,755245,94958
ADD,4606842,5583780,976938
RETRIEVE,5593534,5771796,178262
RETRIEVE,403598,613612,210014
RETRIEVE,2923752,3145396,221644
DELETE,3938538,4944835,1006297
DELETE,6753394,7910525,1157131
DELETE,2840489,3659884,819395
ADD,8410154,9348607,938453
DELETE,4207701,5374356,1166655
RETRIEVE,5728746,6082704,353958
RETRIEVE,458788,702014,243226
RETRIEVE,3609980,3781950,171970
DELETE,2620561,3461042,840481
DELETE,4589213,5543212,953999
RETRIEVE,317540,610476,292936
DELETE,3302120,4185663,883543
RETRIEVE,872914,1118444,245530
RETRIEVE,7584052,7814186,230134
RETRIEVE,3556939,3704751,147812
RETRIEVE,8736935,9004681,267746
ADD,1548519,2873819,1325300
ADD,2746208,4034978,1288770
ADD,1029286,2356411,1327125
DELETE,1740552,2503934,763382
RETRIEVE,9157293,9346183,188890
DELETE,6989473,7915178,925705
RETRIEVE,909953,1212159,302206
RETRIEVE,3066821,3225061,158240
ADD,6890513,7961374,1070861
RETRIEVE,7337483,7613519,276036
DELETE,1268706,2278588,1009882
RETRIEVE,2977175,3123123,145948
DELETE,3732864,4516202,783338
RETRIEVE,8136293,8299813,163520
ADD,154088,1106419,952331
RETRIEVE,5514458,5686508,172050
RETRIEVE,7222314,7374516,152202
RETRIEVE,2474919,2698043,223124
DELETE,912779,1454574,541795
RETRIEVE,7733930,7960360,226430
ADD,8940565,9621623,681058
ADD,8122118,8840762,718644
RETRIEVE,6646785,6869185,222400
RETRIEVE,8641049,8871371,230322
ADD,2943081,3933619,990538
RETRIEVE,314299,505555,191256
ADD,8692454,9505466,813012
RETRIEVE,4458788,4583502,124714
RETRIEVE,4355089,4498835,143746
RETRIEVE,6282580,6494650,212070
ADD,4772612,4815099,42487
RETRIEVE,7807078,8065296,258218
ADD,560360,1296144,735784
RETRIEVE,8535646,8825086,289440
ADD,3596933,4726095,1129162
RETRIEVE,1995390,2229368,233978
ADD,4266631,5117905,851274
DELETE,5511976,6327073,815097
RETRIEVE,4355226,4648112,292886
DELETE,8572440,9584471,1012031
RETRIEVE,234414,504158,269744
DELETE,3614156,4638240,1024084
RETRIEVE,4976687,5117613,140926
DELETE,341720,341720,0
DELETE,1065248,2201886,1136638
RETRIEVE,6398751,6557339,158588
RETRIEVE,4931166,5107328,176162
RETRIEVE,9156781,9272939,116158
RETRIEVE,9140474,9233148,92674
RETRIEVE,1187423,1437677,250254
DELETE,847019,2011451,1164432
DELETE,5139345,6219600,1080255
DELETE,911455,1800584,889129
ADD,4032666,5062800,1030134
ADD,6759217,7858918,1099701
ADD,9433428,9830994,397566
DELETE,3595783,4551561,955778
ADD,3352169,4214755,862586
RETRIEVE,6672749,6806425,133676
DELETE,1559448,2395047,835599
DELETE,4344621,5527350,1182729
RETRIEVE,5842313,6059431,217118
DELETE,8668061,9493358,825297
DELETE,3646342,5066371,1420029
ADD,7192628,7919036,726408
RETRIEVE,4525813,4710085,184272
RETRIEVE,4499756,4654598,154842
RETRIEVE,5684086,5800276,116190
DELETE,4783266,5915865,1132599
DELETE,775368,2233557,1458189
RETRIEVE,2472008,2613470,141462
RETRIEVE,1805808,2043046,237238
ADD,907245,1977856,1070611
RETRIEVE,7731611,7893523,161912
RETRIEVE,1387824,1550700,162876
DELETE,6998406,7651754,653348
RETRIEVE,2931299,3197161,265862
ADD,8788951,9783639,994688
DELETE,4123668,5299634,1175966
ADD,7876245,8914263,1038018
DELETE,507811,1471788,963977
RETRIEVE,3195520,3354482,158962
DELETE,7392101,8060662,668561
ADD,3745700,4421932,676232
RETRIEVE,770519,895669,125150
DELETE,5884526,6825240,940714
ADD,4001629,4974490,972861
DELETE,5570125,6697184,1127059
DELETE,2859010,3508606,649596
ADD,5535310,6896491,1361181
RETRIEVE,5917075,6095129,178054
RETRIEVE,8404581,8608607,204026
RETRIEVE,8720056,8844196,124140
DELETE,5299841,6363661,1063820
RETRIEVE,2107082,2329030,221948
RETRIEVE,1505846,1661380,155534
RETRIEVE,7447579,7623859,176280
DELETE,1616503,3141387,1524884
ADD,6158347,7596275,1437928
DELETE,2463702,3406111,942409
ADD,421677,1490694,1069017
DELETE,3386066,4250505,864439
RETRIEVE,6388114,6575644,187530
DELETE,913716,1723708,809992
ADD,1543129,2497730,954601
ADD,577681,1551098,973417
ADD,6249832,7262984,1013152
RETRIEVE,352069,509533,157464
DELETE,1792808,2789655,996847
RETRIEVE,3479644,3707412,227768
DELETE,2631,897198,894567
RETRIEVE,3403495,3571719,168224
RETRIEVE,186343,325085,138742
DELETE,6460842,7418250,957408
ADD,7267638,8165615,897977
RETRIEVE,2354465,2571261,216796
DELETE,7493131,8221114,727983
DELETE,7052024,8109618,1057594
DELETE,4745196,5539012,793816
RETRIEVE,2822756,3119398,296642
RETRIEVE,5847343,6037977,190634
DELETE,8721878,9626117,904239
DELETE,586778,1514392,927614
RETRIEVE,1626379,1949967,323588
RETRIEVE,7146114,7388368,242254
DELETE,7309204,8180740,871536
DELETE,1076620,1889790,813170
RETRIEVE,5466016,5599800,133784
DELETE,8398751,9601630,1202879
DELETE,389411,1222370,832959
DELETE,3633684,5027078,1393394
DELETE,5895117,6918924,1023807
ADD,3168396,4323054,1154658
ADD,1618117,2504300,886183
DELETE,7468592,8589703,1121111
DELETE,1706719,2725152,1018433
RETRIEVE,9563474,9779898,216424
RETRIEVE,4455829,4690755,234926
RETRIEVE,7640923,7756865,115942
ADD,3669674,4615789,946115
RETRIEVE,5511690,5712028,200338
DELETE,8234926,8661814,426888
RETRIEVE,3940371,4226115,285744
RETRIEVE,9018173,9177341,159168
ADD,1122090,2063915,941825
RETRIEVE,1827394,1995302,167908
RETRIEVE,4179242,4312452,133210
RETRIEVE,5586523,5700083,113560
ADD,3857893,4601162,743269
DELETE,1522103,2645558,1123455
RETRIEVE,4949225,5176641,227416
RETRIEVE,6778097,6936755,158658
ADD,1967454,2885748,918294
DELETE,5066632,6149972,1083340
DELETE,6032666,7086888,1054222
ADD,8437305,9331863,894558
ADD,3531622,4118479,586857
RETRIEVE,6446497,6644483,197986
DELETE,6553344,6980158,426814
RETRIEVE,604514,787928,183414
RETRIEVE,5853780,6059618,205838
RETRIEVE,6526577,6735041,208464
ADD,6387598,7456041,1068443
DELETE,256951,1076698,819747
ADD,759217,1547567,788350
RETRIEVE,3706346,3887116,180770
RETRIEVE,8974924,9168962,194038
RETRIEVE,7175382,7373252,197870
ADD,6581524,7115389,533865
RETRIEVE,427680,699902,272222
DELETE,3716957,4541503,824546
DELETE,500152,1278636,778484
DELETE,2459057,3406256,947199
RETRIEVE,4145149,4331545,186396
ADD,535580,1431972,896392
DELETE,344621,1031071,686450
DELETE,1970663,3097138,1126475
ADD,5676611,6421993,745382
DELETE,1452280,2620482,1168202
DELETE,1163822,1859944,696122
RETRIEVE,3027772,3218480,190708
RETRIEVE,3978912,4218612,239700
DELETE,4065395,4546573,481178
RETRIEVE,7188823,7385993,197170
RETRIEVE,2179242,2411856,232614
ADD,3443656,4533917,1090261
RETRIEVE,1757429,1915625,158196
DELETE,7674739,9010221,1335482
ADD,3475919,4050733,574814
ADD,396597,1869230,1472633
RETRIEVE,3887169,4044377,157208
DELETE,6421493,7294205,872712
ADD,1597067,2378385,781318
RETRIEVE,7525513,7649559,124046
ADD,8996894,9804737,807843
DELETE,441541,1752639,1311098
RETRIEVE,4918826,5197008,278182
DELETE,2263356,3393481,1130125
ADD,7728746,9497934,1769188
RETRIEVE,2762954,3013648,250694
ADD,6963419,7866398,902979
ADD,1907135,2012555,105420
DELETE,109520,859330,749810
RETRIEVE,1592590,1856146,263556
RETRIEVE,8862466,9109630,247164
RETRIEVE,1328125,1468389,140264
RETRIEVE,1532874,1680256,147382
ADD,3173717,4176716,1002999
RETRIEVE,4615823,4773829,158006
DELETE,7476974,8684272,1207298
DELETE,6932142,7608503,676361
RETRIEVE,9162009,9381661,219652
DELETE,6215911,7070400,854489
ADD,5027914,5999126,971212
RETRIEVE,2380109,2588791,208682
DELETE,7095218,8236516,1141298
RETRIEVE,2785865,2988599,202734
DELETE,6721878,7696731,974853
ADD,2166235,2945562,779327
RETRIEVE,2996894,3161760,164866
DELETE,3061150,4604526,1543376
RETRIEVE,6499909,6787121,287212
ADD,8143065,9168613,1025548
DELETE,1889414,3277156,1387742
RETRIEVE,1233698,1392718,159020
RETRIEVE,8922748,9114878,192130
DELETE,4107082,5111785,1004703
ADD,2720654,4814033,2093379
ADD,6956904,8158412,1201508
DELETE,1348721,2503675,1154954
RETRIEVE,4641049,4849847,208798
RETRIEVE,2168764,2335822,167058
ADD,5548519,7170958,1622439
RETRIEVE,5326782,5492298,165516
ADD,5178285,6549648,1371363
ADD,898976,2142156,1243180
RETRIEVE,2666100,2900868,234768
RETRIEVE,2363145,2380985,17840
DELETE,6000158,6923955,923797
RETRIEVE,7822200,7992180,169980
DELETE,1389640,2210823,821183
RETRIEVE,6866204,7121120,254916
RETRIEVE,5627639,5743511,115872
ADD,3835275,5182541,1347266
RETRIEVE,4812906,5124838,311932
ADD,7818605,8562263,743658
DELETE,3101070,4302374,1201304
RETRIEVE,6993970,7208900,214930
DELETE,7372689,8390446,1017757
DELETE,4745937,5981057,1235120
RETRIEVE,8451553,8713017,261464
RETRIEVE,2770519,2925851,155332
RETRIEVE,1615295,1779955,164660
ADD,4753394,5833621,1080227
RETRIEVE,8297721,8480949,183228
DELETE,1319835,2114754,794919
ADD,2912987,3797243,884256
ADD,6863499,8219084,1355585
DELETE,7857893,8521451,663558
RETRIEVE,4115571,4335823,220252
DELETE,3283735,4299500,1015765
RETRIEVE,2160082,2288670,128588
RETRIEVE,8193490,8413740,220250
DELETE,7653124,8963869,1310745
RETRIEVE,799028,996406,197378
ADD,8399992,9639207,1239215
ADD,6487482,7249345,761863
RETRIEVE,4913716,5043338,129622
DELETE,5320209,6184417,864208
ADD,7908777,8991200,1082423
ADD,4340609,5036620,696011
ADD,1109581,1828772,719191
ADD,2230751,2826882,596131
DELETE,4001309,5043969,1042660
ADD,1933027,2307043,374016
ADD,2775821,3671204,895383
RETRIEVE,7739214,7958670,219456
RETRIEVE,5065248,5322582,257334
ADD,5257413,5979124,721711
RETRIEVE,1468592,1741730,273138
ADD,8047192,8678222,631030
ADD,7496913,8331150,834237
RETRIEVE,205617,350321,144704
DELETE,5064768,6068906,1004138
RETRIEVE,1066680,1257696,191016
ADD,3523417,4532660,1009243
DELETE,2016692,3145789,1129097
DELETE,5015384,6055116,1039732
RETRIEVE,3933027,4104141,171114
ADD,1549350,2124089,574739
RETRIEVE,3212177,3476465,264288
DELETE,2706567,3480919,774352
ADD,3843123,4911918,1068795
ADD,5498898,6691846,1192948
RETRIEVE,1882629,2045747,163118
ADD,7887104,9512183,1625079
RETRIEVE,1009122,1269850,260728
RETRIEVE,6829493,6941095,111602
RETRIEVE,1060361,1211533,151172
DELETE,8560360,9427690,867330
RETRIEVE,8629308,8818672,189364
RETRIEVE,9052002,9271420,219418
DELETE,3251513,3553887,302374
RETRIEVE,6753305,6879563,126258
DELETE,4018772,4924670,905898
RETRIEVE,6443403,6617903,174500
DELETE,6764844,7832657,1067813
ADD,1484515,2326757,842242
ADD,2626458,3353904,727446
RETRIEVE,6566930,6734444,167514
DELETE,60592,1233093,1172501
RETRIEVE,9629178,9789326,160148
ADD,4224080,5572328,1348248
RETRIEVE,2643902,2887368,243466
ADD,2546418,3033562,487144
RETRIEVE,7646326,7841264,194938
RETRIEVE,1145286,1432536,287250
DELETE,1591564,2240076,648512
ADD,3980521,5039468,1058947
ADD,5249971,5983383,733412
RETRIEVE,6342151,6544835,202684
RETRIEVE,6930254,7173306,243052
ADD,8534648,9159249,624601
DELETE,1846062,2575240,729178
ADD,8561223,9559673,998450
DELETE,1929517,3158902,1229385
DELETE,3021782,3993059,971277
DELETE,3372689,4363273,990584
ADD,5595783,7175995,1580212
DELETE,6496854,7327117,830263
RETRIEVE,5329284,5597744,268460
ADD,7684659,8447930,763271
DELETE,8346601,9452602,1106001
ADD,7878508,8135328,256820
RETRIEVE,4088919,4248443,159524
DELETE,1567891,2405815,837924
DELETE,7591436,8427961,836525
ADD,6060592,7507127,1446535
DELETE,3029286,4292023,1262737
ADD,7285719,8582160,1296441
ADD,1440239,2094560,654321
DELETE,5369235,6017071,647836
RETRIEVE,9027914,9216718,188804
ADD,1138727,2088362,949635
RETRIEVE,5902720,6135482,232762
ADD,6302797,7203331,900534
RETRIEVE,1680143,1785021,104878
ADD,938971,1817224,878253
ADD,2971856,4107698,1135842
RETRIEVE,7497012,7743044,246032
RETRIEVE,5157293,5311497,154204
RETRIEVE,6900510,7123988,223478
RETRIEVE,5029227,5236307,207080
DELETE,6366926,7272379,905453
ADD,1511690,2574370,1062680
RETRIEVE,3948995,4297703,348708
RETRIEVE,9292610,9443600,150990
ADD,7289646,8433752,1144106
DELETE,5525513,6239108,713595
RETRIEVE,4176863,4458247,281384
RETRIEVE,9612727,9763121,150394
ADD,8694157,9536121,841964
RETRIEVE,8566338,8861030,294692
RETRIEVE,4348219,4497733,149514
ADD,5305079,6403965,1098886
ADD,9014937,9715886,700949
DELETE,5424398,5658038,233640
RETRIEVE,7927616,8112694,185078
DELETE,4102946,5065107,962161
RETRIEVE,772142,1037530,265388
RETRIEVE,1104050,1293724,189674
ADD,1257096,2167811,910715
ADD,929879,1792715,862836
RETRIEVE,6325813,6543777,217964
RETRIEVE,5175923,5521449,345526
RETRIEVE,7517033,7634963,117930
RETRIEVE,8812546,9058572,246026
ADD,4993970,5735738,741768
RETRIEVE,4481793,4744275,262482
RETRIEVE,6741803,6945245,203442
ADD,3418903,4273059,854156
ADD,5680143,6860936,1180793
DELETE,4099079,4591105,492026
RETRIEVE,2260694,2428956,168262
RETRIEVE,613733,799041,185308
DELETE,7222120,8197918,975798
RETRIEVE,1333362,1583946,250584
RETRIEVE,6688924,6762228,73304
DELETE,6142168,7394158,1251990
DELETE,2954495,3714839,760344
RETRIEVE,7046688,7225206,178518
RETRIEVE,1933989,2149413,215424
DELETE,5314558,6150880,836322
ADD,7477734,8233075,755341
ADD,2158347,3298561,1140214
RETRIEVE,8586798,8758658,171860
ADD,2666071,3027098,361027
ADD,7035763,8253206,1217443
DELETE,4343313,5392615,1049302
DELETE,5787005,6768028,981023
RETRIEVE,4444865,4615633,170768
RETRIEVE,4266939,4422993,156054
RETRIEVE,7787005,7970717,183712
DELETE,752040,1422509,670469
RETRIEVE,8949225,9139195,189970
DELETE,6743932,7605666,861734
ADD,5317088,6647520,1330432
RETRIEVE,8394506,8476120,81614
RETRIEVE,6141282,6346830,205548
RETRIEVE,4495943,4650605,154662
RETRIEVE,1242235,1494237,252002
ADD,5645674,6943848,1298174
RETRIEVE,8130612,8269418,138806
RETRIEVE,6686911,6900083,213172
RETRIEVE,2882556,3028662,146106
ADD,4174109,5512907,1338798
RETRIEVE,8310330,8661444,351114
DELETE,6359577,7237931,878354
ADD,1158795,2093755,934960
RETRIEVE,6831917,6950303,118386
RETRIEVE,5646326,5840728,194402
ADD,234926,1265005,1030079
RETRIEVE,4786853,4993143,206290
ADD,8496536,9763961,1267425
DELETE,3706719,4834074,1127355
DELETE,6653002,7487545,834543
RETRIEVE,5381826,5521498,139672
RETRIEVE,8698405,8922983,224578
RETRIEVE,1652773,1866691,213918
RETRIEVE,3504798,3706644,201846
ADD,5591436,6601679,1010243
ADD,5180985,6014101,833116
RETRIEVE,6878865,6966855,87990
RETRIEVE,7256063,7512979,256916
RETRIEVE,9514831,9702237,187406
ADD,686831,1815558,1128727
DELETE,6703885,7331098,627213
DELETE,4636111,5012350,376239
ADD,1346729,2155711,808982
RETRIEVE,9280775,9469025,188250
DELETE,4587710,5637837,1050127
ADD,463702,1195595,731893
RETRIEVE,3275501,3480011,204510
DELETE,6912510,7863868,951358
DELETE,8348219,9209471,861252
RETRIEVE,8343908,8518858,174950
ADD,263867,1091434,827567
RETRIEVE,4047213,4252383,205170
RETRIEVE,7843123,8071437,228314
RETRIEVE,2577097,2736805,159708
ADD,1575661,2296399,720738
ADD,2763342,3665534,902192
DELETE,2096416,3132794,1036378
ADD,6283370,7205740,922370
RETRIEVE,8512554,8695018,182464
ADD,6039893,6476018,436125
RETRIEVE,3115717,3298625,182908
RETRIEVE,5146805,5173667,26862
ADD,3933156,4623812,690656
DELETE,8255147,8798498,543351
DELETE,8444336,9115222,670886
RETRIEVE,4255927,4424779,168852
DELETE,6074290,7201720,1127430
ADD,1116932,2099308,982376
ADD,175088,712566,537478
DELETE,4202476,4738397,535921
DELETE,7884526,8951403,1066877
DELETE,7488297,8915256,1426959
DELETE,812546,1478476,665930
RETRIEVE,9404811,9662235,257424
RETRIEVE,3826869,4103497,276628
RETRIEVE,1285699,1633535,347836
RETRIEVE,328857,494199,165342
RETRIEVE,9499992,9599818,99826
ADD,2672749,3778676,1105927
RETRIEVE,9493131,9679701,186570
DELETE,7066632,7853926,787294
DELETE,6545890,7669706,1123816
ADD,7504863,8259018,754155
DELETE,5365853,6243930,878077
ADD,7397370,8276188,878818
ADD,8417811,9322893,905082
DELETE,6394242,6960199,565957
RETRIEVE,2009092,2259370,250278
RETRIEVE,5405489,5630905,225416
DELETE,7540408,8327906,787498
RETRIEVE,3229470,3403462,173992
DELETE,3041530,4147586,1106056
RETRIEVE,4171960,4391702,219742
ADD,7990546,8650000,659454
DELETE,8661502,9717512,1056010
RETRIEVE,8017770,8135050,117280
RETRIEVE,8366926,8573310,206384
RETRIEVE,8547393,8823627,276234
RETRIEVE,6931299,7203835,272536
DELETE,4925381,5927184,1001803
ADD,973379,2026137,1052758
DELETE,6138305,8516974,2378669
RETRIEVE,4866204,5109826,243622
ADD,6632277,7779551,1147274
ADD,6557340,7612081,1054741
RETRIEVE,2699509,2943967,244458
ADD,3105850,3956772,850922
RETRIEVE,7697795,7883099,185304
DELETE,4288904,5144755,855851
ADD,152222,816864,664642
RETRIEVE,7384874,7599744,214870
ADD,8548226,9833263,1285037
RETRIEVE,7867125,8073495,206370
RETRIEVE,2761681,2948963,187282
RETRIEVE,2325813,2514625,188812
RETRIEVE,559990,787278,227288
RETRIEVE,5517033,5785303,268270
ADD,255147,1040125,784978
RETRIEVE,2909424,3081094,171670
RETRIEVE,4760646,4939354,178708
RETRIEVE,6736871,6931405,194534
DELETE,1695385,2329584,634199
ADD,592091,1736799,1144708
RETRIEVE,9601934,9845182,243248
ADD,2142900,2928489,785589
DELETE,2743932,2955986,212054
DELETE,2630993,3735437,1104444
RETRIEVE,3881182,4140512,259330
RETRIEVE,6928823,7097813,168990
RETRIEVE,6995680,7184500,188820
DELETE,6409560,6967614,558054
DELETE,8771148,9552578,781430
DELETE,2744433,3499941,755508
RETRIEVE,3314003,3600911,286908
DELETE,6161074,6816266,655192
DELETE,5537747,6106705,568958
ADD,6245000,7245886,1000886
RETRIEVE,3708966,3999376,290410
ADD,6059301,6981143,921842
ADD,2160345,3696152,1535807
DELETE,1431555,2347505,915950
RETRIEVE,3175923,3416353,240430
RETRIEVE,5295462,5503592,208130
ADD,7438478,8442922,1004444
DELETE,1309,906901,905592
RETRIEVE,2988119,3203305,215186
RETRIEVE,2782787,2961205,178418
RETRIEVE,6161752,6333054,171302
ADD,5868267,6614890,746623
RETRIEVE,7340006,7543412,203406
ADD,2765083,3750322,985239
DELETE,257255,1544330,1287075
RETRIEVE,7156781,7251375,94594
ADD,6913716,7720225,806509
ADD,7715705,8310650,594945
RETRIEVE,4090920,4284542,193622
DELETE,6569498,7868811,1299313
RETRIEVE,5168441,5326559,158118
DELETE,8966971,9839841,872870
DELETE,603469,1200953,597484
RETRIEVE,8652827,8935727,282900
RETRIEVE,9187568,9382736,195168
RETRIEVE,7270446,7464240,193794
ADD,4872367,5581701,709334
DELETE,8867397,9485439,618042
DELETE,977634,1682697,705063
ADD,445946,1461692,1015746
RETRIEVE,1732864,1870866,138002
ADD,1466016,2547132,1081116
RETRIEVE,2869537,3158285,288748
DELETE,8909543,9649542,739999
ADD,966355,2437264,1470909
RETRIEVE,1442470,1598614,156144
ADD,3605212,4687320,1082108
RETRIEVE,4495481,4733741,238260
RETRIEVE,7755776,7968016,212240
DELETE,2455829,3735140,1279311
RETRIEVE,967871,1288485,320614
RETRIEVE,2938971,3122991,184020
ADD,5116523,6341776,1225253
RETRIEVE,9042370,9210688,168318
ADD,6424069,7497913,1073844
ADD,3298405,4140313,841908
DELETE,3813859,4984618,1170759
DELETE,2890505,3884600,994095
RETRIEVE,9439242,9625838,186596
ADD,38145,650406,612261
RETRIEVE,3904645,4145477,240832
RETRIEVE,4110271,4329251,218980
ADD,6640454,7560100,919646
ADD,2992484,4075055,1082571
RETRIEVE,1545505,1796463,250958
DELETE,6843346,7913373,1070027
ADD,8387598,9319492,931894
DELETE,845536,1297910,452374
RETRIEVE,3665366,3883862,218496
RETRIEVE,9139345,9318351,179006
DELETE,6772263,7589889,817626
DELETE,6931215,7946961,1015746
ADD,7755466,8599635,844169
RETRIEVE,7482366,7641834,159468
ADD,6974659,8283755,1309096
DELETE,3667748,4857166,1189418
DELETE,170806,1092138,921332
DELETE,1702258,2650846,948588
DELETE,7919503,8772992,853489
DELETE,2082764,3122274,1039510
DELETE,4312623,5054605,741982
RETRIEVE,267526,477472,209946
RETRIEVE,568034,724372,156338
RETRIEVE,6741031,6856171,115140
RETRIEVE,2292049,2608773,316724
RETRIEVE,3591564,3790054,198490
ADD,4630898,5337517,706619
DELETE,8328013,9013843,685830
RETRIEVE,3257172,3601892,344720
RETRIEVE,4566930,4833486,266556
DELETE,544890,1260468,715578
RETRIEVE,2719605,3002437,282832
ADD,3195515,4265746,1070231
RETRIEVE,9633896,9790490,156594
ADD,3695130,4527301,832171
ADD,4121454,5326307,1204853
RETRIEVE,5302120,5470264,168144
RETRIEVE,2976711,3171809,195098
RETRIEVE,6626458,6773586,147128
ADD,6293799,7104125,810326
RETRIEVE,1540093,1775793,235700
RETRIEVE,4482388,4775916,293528
DELETE,1338471,2203781,865310
DELETE,1885133,2747256,862123
ADD,409560,978481,568921
RETRIEVE,626485,748671,122186
RETRIEVE,2952632,3238568,285936
RETRIEVE,9667748,9803550,135802
DELETE,7805455,8619421,813966
ADD,7559001,8308209,749208
DELETE,8211766,9432137,1220371
DELETE,2702670,3661384,958714
RETRIEVE,1213701,1341013,127312
DELETE,1370465,2543392,1172927
DELETE,2866204,3848997,982793
RETRIEVE,5397370,5661716,264346
ADD,8495481,9155741,660260
RETRIEVE,6787658,7039466,251808
DELETE,8424069,8899382,475313
ADD,7907890,9071692,1163802
RETRIEVE,4867397,5109729,242332
ADD,5405682,6585484,1179802
ADD,8113291,9059035,945744
RETRIEVE,7111110,7340254,229144
ADD,2591915,3560709,968794
ADD,7519239,8697290,1178051
DELETE,8647779,9476263,828484
RETRIEVE,6224112,6513998,289886
ADD,136293,963072,826779
ADD,5127625,6064132,936507
DELETE,5347811,6392879,1045068
ADD,252801,1344757,1091956
RETRIEVE,5633896,5819302,185406
RETRIEVE,9523663,9839973,316310
ADD,109837,1024054,914217
DELETE,4777190,5577945,800755
RETRIEVE,9498151,9700791,202640
DELETE,5721721,6259236,537515
RETRIEVE,4314790,4460750,145960
RETRIEVE,4324122,4526518,202396
ADD,5923370,6730453,807083
RETRIEVE,7680143,7897447,217304
ADD,7634912,8512655,877743
ADD,3063830,3851828,787998
RETRIEVE,7001769,7174669,172900
RETRIEVE,8391001,8568125,177124
RETRIEVE,5907368,6068840,161472
RETRIEVE,7299841,7403271,103430
ADD,1667748,2602078,934330
RETRIEVE,5075213,5267435,192222
RETRIEVE,3739214,4005432,266218
ADD,3136752,4012216,875464
ADD,3708627,4396171,687544
ADD,3323035,4460804,1137769
ADD,4771862,5746224,974362
RETRIEVE,6931009,7127227,196218
DELETE,8929874,9726358,796484
DELETE,7272787,8095620,822833
ADD,114730,1050858,936128
RETRIEVE,5724910,5796330,71420
ADD,8363196,9297341,934145
ADD,496702,1858254,1361552
RETRIEVE,588680,790664,201984
ADD,8504667,9343397,838730
DELETE,7484515,8518272,1033757
ADD,8911201,9576047,664846
RETRIEVE,574741,794589,219848
DELETE,2792331,3963971,1171640
ADD,1405489,2452364,1046875
DELETE,4742746,5433616,690870
DELETE,997297,1927180,929883
RETRIEVE,2686831,2837177,150346
RETRIEVE,7449091,7582853,133762
RETRIEVE,3039763,3317281,277518
ADD,6676624,7603811,927187
RETRIEVE,9133467,9395999,262532
RETRIEVE,5311370,5546202,234832
RETRIEVE,2193490,2342832,149342
RETRIEVE,1721721,1923681,201960
RETRIEVE,191124,392090,200966
RETRIEVE,1634912,1824084,189172
RETRIEVE,3387929,3675891,287962
DELETE,2058687,2762740,704053
RETRIEVE,4624497,4936117,311620
RETRIEVE,1381826,1591406,209580
ADD,4898977,5698685,799708
ADD,6411035,7962508,1551473
RETRIEVE,2189901,2408735,218834
DELETE,5456741,6153836,697095
ADD,447068,1576665,1129597
ADD,8650137,9800190,1150053
ADD,9042442,9739389,696947
RETRIEVE,5978912,6168680,189768
RETRIEVE,1825555,2050031,224476
ADD,8191124,9566813,1375689
RETRIEVE,4682336,4900082,217746
DELETE,4526026,5756273,1230247
ADD,101171,1470069,1368898
ADD,3662738,4734979,1072241
RETRIEVE,9595783,9742715,146932
DELETE,3064132,3944441,880309
DELETE,3001769,3279768,277999
ADD,3538105,4362475,824370
ADD,5389640,6460010,1070370
RETRIEVE,6288904,6428718,139814
ADD,1292496,2001218,708722
DELETE,2668061,3729963,1061902
RETRIEVE,6663412,6800818,137406
ADD,7810936,8967919,1156983
DELETE,3636331,4459441,823110
DELETE,4995158,6028507,1033349
RETRIEVE,4453721,4667833,214112
RETRIEVE,8277213,8474233,197020
RETRIEVE,8389771,8646355,256584
RETRIEVE,8833930,8989122,155192
RETRIEVE,4092330,4264504,172174
RETRIEVE,4380365,4661495,281130
RETRIEVE,952632,1178760,226128
ADD,5695845,6522226,826381
ADD,3597712,3903588,305876
DELETE,588982,1284474,695492
ADD,7774598,8789464,1014866
RETRIEVE,8481005,8607881,126876
RETRIEVE,4833899,5053021,219122
RETRIEVE,4241276,4363210,121934
RETRIEVE,384660,485834,101174
ADD,715144,1758971,1043827
ADD,7323035,8444007,1120972
RETRIEVE,9492966,9802338,309372
RETRIEVE,5903373,6026513,123140
ADD,7755412,8450627,695215
RETRIEVE,9222120,9236718,14598
RETRIEVE,2081465,2315457,233992
DELETE,4760648,5644441,883793
RETRIEVE,389771,507661,117890
DELETE,2039893,2982126,942233
DELETE,3506346,4463995,957649
DELETE,5748223,6445281,697058
RETRIEVE,7330932,7622492,291560
ADD,7837530,8682671,845141
DELETE,7110035,7779439,669404
DELETE,7601435,8386431,784996
RETRIEVE,9059419,9216789,157370
ADD,8063039,8744329,681290
RETRIEVE,5534638,5647856,113218
DELETE,6160345,7415550,1255205
DELETE,7431555,8438167,1006612
RETRIEVE,8831917,9076183,244266
DELETE,378551,1372952,994401
ADD,5011914,6036091,1024177
RETRIEVE,4258702,4528654,269952
RETRIEVE,9419113,9560733,141620
ADD,4442605,5307322,864717
ADD,331412,1152846,821434
DELETE,1669674,2653773,984099
ADD,3683996,4833188,1149192
ADD,7538011,8630995,1092984
DELETE,2451712,3212399,760687
RETRIEVE,5605212,5847336,242124
ADD,7284895,7872836,587941
DELETE,2870210,4034836,1164626
ADD,213779,907150,693371
RETRIEVE,1174445,1407037,232592
RETRIEVE,643902,846056,202154
RETRIEVE,4805903,4941687,135784
ADD,1694303,2574779,880476
DELETE,7546836,9059074,1512238
ADD,3667866,4685113,1017247
RETRIEVE,992484,1182526,190042
ADD,6967909,8100295,1132386
RETRIEVE,4704060,4834498,130438
RETRIEVE,3328125,3518669,190544
RETRIEVE,9071377,9347931,276554
RETRIEVE,4737409,5010059,272650
RETRIEVE,1901350,2048438,147088
RETRIEVE,3629178,3885970,256792
ADD,6556000,7716726,1160726
ADD,7919456,9066285,1146829
RETRIEVE,1435477,1660253,224776
RETRIEVE,5782658,5995642,212984
RETRIEVE,6950434,7070530,120096
ADD,7996821,8827176,830355
DELETE,8977634,9664677,687043
ADD,1101070,2346167,1245097
ADD,3930845,5097426,1166581
ADD,4307728,5417601,1109873
ADD,6714151,8012371,1298220
DELETE,1607185,2336706,729521
ADD,5761038,6580980,819942
RETRIEVE,4971856,5235810,263954
ADD,6966971,7653097,686126
DELETE,591915,1990339,1398424
ADD,19827,998265,978438
ADD,4997297,5993857,996560
RETRIEVE,5006207,5288335,282128
ADD,6409003,7368403,959400
ADD,3299841,4034763,734922
RETRIEVE,3213701,3371283,157582
DELETE,4396597,5413770,1017173
RETRIEVE,926781,1134443,207662
DELETE,5101136,5977017,875881
RETRIEVE,9534032,9707746,173714
DELETE,2623101,4191797,1568696
DELETE,3519198,4362505,843307
RETRIEVE,5107351,5293123,185772
RETRIEVE,7469017,7666773,197756
RETRIEVE,6159788,6446642,286854
DELETE,4637495,5419323,781828
DELETE,5621908,6618394,996486
RETRIEVE,5040809,5343571,302762
DELETE,4439663,4837470,397807
DELETE,5122427,6313550,1191123
DELETE,195323,1308300,1112977
ADD,4405700,5034498,628798
RETRIEVE,1684895,1897985,213090
RETRIEVE,2560360,2738304,177944
DELETE,8199951,9264781,1064830
ADD,476681,1225528,748847
DELETE,2215911,3171605,955694
ADD,1622977,2303646,680669
ADD,4799028,5592075,793047
ADD,6314678,7077449,762771
RETRIEVE,2753204,2997990,244786
RETRIEVE,4688924,4875190,186266
ADD,7825555,9137866,1312311
ADD,8305488,9485512,1180024
RETRIEVE,7992544,8244338,251794
RETRIEVE,9040809,9311727,270918
ADD,1380,730011,728631
RETRIEVE,3880622,4098666,218044
RETRIEVE,3540093,3734991,194898
RETRIEVE,7424398,7626342,201944
RETRIEVE,6439663,6615647,175984
RETRIEVE,7485686,7710086,224400
RETRIEVE,9059869,9371477,311608
RETRIEVE,3776254,3933010,156756
RETRIEVE,2038566,2192528,153962
DELETE,6186343,6528405,342062
RETRIEVE,1884258,2044256,159998
ADD,8418968,9428943,1009975
ADD,4977036,5886538,909502
DELETE,5001920,6167473,1165553
RETRIEVE,488857,682613,193756
RETRIEVE,7704978,7864318,159340
DELETE,4354465,5415793,1061328
DELETE,7938538,8953942,1015404
RETRIEVE,4681873,4930213,248340
DELETE,5650664,7056565,1405901
RETRIEVE,5161019,5350051,189032
RETRIEVE,2266939,2503499,236560
ADD,1812254,2749799,937545
ADD,2767278,3755333,988055
ADD,7923370,8386093,462723
ADD,1994736,2345628,350892
ADD,2745552,3853415,1107863
RETRIEVE,7009165,7105361,96196
RETRIEVE,353245,519327,166082
RETRIEVE,2359577,2449651,90074
RETRIEVE,9332529,9582751,250222
DELETE,8892840,9850128,957288
RETRIEVE,867397,992157,124760
RETRIEVE,4909809,5134517,224708
RETRIEVE,2787658,2920264,132606
RETRIEVE,5660661,5834529,173868
RETRIEVE,5039984,5215918,175934
DELETE,7940371,8648630,708259
ADD,6088919,6976065,887146
RETRIEVE,3627639,3782519,154880
ADD,4873125,5878606,1005481
RETRIEVE,954710,1146778,192068
DELETE,6760717,7980041,1219324
RETRIEVE,1632211,1955895,323684
ADD,3550685,4545068,994383
RETRIEVE,651145,867095,215950
DELETE,3742250,4719632,977382
RETRIEVE,5350204,5495092,144888
ADD,589213,1471551,882338
DELETE,4527820,5834257,1306437
RETRIEVE,5198449,5422857,224408
ADD,1869866,2632572,762706
DELETE,7465873,8426144,960271
RETRIEVE,455829,696987,241158
RETRIEVE,7079643,7276281,196638
DELETE,2570751,3820008,1249257
DELETE,4826063,5515941,689878
ADD,514730,1401663,886933
ADD,8678545,9348681,670136
ADD,4890505,5494465,603960
RETRIEVE,3148987,3360475,211488
DELETE,5009122,6231707,1222585
RETRIEVE,3075213,3212085,136872
RETRIEVE,8829493,9033673,204180
ADD,4836034,5634584,798550
DELETE,2890735,3991872,1101137
DELETE,2882345,3721631,839286
ADD,7914745,9072877,1158132
ADD,3630022,4688876,1058854
RETRIEVE,6893486,7090992,197506
DELETE,5459561,6557780,1098219
DELETE,5885205,6891826,1006621
ADD,3570125,4519251,949126
DELETE,6146862,7033907,887045
DELETE,6647779,7439715,791936
DELETE,1384874,2545526,1160652
ADD,7176065,8397232,1221167
DELETE,5009165,5776633,767468
RETRIEVE,5104050,5275264,171214
RETRIEVE,9062090,9248180,186090
ADD,1245508,2244338,998830
DELETE,8842160,9650994,808834
RETRIEVE,4301003,4506925,205922
DELETE,3792808,4734958,942150
RETRIEVE,5731170,5897808,166638
DELETE,367859,1497104,1129245
DELETE,5476974,6746122,1269148
DELETE,444625,1256034,811409
RETRIEVE,8310724,8428974,118250
RETRIEVE,3357498,3523656,166158
ADD,3704978,4725422,1020444
RETRIEVE,6045568,6303502,257934
DELETE,60690,951060,890370
DELETE,2550589,3859519,1308930
RETRIEVE,3359085,3613139,254054
ADD,2247308,3510832,1263524
RETRIEVE,8464167,8546963,82796
ADD,3233407,4123564,890157
DELETE,2214877,2953088,738211
DELETE,3764586,4982242,1217656
RETRIEVE,8342393,8590361,247968
ADD,3274125,3638580,364455
ADD,3097063,4292040,1194977
DELETE,4680200,5381557,701357
ADD,2453721,2975005,521284
RETRIEVE,6241276,6465716,224440
ADD,6457524,7329180,871656
RETRIEVE,3763136,3973612,210476
DELETE,283377,1152041,868664
DELETE,1052595,2468965,1416370
RETRIEVE,6550589,6748499,197910
RETRIEVE,2545283,2772585,227302
ADD,6263867,6547637,283770
DELETE,6306978,7495896,1188918
RETRIEVE,183834,365836,182002
DELETE,7591564,8281081,689517
RETRIEVE,9567891,9650705,82814
DELETE,1006499,2016455,1009956
RETRIEVE,7561261,7851703,290442
ADD,7039984,7872127,832143
DELETE,6760648,7264561,503913
DELETE,5108968,6658005,1549037
ADD,1292647,1836295,543648
ADD,8611244,9789582,1178338
DELETE,180053,1121369,941316
RETRIEVE,424008,670684,246676
RETRIEVE,3867125,4076629,209504
ADD,5534032,6518427,984395
DELETE,6918826,7870092,951266
RETRIEVE,3040809,3330677,289868
RETRIEVE,2692454,2960198,267744
RETRIEVE,9667866,9825918,158052
RETRIEVE,4514730,4755986,241256
ADD,2124835,3620935,1496100
DELETE,3816051,4750113,934062
RETRIEVE,9035763,9274361,238598
DELETE,2000695,2762058,761363
RETRIEVE,9372921,9557891,184970
ADD,6111552,7290733,1179181
DELETE,5262063,5931902,669839
ADD,3052002,4189409,1137407
RETRIEVE,5692841,5811293,118452
RETRIEVE,5442498,5676250,233752
ADD,2252520,2984366,731846
DELETE,3520437,4254368,733931
DELETE,5333362,5984320,650958
RETRIEVE,4526872,4763362,236490
RETRIEVE,2738824,2927366,188542
ADD,7548519,8860682,1312163
ADD,4560542,5512975,952433
RETRIEVE,4256951,4353703,96752
ADD,2680200,3576583,896383
RETRIEVE,6328857,6534447,205590
RETRIEVE,1002465,1205005,202540
RETRIEVE,4567810,4750536,182726
RETRIEVE,9158795,9343565,184770
RETRIEVE,4759217,5007691,248474
ADD,7534638,8460464,925826
DELETE,7567891,8466701,898810
ADD,8526577,9481345,954768
ADD,5237705,6173842,936137
ADD,629059,1548298,919239
RETRIEVE,2151458,2379432,227974
RETRIEVE,2124019,2380321,256302
RETRIEVE,5340006,5582920,242914
DELETE,2831917,4040707,1208790
ADD,4686911,5740327,1053416
ADD,6686631,7647624,960993
ADD,5258646,6331962,1073316
RETRIEVE,9299996,9562656,262660
ADD,7042442,7956622,914180
DELETE,2720883,3836862,1115979
DELETE,2945200,4379867,1434667
RETRIEVE,1160297,1364657,204360
RETRIEVE,1923370,2097158,173788
RETRIEVE,895718,1082712,186994
ADD,5290089,6233684,943595
DELETE,5626379,6280561,654182
RETRIEVE,8341097,8546705,205608
RETRIEVE,9695845,9832853,137008
ADD,3413658,4402204,988546
DELETE,6650302,8001320,1351018
RETRIEVE,8603469,8795905,192436
RETRIEVE,7198146,7283488,85342
ADD,4571498,5706914,1135416
DELETE,58687,967735,909048
RETRIEVE,1462065,1635975,173910
ADD,6909953,8258210,1348257
RETRIEVE,4499909,4820141,320232
RETRIEVE,1192628,1408306,215678
RETRIEVE,858452,1103094,244642
DELETE,5867125,6935419,1068294
RETRIEVE,631252,807244,175992
DELETE,4214877,5655223,1440346
RETRIEVE,7938562,8181186,242624
ADD,8680200,9407340,727140
RETRIEVE,975407,1303945,328538
ADD,5757459,6704750,947291
DELETE,6909338,7856388,947050
DELETE,6574741,7412313,837572
RETRIEVE,7627639,7782817,155178
DELETE,6342393,7409113,1066720
RETRIEVE,597944,783576,185632
ADD,2367859,3432429,1064570
DELETE,4604556,5747707,1143151
DELETE,6627114,8012485,1385371
RETRIEVE,7400506,7563244,162738
ADD,6788951,7697813,908862
RETRIEVE,7889414,8192714,303300
RETRIEVE,3523663,3723555,199892
ADD,7193074,8085640,892566
RETRIEVE,9268213,9503865,235652
RETRIEVE,6346601,6549149,202548
RETRIEVE,1170604,1378988,208384
RETRIEVE,3272787,3454679,181892
ADD,2399992,3642783,1242791
RETRIEVE,8909953,9157909,247956
ADD,772263,1809994,1037731
ADD,923752,1885125,961373
RETRIEVE,8252520,8382280,129760
DELETE,1460329,2448569,988240
ADD,5985970,6553650,567680
RETRIEVE,6744416,6961002,216586
ADD,3998834,5462350,1463516
ADD,4363145,5468062,1104917
RETRIEVE,6896749,6967683,70934
RETRIEVE,2462560,2670396,207836
DELETE,2803694,3554949,751255
DELETE,4109810,5562626,1452816
ADD,5174445,5826172,651727
ADD,5326245,6452479,1126234
ADD,7384486,8447518,1063032
ADD,2403646,2851268,447622
RETRIEVE,8804348,9068540,264192
RETRIEVE,9267638,9424612,156974
DELETE,7189874,7606265,416391
RETRIEVE,7486242,7768334,282092
DELETE,518405,1920183,1401778
DELETE,5290451,5911429,620978
RETRIEVE,3955735,4138359,182624
RETRIEVE,4394506,4492800,98294
ADD,4404926,5261824,856898
RETRIEVE,1267661,1503673,236012
ADD,2152222,3064725,912503
ADD,3572573,4353363,780790
RETRIEVE,2310330,2513526,203196
DELETE,5120320,5953686,833366
DELETE,484350,1458286,973936
DELETE,7660445,8183063,522618
DELETE,8746460,9699412,952952
RETRIEVE,1420216,1613184,192968
RETRIEVE,1160694,1376392,215698
RETRIEVE,6546418,6805282,258864
RETRIEVE,9175787,9424397,248610
RETRIEVE,9557212,9789522,232310
DELETE,6447669,7370252,922583
RETRIEVE,5447579,5590775,143196
ADD,5429623,5965804,536181
ADD,5961478,7154769,1193291
RETRIEVE,1042442,1242100,199658
DELETE,7932743,8793097,860354
ADD,3452280,4276465,824185
RETRIEVE,3292496,3518082,225586
ADD,1946051,2592618,646567
ADD,5431555,6518999,1087444
DELETE,6720056,7471330,751274
RETRIEVE,9256063,9535401,279338
DELETE,4496407,5156074,659667
ADD,5195520,6143942,948422
ADD,7882629,9011374,1128745
RETRIEVE,5843123,6088833,245710
DELETE,7842217,8708018,865801
RETRIEVE,160082,181918,21836
RETRIEVE,7052595,7361071,308476
ADD,5732441,6671348,938907
DELETE,82764,947490,864726
DELETE,5267661,6110579,842918
RETRIEVE,2234926,2403418,168492
RETRIEVE,3288796,3496000,207204
ADD,812662,1789970,977308
RETRIEVE,7495550,7701822,206272
DELETE,2614365,3791063,1176698
RETRIEVE,6770519,6964613,194094
DELETE,371734,1147327,775593
RETRIEVE,8643902,8873134,229232
RETRIEVE,3006499,3188283,181784
ADD,5783448,6523086,739638
DELETE,4016945,4318577,301632
ADD,967909,2092976,1125067
RETRIEVE,4502990,4739086,236096
RETRIEVE,8489412,8619854,130442
DELETE,6630993,7645100,1014107
RETRIEVE,7904735,8174907,270172
DELETE,3560515,4646625,1086110
RETRIEVE,5194918,5439996,245078
RETRIEVE,2207839,2366423,158584
DELETE,2012407,2928783,916376
DELETE,2627114,3702959,1075845
RETRIEVE,6895089,7128169,233080
RETRIEVE,8706567,8930051,223484
RETRIEVE,5876245,6055241,178996
RETRIEVE,4571245,4866633,295388
ADD,3890887,4244706,353819
DELETE,4314678,5022409,707731
DELETE,5907135,6830107,922972
ADD,7560515,8449579,889064
RETRIEVE,7884151,8078913,194762
ADD,214877,1448922,1234045
DELETE,5290419,6045677,755258
ADD,2286417,3374964,1088547
RETRIEVE,836034,1117442,281408
DELETE,1040600,2004169,963569
DELETE,5328125,6141109,812984
RETRIEVE,7404382,7660756,256374
ADD,3158854,3933965,775111
ADD,3052586,4286927,1234341
RETRIEVE,4688236,4838868,150632
DELETE,2310724,3159553,848829
DELETE,4524764,5323907,799143
RETRIEVE,5489878,5655890,166012
DELETE,2369965,3372296,1002331
RETRIEVE,3339520,3534558,195038
RETRIEVE,6638134,6840328,202194
RETRIEVE,3970167,4247019,276852
ADD,7331240,8351341,1020101
DELETE,64510,503331,438821
DELETE,1661415,2737380,1075965
RETRIEVE,4282580,4512090,229510
ADD,4962587,6252450,1289863
ADD,7023115,7834506,811391
RETRIEVE,8060592,8202570,141978
DELETE,4715144,5911798,1196654
RETRIEVE,8979745,9138249,158504
RETRIEVE,5938562,6181214,242652
DELETE,6361864,7742019,1380155
RETRIEVE,9488297,9661187,172890
RETRIEVE,7684129,7886351,202222
RETRIEVE,9564293,9720983,156690
RETRIEVE,7885205,8118995,233790
ADD,1357533,2224622,867089
ADD,5792808,6513027,720219
ADD,7001920,8140912,1138992
ADD,3060749,3816331,755582
ADD,5889414,7169809,1280395
DELETE,8715144,9589329,874185
ADD,2491871,3477526,985655
RETRIEVE,277213,405905,128692
RETRIEVE,3347941,3647741,299800
ADD,4130612,4744068,613456
DELETE,4307246,4898800,591554
RETRIEVE,2184511,2481509,296998
DELETE,753293,1515786,762493
RETRIEVE,6932924,7140444,207520
ADD,6110271,7119532,1009261
ADD,7933989,8910575,976586
ADD,2890513,3973028,1082515
ADD,4420400,5704631,1284231
ADD,782787,1628901,846114
RETRIEVE,8719600,9026284,306684
RETRIEVE,6224616,6366804,142188
RETRIEVE,6296029,6525759,229730
RETRIEVE,3674739,3978161,303422
DELETE,3050166,3689794,639628
DELETE,9047235,9894878,847643
DELETE,1605212,2479064,873852
RETRIEVE,4901695,5126651,224956
ADD,6018320,6983195,964875
RETRIEVE,7332699,7534665,201966
RETRIEVE,5549350,5746870,197520
RETRIEVE,7783448,8021166,237718
RETRIEVE,161752,284548,122796
ADD,6277213,7272865,995652
DELETE,3016714,4077643,1060929
DELETE,4125625,5126483,1000858
DELETE,1485889,2437905,952016
DELETE,1904735,3012626,1107891
ADD,6614114,7268333,654219
RETRIEVE,2001629,2204307,202678
ADD,2534648,3351727,817079
DELETE,8045568,9311946,1266378
RETRIEVE,6099079,6308817,209738
DELETE,7929471,8940567,1011096
DELETE,383237,2017859,1634622
ADD,2587710,3575357,987647
RETRIEVE,7892366,7991236,98870
ADD,2887323,4147522,1260199
ADD,8588680,9552091,963411
RETRIEVE,887359,1100975,213616
ADD,2558753,3284726,725973
RETRIEVE,5323117,5504361,181244
ADD,2342393,3145705,803312
DELETE,5852215,6657797,805582
DELETE,6410154,7559105,1148951
RETRIEVE,2326234,2528928,202694
RETRIEVE,2717298,2919528,202230
DELETE,3009122,4207314,1198192
RETRIEVE,1615399,1801497,186098
RETRIEVE,4354412,4625978,271566
RETRIEVE,4309725,4512961,203236
ADD,3064768,3880912,816144
RETRIEVE,2260781,2480503,219722
ADD,3174445,3936021,761576
ADD,5641540,6791723,1150183
RETRIEVE,9209746,9395356,185610
RETRIEVE,6526872,6788760,261888
ADD,2001309,2435970,434661
RETRIEVE,2736935,3002303,265368
ADD,8268138,8945315,677177
ADD,5486242,6538416,1052174
RETRIEVE,804348,996254,191906
ADD,622895,1644876,1021981
DELETE,3114414,4146077,1031663
DELETE,4489412,5343753,854341
ADD,6156823,7235725,1078902
ADD,526026,1854430,1328404
RETRIEVE,7903129,8137617,234488
ADD,574824,1873739,1298915
RETRIEVE,9384486,9511982,127496
DELETE,5674739,7166762,1492023
ADD,38750,1553277,1514527
DELETE,5347941,6546031,1198090
RETRIEVE,3178285,3429817,251532
ADD,5830119,7428183,1598064
RETRIEVE,9516976,9718882,201906
RETRIEVE,1198530,1460390,261860
RETRIEVE,7859094,8115022,255928
DELETE,5212177,5850582,638405
ADD,5300403,5726263,425860
RETRIEVE,4047192,4224854,177662
DELETE,3333913,4440581,1106668
DELETE,2202476,3133397,930921
RETRIEVE,5995054,6252336,257282
ADD,5385299,6278125,892826
RETRIEVE,1401355,1567357,166002
RETRIEVE,3946051,4131567,185516
RETRIEVE,5754108,5927112,173004
DELETE,2589213,3747678,1158465
RETRIEVE,9706346,9876210,169864
ADD,5620175,6698114,1077939
DELETE,6618213,7137347,519134
DELETE,442605,1721592,1278987
ADD,1485936,2404285,918349
RETRIEVE,4429058,4646566,217508
RETRIEVE,1171482,1396222,224740
RETRIEVE,7180985,7329221,148236
ADD,6255147,7119151,864004
DELETE,8646785,9861699,1214914
DELETE,644325,1916567,1272242
DELETE,5622977,7083473,1460496
RETRIEVE,224112,494036,269924
RETRIEVE,7952212,8212480,260268
ADD,3285699,4970979,1685280
DELETE,1285719,1899267,613548
ADD,705917,2187740,1481823
DELETE,2071569,3001341,929772
ADD,47213,1478322,1431109
RETRIEVE,8382599,8508599,126000
ADD,931215,2043182,1111967
RETRIEVE,4391001,4515529,124528
RETRIEVE,1995185,2286059,290874
DELETE,4352155,5067863,715708
ADD,2191124,3279782,1088658
ADD,1591278,2663334,1072056
RETRIEVE,446497,633927,187430
RETRIEVE,623037,868077,245040
RETRIEVE,3604989,3823621,218632
DELETE,3331240,4257742,926502
RETRIEVE,7890887,8057041,166154
RETRIEVE,349335,459675,110340
ADD,642115,1087439,445324
RETRIEVE,3047235,3238961,191726
DELETE,7679152,8608016,928864
ADD,2291542,3292808,1001266
RETRIEVE,5514162,5717062,202900
DELETE,5905280,6833579,928299
DELETE,7570079,8457225,887146
RETRIEVE,1237705,1391681,153976
RETRIEVE,974924,1262194,287270
RETRIEVE,7115717,7342151,226434
DELETE,6410473,7569967,1159494
ADD,2384959,3146081,761122
RETRIEVE,4277213,4491019,213806
ADD,2413131,3193273,780142
ADD,3320209,4507737,1187528
ADD,6113291,7131872,1018581
RETRIEVE,5413658,5614916,201258
DELETE,8650302,9777861,1127559
RETRIEVE,862828,1047890,185062
ADD,3707386,4868177,1160791
DELETE,1384486,2067759,683273
DELETE,1372921,2321028,948107
ADD,3694303,4600062,905759
ADD,3722628,4909146,1186518
ADD,8693252,9291709,598457
ADD,5231103,6408060,1176957
ADD,5862145,6669858,807713
RETRIEVE,6997399,7279927,282528
DELETE,1413839,2297131,883292
ADD,1807078,2864913,1057835
RETRIEVE,9030620,9263238,232618
RETRIEVE,6535646,6840312,304666
RETRIEVE,6666071,6860245,194174
DELETE,3669318,4809014,1139696
RETRIEVE,3289309,3408219,118910
DELETE,682336,1324197,641861
RETRIEVE,3886387,4151487,265100
RETRIEVE,4560024,4656060,96036
RETRIEVE,9304502,9546466,241964
DELETE,8367859,9575463,1207604
ADD,4676624,5566717,890093
ADD,4804348,5577495,773147
DELETE,1270446,2174361,903915
RETRIEVE,1772767,1945119,172352
ADD,5563549,6584206,1020657
RETRIEVE,5061150,5254518,193368
ADD,4430849,5191962,761113
ADD,7671098,8740217,1069119
RETRIEVE,1660661,1884387,223726
DELETE,5060749,5884536,823787
DELETE,8384959,9629278,1244319
ADD,2986939,3982443,995504
ADD,717298,1814118,1096820
RETRIEVE,481793,721233,239440
RETRIEVE,4019254,4282656,263402
RETRIEVE,4183834,4423628,239794
RETRIEVE,4651145,4792763,141618
DELETE,962587,1682593,720006
RETRIEVE,8753682,8991836,238154
DELETE,3839780,4980986,1141206
RETRIEVE,5580941,5806281,225340
RETRIEVE,2512554,2697966,185412
ADD,1551752,2466738,914986
ADD,1026708,2165079,1138371
DELETE,7525753,7970169,444416
DELETE,4630649,5565934,935285
ADD,3144311,3987108,842797
ADD,7048567,7753324,704757
ADD,901695,1808056,906361
RETRIEVE,6204005,6394457,190452
RETRIEVE,8423673,8587009,163336
ADD,8443403,9658113,1214710
RETRIEVE,8898976,9085356,186380
RETRIEVE,9457218,9715166,257948
ADD,5263098,5952948,689850
DELETE,4491975,5212704,720729
ADD,8763040,9409385,646345
DELETE,7855052,8663969,808917
RETRIEVE,1005755,1245489,239734
RETRIEVE,8862645,9086785,224140
ADD,5855052,6576596,721544
ADD,2899134,3316313,417179
DELETE,8736372,9588786,852414
DELETE,6429058,6948924,519866
ADD,8546418,9447470,901052
RETRIEVE,3171482,3299682,128200
DELETE,4719600,6087266,1367666
ADD,8227276,9452955,1225679
RETRIEVE,4908857,5190545,281688
ADD,2997399,3713959,716560
DELETE,5740212,6239585,499373
DELETE,4559990,5537808,977818
DELETE,5622476,6448959,826483
RETRIEVE,2741595,2995189,253594
ADD,6997297,7921520,924223
DELETE,1622476,2467441,844965
DELETE,1039382,1900384,861002
RETRIEVE,6259351,6452713,193362
RETRIEVE,7428946,7637898,208952
ADD,142168,1186023,1043855
ADD,7879060,9382775,1503715
ADD,2157261,2935865,778604
DELETE,1779099,2717172,938073
ADD,6451712,7570164,1118452
DELETE,752327,1529449,777122
RETRIEVE,6135243,6355261,220018
DELETE,7405682,8495025,1089343
DELETE,4640454,5455523,815069
RETRIEVE,5040600,5305478,264878
RETRIEVE,873107,1114447,241340
ADD,3145773,4122905,977132
ADD,8361864,9216474,854610
DELETE,7912258,8742048,829790
ADD,5818605,6622686,804081
ADD,7543129,8351991,808862
ADD,5111110,5865497,754387
DELETE,533382,1384573,851191
RETRIEVE,3340335,3484575,144240
ADD,7889499,8681879,792380
DELETE,5370465,6432024,1061559
RETRIEVE,9550169,9658615,108446
ADD,454605,1241603,786998
RETRIEVE,4186735,4360017,173282
DELETE,7133195,8178977,1045782
RETRIEVE,3889499,4040679,151180
DELETE,6081465,7009218,927753
DELETE,1151926,2073675,921749
RETRIEVE,2895803,3080017,184214
RETRIEVE,7549279,7732471,183192
ADD,8943081,9892383,949302
RETRIEVE,5046688,5258726,212038
RETRIEVE,3600990,3846306,245316
RETRIEVE,4224112,4529594,305482
DELETE,5630022,6473134,843112
RETRIEVE,5146067,5273213,127146
DELETE,6440733,7304181,863448
ADD,7010334,8107793,1097459
RETRIEVE,9035325,9274895,239570
RETRIEVE,4151458,4364778,213320
RETRIEVE,6653026,6918054,265028
DELETE,7160297,7851843,691546
ADD,7916409,8672723,756314
RETRIEVE,6175088,6388744,213656
RETRIEVE,4452038,4694000,241962
DELETE,571498,1648788,1077290
RETRIEVE,3365853,3573847,207994
DELETE,5557720,6731351,1173631
RETRIEVE,7052002,7259414,207412
RETRIEVE,1097063,1358395,261332
ADD,562663,1490555,927892
ADD,8705822,9399832,694010
RETRIEVE,4698405,4946717,248312
RETRIEVE,7241232,7481376,240144
ADD,4745552,5543037,797485
ADD,6858452,7700684,842232
DELETE,8932769,9593038,660269
DELETE,6451553,7483364,1031811
RETRIEVE,7621056,7889402,268346
RETRIEVE,430849,640915,210066
RETRIEVE,9593534,9756022,162488
DELETE,6788542,7305184,516642
RETRIEVE,3772521,4125753,353232
DELETE,1061319,2201543,1140224
RETRIEVE,2815003,2984055,169052
ADD,5277531,6208600,931069
RETRIEVE,1441154,1614026,172872
ADD,4775042,5808567,1033525
ADD,2629059,3160589,531530
ADD,3885260,4961920,1076660
ADD,8763342,9814877,1051535
ADD,7080458,8367792,1287334
RETRIEVE,1134124,1312444,178320
DELETE,7933027,8742426,809399
DELETE,7451736,8151574,699838
DELETE,4955864,5651986,696122
DELETE,9041530,9777026,735496
RETRIEVE,948599,1089631,141032
DELETE,3511976,4061164,549188
ADD,3539088,4269016,729928
RETRIEVE,9376282,9573774,197492
DELETE,6986939,7868323,881384
RETRIEVE,4577097,4711121,134024
ADD,5140474,6053098,912624
RETRIEVE,1889499,2133929,244430
DELETE,1317088,2872471,1555383
ADD,4267526,5058702,791176
RETRIEVE,2545342,2741992,196650
ADD,707368,1534657,827289
ADD,2901845,3454730,552885
RETRIEVE,7890294,8123012,232718
RETRIEVE,6852812,7154716,301904
DELETE,6525813,7600203,1074390
DELETE,6619506,7702318,1082812
DELETE,6059663,6803887,744224
RETRIEVE,6389411,6615279,225868
DELETE,5564293,6717181,1152888
RETRIEVE,6423673,6718485,294812
RETRIEVE,5459058,5631736,172678
DELETE,5435276,6165797,730521
DELETE,1035936,1933338,897402
ADD,1516976,2298230,781254
DELETE,4281175,5734917,1453742
RETRIEVE,4502545,4762293,259748
RETRIEVE,5972453,6163265,190812
RETRIEVE,1413658,1561584,147926
RETRIEVE,6444625,6617863,173238
RETRIEVE,8460842,8628564,167722
RETRIEVE,1876245,2135779,259534
RETRIEVE,2976687,3226011,249324
ADD,1111110,2103945,992835
DELETE,1914595,2894923,980328
DELETE,1144311,2195633,1051322
ADD,6310330,7206787,896457
ADD,3622977,4676346,1053369
DELETE,322831,1214248,891417
RETRIEVE,9585339,9831449,246110
ADD,8599346,9412025,812679
ADD,1888196,2650328,762132
ADD,7906165,8846406,940241
DELETE,4197262,5165510,968248
ADD,6908857,8092587,1183730
RETRIEVE,1459058,1683042,223984
RETRIEVE,9484104,9680376,196272
ADD,8523657,9824879,1301222
RETRIEVE,7209746,7378994,169248
RETRIEVE,611515,843945,232430
ADD,4382599,5136458,753859
ADD,2686911,3558734,871823
DELETE,2673418,3599753,926335
